# 1st line: number of mesh points
# abcissa wavefunction wavefunction_1st wavefunction_2nd
1000
# Principal QN=   3 , l=   1 , Occupation=   5.0000
  2.462477732966E-006  3.720009567590E-004  1.510598067270E+002 -6.446684579015E+003
  9.849959442330E-006  1.487776620139E-003  1.510121891510E+002 -6.444738574219E+003
  2.216259066178E-005  3.346645582676E-003  1.509328574213E+002 -6.441496765468E+003
  3.940061395432E-005  5.947472875572E-003  1.508218578455E+002 -6.436961449544E+003
  6.156436892224E-005  9.288671032917E-003  1.506792551797E+002 -6.431135837785E+003
  8.865429222131E-005  1.336820157928E-002  1.505051325534E+002 -6.424024051941E+003
  1.206709175794E-004  1.818357693830E-002  1.502995913741E+002 -6.415631118848E+003
  1.576148758184E-004  2.373186275917E-002  1.500627512101E+002 -6.405962963951E+003
  1.994868948811E-004  3.000968065740E-002  1.497947496534E+002 -6.395026403666E+003
  2.462877998613E-004  3.701321136552E-002  1.494957421616E+002 -6.382829136611E+003
  2.980185130383E-004  4.473819828865E-002  1.491659018795E+002 -6.369379733709E+003
  3.546800539158E-004  5.317995145955E-002  1.488054194416E+002 -6.354687627194E+003
  4.162735392647E-004  6.233335188664E-002  1.484145027537E+002 -6.338763098522E+003
  4.828001831694E-004  7.219285628835E-002  1.479933767567E+002 -6.321617265225E+003
  5.542612970792E-004  8.275250220640E-002  1.475422831708E+002 -6.303262066724E+003
  6.306582898628E-004  9.400591348984E-002  1.470614802216E+002 -6.283710249126E+003
  7.119926678676E-004  1.059463061415E-001  1.465512423486E+002 -6.262975349026E+003
  7.982660349828E-004  1.185664945178E-001  1.460118598960E+002 -6.241071676360E+003
  8.894800927067E-004  1.318588978717E-001  1.454436387871E+002 -6.218014296319E+003
  9.856366402179E-004  1.458155472303E-001  1.448469001820E+002 -6.193819010366E+003
  1.086737574451E-003  1.604280925941E-001  1.442219801204E+002 -6.168502336392E+003
  1.192784890174E-003  1.756878104493E-001  1.435692291487E+002 -6.142081488034E+003
  1.303780680078E-003  1.915856115801E-001  1.428890119331E+002 -6.114574353206E+003
  1.419727134858E-003  2.081120491704E-001  1.421817068587E+002 -6.085999471863E+003
  1.540626543307E-003  2.252573271810E-001  1.414477056162E+002 -6.056376013056E+003
  1.666481292416E-003  2.430113089915E-001  1.406874127756E+002 -6.025723751301E+003
  1.797293867468E-003  2.613635262934E-001  1.399012453485E+002 -5.994063042309E+003
  1.933066852148E-003  2.803031882206E-001  1.390896323400E+002 -5.961414798120E+003
  2.073802928647E-003  2.998191907046E-001  1.382530142898E+002 -5.927800461681E+003
  2.219504877777E-003  3.199001260408E-001  1.373918428042E+002 -5.893241980913E+003
  2.370175579090E-003  3.405342926514E-001  1.365065800804E+002 -5.857761782311E+003
  2.525818010992E-003  3.617097050312E-001  1.355976984211E+002 -5.821382744116E+003
  2.686435250879E-003  3.834141038621E-001  1.346656797443E+002 -5.784128169113E+003
  2.852030475254E-003  4.056349662822E-001  1.337110150854E+002 -5.746021757092E+003
  3.022606959872E-003  4.283595162944E-001  1.327342040949E+002 -5.707087577025E+003
  3.198168079872E-003  4.515747353008E-001  1.317357545304E+002 -5.667350039001E+003
  3.378717309917E-003  4.752673727480E-001  1.307161817463E+002 -5.626833865962E+003
  3.564258224347E-003  4.994239568687E-001  1.296760081796E+002 -5.585564065294E+003
  3.754794497325E-003  5.240308055050E-001  1.286157628335E+002 -5.543565900313E+003
  3.950329902993E-003  5.490740370004E-001  1.275359807605E+002 -5.500864861694E+003
  4.150868315631E-003  5.745395811433E-001  1.264372025442E+002 -5.457486638887E+003
  4.356413709820E-003  6.004131901508E-001  1.253199737818E+002 -5.413457091572E+003
  4.566970160612E-003  6.266804496772E-001  1.241848445675E+002 -5.368802221187E+003
  4.782541843700E-003  6.533267898329E-001  1.230323689777E+002 -5.323548142582E+003
  5.003133035593E-003  6.803374962010E-001  1.218631045591E+002 -5.277721055843E+003
  5.228748113801E-003  7.076977208379E-001  1.206776118197E+002 -5.231347218322E+003
  5.459391557015E-003  7.353924932440E-001  1.194764537246E+002 -5.184452916922E+003
  5.695067945303E-003  7.634067312921E-001  1.182601951957E+002 -5.137064440682E+003
  5.935781960296E-003  7.917252521010E-001  1.170294026174E+002 -5.089208053688E+003
  6.181538385392E-003  8.203327828409E-001  1.157846433488E+002 -5.040909968369E+003
  6.432342105956E-003  8.492139714597E-001  1.145264852426E+002 -4.992196319200E+003
  6.688198109528E-003  8.783533973183E-001  1.132554961708E+002 -4.943093136863E+003
  6.949111486034E-003  9.077355817227E-001  1.119722435595E+002 -4.893626322889E+003
  7.215087428003E-003  9.373449983432E-001  1.106772939321E+002 -4.843821624835E+003
  7.486131230784E-003  9.671660835094E-001  1.093712124618E+002 -4.793704612005E+003
  7.762248292776E-003  9.971832463712E-001  1.080545625337E+002 -4.743300651772E+003
  8.043444115654E-003  1.027380878916E+000  1.067279053176E+002 -4.692634886512E+003
  8.329724304602E-003  1.057743365834E+000  1.053917993520E+002 -4.641732211197E+003
  8.621094568555E-003  1.088255094219E+000  1.040468001385E+002 -4.590617251662E+003
  8.917560720438E-003  1.118900463104E+000  1.026934597487E+002 -4.539314343577E+003
  9.219128677417E-003  1.149663892815E+000  1.013323264436E+002 -4.487847512147E+003
  9.525804461149E-003  1.180529834143E+000  9.996394430446E+001 -4.436240452576E+003
  9.837594198038E-003  1.211482777322E+000  9.858885287777E+001 -4.384516511290E+003
  1.015450411950E-002  1.242507260809E+000  9.720758683275E+001 -4.332698667969E+003
  1.047654056222E-002  1.273587879864E+000  9.582067563270E+001 -4.280809518383E+003
  1.080370996845E-002  1.304709294920E+000  9.442864322004E+001 -4.228871258060E+003
  1.113601888623E-002  1.335856239731E+000  9.303200771547E+001 -4.176905666801E+003
  1.147347396972E-002  1.367013529319E+000  9.163128113126E+001 -4.124934094047E+003
  1.181608197948E-002  1.398166067683E+000  9.022696909903E+001 -4.072977445117E+003
  1.216384978272E-002  1.429298855291E+000  8.881957061201E+001 -4.021056168326E+003
  1.251678435364E-002  1.460396996349E+000  8.740957778194E+001 -3.969190242977E+003
  1.287489277369E-002  1.491445705829E+000  8.599747561068E+001 -3.917399168261E+003
  1.323818223191E-002  1.522430316276E+000  8.458374177655E+001 -3.865701953036E+003
  1.360666002522E-002  1.553336284377E+000  8.316884643549E+001 -3.814117106510E+003
  1.398033355872E-002  1.584149197301E+000  8.175325203686E+001 -3.762662629823E+003
  1.435921034603E-002  1.614854778800E+000  8.033741315403E+001 -3.711356008520E+003
  1.474329800963E-002  1.645438895083E+000  7.892177632953E+001 -3.660214205925E+003
  1.513260428113E-002  1.675887560456E+000  7.750677993472E+001 -3.609253657393E+003
  1.552713700165E-002  1.706186942723E+000  7.609285404386E+001 -3.558490265457E+003
  1.592690412217E-002  1.736323368373E+000  7.468042032234E+001 -3.507939395839E+003
  1.633191370382E-002  1.766283327520E+000  7.326989192904E+001 -3.457615874334E+003
  1.674217391826E-002  1.796053478634E+000  7.186167343243E+001 -3.407533984546E+003
  1.715769304806E-002  1.825620653038E+000  7.045616074028E+001 -3.357707466463E+003
  1.757847948698E-002  1.854971859194E+000  6.905374104271E+001 -3.308149515868E+003
  1.800454174044E-002  1.884094286760E+000  6.765479276831E+001 -3.258872784553E+003
  1.843588842578E-002  1.912975310450E+000  6.625968555295E+001 -3.209889381340E+003
  1.887252827273E-002  1.941602493671E+000  6.486878022103E+001 -3.161210873873E+003
  1.931447012370E-002  1.969963591965E+000  6.348242877889E+001 -3.112848291174E+003
  1.976172293425E-002  1.998046556247E+000  6.210097441980E+001 -3.064812126937E+003
  2.021429577341E-002  2.025839535848E+000  6.072475154044E+001 -3.017112343539E+003
  2.067219782411E-002  2.053330881370E+000  5.935408576822E+001 -2.969758376750E+003
  2.113543838356E-002  2.080509147352E+000  5.798929399921E+001 -2.922759141113E+003
  2.160402686371E-002  2.107363094761E+000  5.663068444618E+001 -2.876123035971E+003
  2.207797279156E-002  2.133881693309E+000  5.527855669631E+001 -2.829857952123E+003
  2.255728580967E-002  2.160054123596E+000  5.393320177817E+001 -2.783971279068E+003
  2.304197567655E-002  2.185869779099E+000  5.259490223751E+001 -2.738469912827E+003
  2.353205226706E-002  2.211318267998E+000  5.126393222132E+001 -2.693360264306E+003
  2.402752557287E-002  2.236389414856E+000  4.994055756986E+001 -2.648648268174E+003
  2.452840570292E-002  2.261073262151E+000  4.862503591593E+001 -2.604339392224E+003
  2.503470288379E-002  2.285360071673E+000  4.731761679125E+001 -2.560438647202E+003
  2.554642746023E-002  2.309240325788E+000  4.601854173905E+001 -2.516950597054E+003
  2.606358989558E-002  2.332704728573E+000  4.472804443281E+001 -2.473879369583E+003
  2.658620077221E-002  2.355744206839E+000  4.344635080029E+001 -2.431228667464E+003
  2.711427079202E-002  2.378349911029E+000  4.217367915265E+001 -2.389001779611E+003
  2.764781077690E-002  2.400513216021E+000  4.091024031805E+001 -2.347201592845E+003
  2.818683166921E-002  2.422225721814E+000  3.965623777916E+001 -2.305830603846E+003
  2.873134453224E-002  2.443479254136E+000  3.841186781438E+001 -2.264890931358E+003
  2.928136055074E-002  2.464265864946E+000  3.717731964195E+001 -2.224384328607E+003
  2.983689103139E-002  2.484577832857E+000  3.595277556682E+001 -2.184312195913E+003
  3.039794740329E-002  2.504407663486E+000  3.473841112953E+001 -2.144675593470E+003
  3.096454121851E-002  2.523748089716E+000  3.353439525687E+001 -2.105475254245E+003
  3.153668415253E-002  2.542592071906E+000  3.234089041375E+001 -2.066711596993E+003
  3.211438800486E-002  2.560932798021E+000  3.115805275596E+001 -2.028384739339E+003
  3.269766469947E-002  2.578763683715E+000  2.998603228324E+001 -1.990494510911E+003
  3.328652628537E-002  2.596078372353E+000  2.882497299242E+001 -1.953040466491E+003
  3.388098493714E-002  2.612870734983E+000  2.767501303013E+001 -1.916021899161E+003
  3.448105295547E-002  2.629134870268E+000  2.653628484476E+001 -1.879437853418E+003
  3.508674276771E-002  2.644865104364E+000  2.540891533728E+001 -1.843287138223E+003
  3.569806692844E-002  2.660055990771E+000  2.429302601049E+001 -1.807568339976E+003
  3.631503812000E-002  2.674702310145E+000  2.318873311657E+001 -1.772279835377E+003
  3.693766915309E-002  2.688799070071E+000  2.209614780236E+001 -1.737419804164E+003
  3.756597296732E-002  2.702341504817E+000  2.101537625223E+001 -1.702986241692E+003
  3.819996263183E-002  2.715325075057E+000  1.994651982823E+001 -1.668976971341E+003
  3.883965134583E-002  2.727745467567E+000  1.888967520719E+001 -1.635389656728E+003
  3.948505243923E-002  2.739598594901E+000  1.784493451456E+001 -1.602221813712E+003
  4.013617937323E-002  2.750880595049E+000  1.681238545479E+001 -1.569470822155E+003
  4.079304574093E-002  2.761587831075E+000  1.579211143793E+001 -1.537133937442E+003
  4.145566526792E-002  2.771716890731E+000  1.478419170235E+001 -1.505208301731E+003
  4.212405181296E-002  2.781264586066E+000  1.378870143344E+001 -1.473690954919E+003
  4.279821936853E-002  2.790227953009E+000  1.280571187789E+001 -1.442578845317E+003
  4.347818206155E-002  2.798604250945E+000  1.183529045374E+001 -1.411868840008E+003
  4.416395415396E-002  2.806390962267E+000  1.087750085582E+001 -1.381557734883E+003
  4.485555004336E-002  2.813585791924E+000  9.932403156608E+000 -1.351642264350E+003
  4.555298426375E-002  2.820186666943E+000  9.000053902356E+000 -1.322119110690E+003
  4.625627148608E-002  2.826191735947E+000  8.080506204434E+000 -1.292984913060E+003
  4.696542651902E-002  2.831599368644E+000  7.173809825872E+000 -1.264236276144E+003
  4.768046430958E-002  2.836408155310E+000  6.280011263012E+000 -1.235869778423E+003
  4.840139994379E-002  2.840616906249E+000  5.399153822294E+000 -1.207881980074E+003
  4.912824864743E-002  2.844224651235E+000  4.531277692165E+000 -1.180269430497E+003
  4.986102578670E-002  2.847230638931E+000  3.676420010121E+000 -1.153028675443E+003
  5.059974686895E-002  2.849634336288E+000  2.834614924927E+000 -1.126156263771E+003
  5.134442754336E-002  2.851435427921E+000  2.005893654058E+000 -1.099648753806E+003
  5.209508360169E-002  2.852633815454E+000  1.190284536429E+000 -1.073502719310E+003
  5.285173097899E-002  2.853229616845E+000  3.878130804802E-001 -1.047714755068E+003
  5.361438575437E-002  2.853223165671E+000 -4.014979922661E-001 -1.022281482078E+003
  5.438306415168E-002  2.852615010387E+000 -1.177628708098E+000 -9.971995523638E+002
  5.515778254035E-002  2.851405913551E+000 -1.940561806320E+000 -9.724656533933E+002
  5.593855743605E-002  2.849596851004E+000 -2.690282708646E+000 -9.480765121262E+002
  5.672540550155E-002  2.847189011021E+000 -3.426779492643E+000 -9.240288986816E+002
  5.751834354743E-002  2.844183793406E+000 -4.150042869068E+000 -9.003196296364E+002
  5.831738853289E-002  2.840582808557E+000 -4.860066162935E+000 -8.769455709598E+002
  5.912255756656E-002  2.836387876467E+000 -5.556845298148E+000 -8.539036405904E+002
  5.993386790726E-002  2.831601025690E+000 -6.240378785508E+000 -8.311908106637E+002
  6.075133696481E-002  2.826224492238E+000 -6.910667713928E+000 -8.088041093980E+002
  6.157498230090E-002  2.820260718439E+000 -7.567715744633E+000 -7.867406226474E+002
  6.240482162984E-002  2.813712351718E+000 -8.211529108172E+000 -7.649974951320E+002
  6.324087281946E-002  2.806582243332E+000 -8.842116604023E+000 -7.435719313538E+002
  6.408315389190E-002  2.798873447031E+000 -9.459489602577E+000 -7.224611962108E+002
  6.493168302447E-002  2.790589217657E+000 -1.006366204931E+001 -7.016626153174E+002
  6.578647855056E-002  2.781733009675E+000 -1.065465047087E+001 -6.811735750460E+002
  6.664755896041E-002  2.772308475625E+000 -1.123247398299E+001 -6.609915222977E+002
  6.751494290207E-002  2.762319464512E+000 -1.179715429979E+001 -6.411139640173E+002
  6.838864918226E-002  2.751770020108E+000 -1.234871574447E+001 -6.215384664635E+002
  6.926869676725E-002  2.740664379186E+000 -1.288718526108E+001 -6.022626542461E+002
  7.015510478375E-002  2.729006969666E+000 -1.341259242706E+001 -5.832842091459E+002
  7.104789251987E-002  2.716802408687E+000 -1.392496946650E+001 -5.646008687263E+002
  7.194707942599E-002  2.704055500588E+000 -1.442435126380E+001 -5.462104247541E+002
  7.285268511573E-002  2.690771234805E+000 -1.491077537751E+001 -5.281107214388E+002
  7.376472936684E-002  2.676954783693E+000 -1.538428205416E+001 -5.102996535068E+002
  7.468323212221E-002  2.662611500241E+000 -1.584491424195E+001 -4.927751641224E+002
  7.560821349078E-002  2.647746915717E+000 -1.629271760393E+001 -4.755352426683E+002
  7.653969374850E-002  2.632366737209E+000 -1.672774053062E+001 -4.585779224012E+002
  7.747769333938E-002  2.616476845089E+000 -1.715003415188E+001 -4.419012779932E+002
  7.842223287637E-002  2.600083290375E+000 -1.755965234766E+001 -4.255034229738E+002
  7.937333314243E-002  2.583192292007E+000 -1.795665175774E+001 -4.093825070848E+002
  8.033101509154E-002  2.565810234038E+000 -1.834109179001E+001 -3.935367135608E+002
  8.129529984966E-002  2.547943662720E+000 -1.871303462737E+001 -3.779642563482E+002
  8.226620871580E-002  2.529599283517E+000 -1.907254523284E+001 -3.626633772750E+002
  8.324376316303E-002  2.510783958013E+000 -1.941969135303E+001 -3.476323431833E+002
  8.422798483957E-002  2.491504700737E+000 -1.975454351954E+001 -3.328694430362E+002
  8.521889556978E-002  2.471768675906E+000 -2.007717504835E+001 -3.183729850108E+002
  8.621651735528E-002  2.451583194066E+000 -2.038766203704E+001 -3.041412935886E+002
  8.722087237602E-002  2.430955708663E+000 -2.068608335969E+001 -2.901727066535E+002
  8.823198299134E-002  2.409893812519E+000 -2.097252065936E+001 -2.764655726080E+002
  8.924987174107E-002  2.388405234229E+000 -2.124705833815E+001 -2.630182475181E+002
  9.027456134670E-002  2.366497834479E+000 -2.150978354459E+001 -2.498290922955E+002
  9.130607471240E-002  2.344179602282E+000 -2.176078615848E+001 -2.368964699273E+002
  9.234443492626E-002  2.321458651140E+000 -2.200015877297E+001 -2.242187427609E+002
  9.338966526132E-002  2.298343215132E+000 -2.222799667391E+001 -2.117942698529E+002
  9.444178917683E-002  2.274841644930E+000 -2.244439781635E+001 -1.996214043901E+002
  9.550083031933E-002  2.250962403747E+000 -2.264946279832E+001 -1.876984911885E+002
  9.656681252387E-002  2.226714063217E+000 -2.284329483161E+001 -1.760238642792E+002
  9.763975981519E-002  2.202105299220E+000 -2.302599970981E+001 -1.645958445853E+002
  9.871969640891E-002  2.177144887637E+000 -2.319768577341E+001 -1.534127376974E+002
  9.980664671274E-002  2.151841700059E+000 -2.335846387207E+001 -1.424728317519E+002
  1.009006353277E-001  2.126204699437E+000 -2.350844732404E+001 -1.317743954178E+002
  1.020016870494E-001  2.100242935687E+000 -2.364775187274E+001 -1.213156759956E+002
  1.031098268692E-001  2.073965541248E+000 -2.377649564055E+001 -1.110948976322E+002
  1.042250799756E-001  2.047381726601E+000 -2.389479907991E+001 -1.011102596560E+002
  1.053474717553E-001  2.020500775747E+000 -2.400278492169E+001 -9.135993503411E+001
  1.064770277946E-001  1.993332041657E+000 -2.410057812087E+001 -8.184206895452E+001
  1.076137738809E-001  1.965884941686E+000 -2.418830579975E+001 -7.255477753513E+001
  1.087577360036E-001  1.938168952970E+000 -2.426609718857E+001 -6.349614666097E+001
  1.099089403557E-001  1.910193607795E+000 -2.433408356382E+001 -5.466423095086E+001
  1.110674133350E-001  1.881968488954E+000 -2.439239818409E+001 -4.605705285378E+001
  1.122331815458E-001  1.853503225086E+000 -2.444117622380E+001 -3.767260187536E+001
  1.134062717995E-001  1.824807486018E+000 -2.448055470470E+001 -2.950883393407E+001
  1.145867111168E-001  1.795890978087E+000 -2.451067242543E+001 -2.156367084649E+001
  1.157745267286E-001  1.766763439478E+000 -2.453166988905E+001 -1.383499994053E+001
  1.169697460775E-001  1.737434635557E+000 -2.454368922885E+001 -6.320673795226E+000
  1.181723968193E-001  1.707914354215E+000 -2.454687413241E+001  9.814898946610E-001
  1.193825068243E-001  1.678212401229E+000 -2.454136976412E+001  8.073708331506E+000
  1.206001041787E-001  1.648338595635E+000 -2.452732268623E+001  1.495823350747E+001
  1.218252171865E-001  1.618302765125E+000 -2.450488077858E+001  2.163735197979E+001
  1.230578743703E-001  1.588114741472E+000 -2.447419315716E+001  2.811338453172E+001
  1.242981044731E-001  1.557784355979E+000 -2.443541009161E+001  3.438868572244E+001
  1.255459364600E-001  1.527321434968E+000 -2.438868292178E+001  4.046564332966E+001
  1.268013995194E-001  1.496735795301E+000 -2.433416397348E+001  4.634667768842E+001
  1.280645230647E-001  1.466037239947E+000 -2.427200647363E+001  5.203424093044E+001
  1.293353367356E-001  1.435235553591E+000 -2.420236446486E+001  5.753081612808E+001
  1.306138704000E-001  1.404340498289E+000 -2.412539271971E+001  6.283891634720E+001
  1.319001541553E-001  1.373361809185E+000 -2.404124665459E+001  6.796108361377E+001
  1.331942183303E-001  1.342309190271E+000 -2.395008224367E+001  7.289988779856E+001
  1.344960934863E-001  1.311192310213E+000 -2.385205593269E+001  7.765792542498E+001
  1.358058104191E-001  1.280020798241E+000 -2.374732455303E+001  8.223781840482E+001
  1.371234001607E-001  1.248804240094E+000 -2.363604523595E+001  8.664221270702E+001
  1.384488939805E-001  1.217552174045E+000 -2.351837532733E+001  9.087377696429E+001
  1.397823233874E-001  1.186274086985E+000 -2.339447230287E+001  9.493520102290E+001
  1.411237201313E-001  1.154979410587E+000 -2.326449368394E+001  9.882919444064E+001
  1.424731162050E-001  1.123677517547E+000 -2.312859695426E+001  1.025584849381E+002
  1.438305438454E-001  1.092377717894E+000 -2.298693947740E+001  1.061258168083E+002
  1.451960355357E-001  1.061089255387E+000 -2.283967841528E+001  1.095339492903E+002
  1.465696240072E-001  1.029821303992E+000 -2.268697064779E+001  1.127856549104E+002
  1.479513422405E-001  9.985829644426E-001 -2.252897269358E+001  1.158837177985E+002
  1.493412234681E-001  9.673832608853E-001 -2.236584063221E+001  1.188309319814E+002
  1.507393011753E-001  9.362311376115E-001 -2.219773002760E+001  1.216300996607E+002
  1.521456091027E-001  9.051354558779E-001 -2.202479585306E+001  1.242840294787E+002
  1.535601812478E-001  8.741049908169E-001 -2.184719241779E+001  1.267955347764E+002
  1.549830518669E-001  8.431484284361E-001 -2.166507329511E+001  1.291674318504E+002
  1.564142554766E-001  8.122743627101E-001 -2.147859125235E+001  1.314025382099E+002
  1.578538268564E-001  7.814912927635E-001 -2.128789818258E+001  1.335036708417E+002
  1.593018010499E-001  7.508076201472E-001 -2.109314503812E+001  1.354736444839E+002
  1.607582133673E-001  7.202316462075E-001 -2.089448176601E+001  1.373152699154E+002
  1.622230993867E-001  6.897715695478E-001 -2.069205724545E+001  1.390313522620E+002
  1.636964949568E-001  6.594354835855E-001 -2.048601922720E+001  1.406246893260E+002
  1.651784361984E-001  6.292313742005E-001 -2.027651427509E+001  1.420980699395E+002
  1.666689595063E-001  5.991671174787E-001 -2.006368770959E+001  1.434542723478E+002
  1.681681015517E-001  5.692504775480E-001 -1.984768355347E+001  1.446960626236E+002
  1.696758992842E-001  5.394891045069E-001 -1.962864447966E+001  1.458261931163E+002
  1.711923899335E-001  5.098905324465E-001 -1.940671176128E+001  1.468474009387E+002
  1.727176110118E-001  4.804621775629E-001 -1.918202522377E+001  1.477624064941E+002
  1.742516003158E-001  4.512113363621E-001 -1.895472319935E+001  1.485739120452E+002
  1.757943959287E-001  4.221451839541E-001 -1.872494248354E+001  1.492846003283E+002
  1.773460362227E-001  3.932707724370E-001 -1.849281829401E+001  1.498971332136E+002
  1.789065598608E-001  3.645950293693E-001 -1.825848423151E+001  1.504141504143E+002
  1.804760057990E-001  3.361247563295E-001 -1.802207224313E+001  1.508382682449E+002
  1.820544132889E-001  3.078666275620E-001 -1.778371258760E+001  1.511720784324E+002
  1.836418218792E-001  2.798271887073E-001 -1.754353380285E+001  1.514181469784E+002
  1.852382714189E-001  2.520128556168E-001 -1.730166267571E+001  1.515790130760E+002
  1.868438020586E-001  2.244299132489E-001 -1.705822421364E+001  1.516571880808E+002
  1.884584542535E-001  1.970845146461E-001 -1.681334161870E+001  1.516551545370E+002
  1.900822687655E-001  1.699826799917E-001 -1.656713626346E+001  1.515753652595E+002
  1.917152866652E-001  1.431302957440E-001 -1.631972766897E+001  1.514202424715E+002
  1.933575493349E-001  1.165331138462E-001 -1.607123348478E+001  1.511921769986E+002
  1.950090984705E-001  9.019675101158E-002 -1.582176947085E+001  1.508935275189E+002
  1.966699760840E-001  6.412668808120E-002 -1.557144948135E+001  1.505266198692E+002
  1.983402245061E-001  3.832826945268E-002 -1.532038545040E+001  1.500937464067E+002
  2.000198863884E-001  1.280670257871E-002 -1.506868737959E+001  1.495971654260E+002
  2.017090047061E-001 -1.243294246676E-002 -1.481646332723E+001  1.490391006310E+002
  2.034076227605E-001 -3.738573335621E-002 -1.456381939936E+001  1.484217406603E+002
  2.051157841813E-001 -6.204687581185E-002 -1.431085974244E+001  1.477472386662E+002
  2.068335329293E-001 -8.641171384631E-002 -1.405768653757E+001  1.470177119457E+002
  2.085609132993E-001 -1.104757299423E-001 -1.380439999636E+001  1.462352416222E+002
  2.102979699219E-001 -1.342345451734E-001 -1.355109835826E+001  1.454018723780E+002
  2.120447477670E-001 -1.576839192665E-001 -1.329787788925E+001  1.445196122352E+002
  2.138012921459E-001 -1.808197506094E-001 -1.304483288210E+001  1.435904323837E+002
  2.155676487143E-001 -2.036380762034E-001 -1.279205565775E+001  1.426162670556E+002
  2.173438634747E-001 -2.261350715637E-001 -1.253963656808E+001  1.415990134444E+002
  2.191299827795E-001 -2.483070505686E-001 -1.228766399988E+001  1.405405316665E+002
  2.209260533334E-001 -2.701504652593E-001 -1.203622437992E+001  1.394426447649E+002
  2.227321221965E-001 -2.916619055921E-001 -1.178540218115E+001  1.383071387525E+002
  2.245482367870E-001 -3.128380991434E-001 -1.153527992994E+001  1.371357626933E+002
  2.263744448840E-001 -3.336759107708E-001 -1.128593821427E+001  1.359302288202E+002
  2.282107946304E-001 -3.541723422297E-001 -1.103745569287E+001  1.346922126878E+002
  2.300573345358E-001 -3.743245317482E-001 -1.078990910521E+001  1.334233533580E+002
  2.319141134796E-001 -3.941297535614E-001 -1.054337328233E+001  1.321252536165E+002
  2.337811807137E-001 -4.135854174050E-001 -1.029792115836E+001  1.307994802194E+002
  2.356585858657E-001 -4.326890679722E-001 -1.005362378287E+001  1.294475641667E+002
  2.375463789419E-001 -4.514383843318E-001 -9.810550333750E+000  1.280710010027E+002
  2.394446103301E-001 -4.698311793113E-001 -9.568768130800E+000  1.266712511394E+002
  2.413533308032E-001 -4.878653988447E-001 -9.328342649814E+000  1.252497402035E+002
  2.432725915217E-001 -5.055391212864E-001 -9.089337537221E+000  1.238078594030E+002
  2.452024440374E-001 -5.228505566919E-001 -8.851814625178E+000  1.223469659137E+002
  2.471429402963E-001 -5.397980460672E-001 -8.615833947107E+000  1.208683832828E+002
  2.490941326418E-001 -5.563800605858E-001 -8.381453753607E+000  1.193734018477E+002
  2.510560738180E-001 -5.725952007772E-001 -8.148730528731E+000  1.178632791697E+002
  2.530288169732E-001 -5.884421956841E-001 -7.917719006564E+000  1.163392404800E+002
  2.550124156627E-001 -6.039199019917E-001 -7.688472188088E+000  1.148024791361E+002
  2.570069238527E-001 -6.190273031295E-001 -7.461041358290E+000  1.132541570894E+002
  2.590123959233E-001 -6.337635083444E-001 -7.235476103482E+000  1.116954053591E+002
  2.610288866721E-001 -6.481277517479E-001 -7.011824328809E+000  1.101273245142E+002
  2.630564513176E-001 -6.621193913370E-001 -6.790132275912E+000  1.085509851611E+002
  2.650951455027E-001 -6.757379079891E-001 -6.570444540723E+000  1.069674284342E+002
  2.671450252982E-001 -6.889829044321E-001 -6.352804091372E+000  1.053776664916E+002
  2.692061472063E-001 -7.018541041894E-001 -6.137252286171E+000  1.037826830105E+002
  2.712785681644E-001 -7.143513505009E-001 -5.923828891676E+000  1.021834336857E+002
  2.733623455485E-001 -7.264746052197E-001 -5.712572100787E+000  1.005808467263E+002
  2.754575371771E-001 -7.382239476861E-001 -5.503518550883E+000  9.897582335206E+001
  2.775642013146E-001 -7.495995735775E-001 -5.296703341978E+000  9.736923828811E+001
  2.796823966754E-001 -7.606017937360E-001 -5.092160054872E+000  9.576194025608E+001
  2.818121824272E-001 -7.712310329730E-001 -4.889920769300E+000  9.415475246225E+001
  2.839536181956E-001 -7.814878288523E-001 -4.690016082063E+000  9.254847308130E+001
  2.861067640671E-001 -7.913728304502E-001 -4.492475125130E+000  9.094387573507E+001
  2.882716805935E-001 -8.008867970946E-001 -4.297325583705E+000  8.934170996589E+001
  2.904484287958E-001 -8.100305970823E-001 -4.104593714259E+000  8.774270170385E+001
  2.926370701682E-001 -8.188052063747E-001 -3.914304362515E+000  8.614755372755E+001
  2.948376666818E-001 -8.272117072731E-001 -3.726480981388E+000  8.455694611789E+001
  2.970502807892E-001 -8.352512870724E-001 -3.541145648869E+000  8.297153670462E+001
  2.992749754281E-001 -8.429252366947E-001 -3.358319085871E+000  8.139196150515E+001
  3.015118140259E-001 -8.502349493024E-001 -3.178020674011E+000  7.981883515559E+001
  3.037608605035E-001 -8.571819188902E-001 -3.000268473349E+000  7.825275133358E+001
  3.060221792797E-001 -8.637677388588E-001 -2.825079240080E+000  7.669428317287E+001
  3.082958352758E-001 -8.699941005669E-001 -2.652468444175E+000  7.514398366947E+001
  3.105818939192E-001 -8.758627918654E-001 -2.482450286983E+000  7.360238607929E+001
  3.128804211487E-001 -8.813756956105E-001 -2.315037718795E+000  7.207000430726E+001
  3.151914834180E-001 -8.865347881596E-001 -2.150242456366E+000  7.054733328782E+001
  3.175151477009E-001 -8.913421378468E-001 -1.988075000416E+000  6.903484935691E+001
  3.198514814953E-001 -8.957999034407E-001 -1.828544653098E+000  6.753301061549E+001
  3.222005528283E-001 -8.999103325840E-001 -1.671659535450E+000  6.604225728461E+001
  3.245624302601E-001 -9.036757602147E-001 -1.517426604832E+000  6.456301205226E+001
  3.269371828894E-001 -9.070986069701E-001 -1.365851672355E+000  6.309568041206E+001
  3.293248803576E-001 -9.101813775735E-001 -1.216939420301E+000  6.164065099398E+001
  3.317255928537E-001 -9.129266592040E-001 -1.070693419560E+000  6.019829588729E+001
  3.341393911192E-001 -9.153371198496E-001 -9.271161470601E-001  5.876897095594E+001
  3.365663464529E-001 -9.174155066443E-001 -7.862090032236E-001  5.735301614658E+001
  3.390065307159E-001 -9.191646441902E-001 -6.479723294408E-001  5.595075578955E+001
  3.414600163363E-001 -9.205874328635E-001 -5.124054255690E-001  5.456249889290E+001
  3.439268763145E-001 -9.216868471061E-001 -3.795065674654E-001  5.318853942994E+001
  3.464071842282E-001 -9.224659337036E-001 -2.492730245559E-001  5.182915662044E+001
  3.489010142374E-001 -9.229278100486E-001 -1.217010774461E-001  5.048461520580E+001
  3.514084410898E-001 -9.230756623921E-001  3.213964420363E-003  4.915516571849E+001
  3.539295401259E-001 -9.229127440812E-001  1.254777450538E-001  4.784104474606E+001
  3.564643872842E-001 -9.224423737856E-001  2.450968441551E-001  4.654247518997E+001
  3.590130591069E-001 -9.216679337128E-001  3.620787592949E-001  4.525966651958E+001
  3.615756327448E-001 -9.205928678126E-001  4.764318880314E-001  4.399281502157E+001
  3.641521859632E-001 -9.192206799712E-001  5.881655099657E-001  4.274210404511E+001
  3.667427971473E-001 -9.175549321965E-001  6.972897687307E-001  4.150770424295E+001
  3.693475453076E-001 -9.155992427953E-001  8.038156539143E-001  4.028977380896E+001
  3.719665100860E-001 -9.133572845412E-001  9.077549829140E-001  3.908845871207E+001
  3.745997717609E-001 -9.108327828371E-001  1.009120382724E+000  3.790389292716E+001
  3.772474112534E-001 -9.080295138709E-001  1.107925271656E+000  3.673619866300E+001
  3.799095101331E-001 -9.049513027647E-001  1.204183840986E+000  3.558548658756E+001
  3.825861506238E-001 -9.016020217212E-001  1.297911036545E+000  3.445185605085E+001
  3.852774156096E-001 -8.979855881650E-001  1.389122540237E+000  3.333539530568E+001
  3.879833886411E-001 -8.941059628809E-001  1.477834751502E+000  3.223618172638E+001
  3.907041539409E-001 -8.899671481512E-001  1.564064768707E+000  3.115428202574E+001
  3.934397964105E-001 -8.855731858904E-001  1.647830370501E+000  3.008975247052E+001
  3.961904016361E-001 -8.809281557806E-001  1.729149997099E+000  2.904263909543E+001
  3.989560558949E-001 -8.760361734072E-001  1.808042731526E+000  2.801297791603E+001
  4.017368461617E-001 -8.709013883954E-001  1.884528280824E+000  2.700079514047E+001
  4.045328601149E-001 -8.655279825503E-001  1.958626957209E+000  2.600610738044E+001
  4.073441861437E-001 -8.599201679994E-001  2.030359659205E+000  2.502892186127E+001
  4.101709133538E-001 -8.540821853395E-001  2.099747852750E+000  2.406923663137E+001
  4.130131315750E-001 -8.480183017892E-001  2.166813552283E+000  2.312704077121E+001
  4.158709313670E-001 -8.417328093468E-001  2.231579301819E+000  2.220231460169E+001
  4.187444040269E-001 -8.352300229560E-001  2.294068156019E+000  2.129502989226E+001
  4.216336415958E-001 -8.285142786790E-001  2.354303661264E+000  2.040515006869E+001
  4.245387368658E-001 -8.215899318786E-001  2.412309836737E+000  1.953263042053E+001
  4.274597833869E-001 -8.144613554106E-001  2.468111155532E+000  1.867741830837E+001
  4.303968754741E-001 -8.071329378260E-001  2.521732525784E+000  1.783945337095E+001
  4.333501082151E-001 -7.996090815862E-001  2.573199271837E+000  1.701866773204E+001
  4.363195774768E-001 -7.918942012892E-001  2.622537115463E+000  1.621498620717E+001
  4.393053799131E-001 -7.839927219107E-001  2.669772157131E+000  1.542832651015E+001
  4.423076129724E-001 -7.759090770587E-001  2.714930857347E+000  1.465859945947E+001
  4.453263749047E-001 -7.676477072437E-001  2.758040018058E+000  1.390570918444E+001
  4.483617647698E-001 -7.592130581645E-001  2.799126764158E+000  1.316955333106E+001
  4.514138824444E-001 -7.506095790121E-001  2.838218525069E+000  1.245002326762E+001
  4.544828286302E-001 -7.418417207897E-001  2.875343016439E+000  1.174700429002E+001
  4.575687048617E-001 -7.329139346530E-001  2.910528221950E+000  1.106037582653E+001
  4.606716135142E-001 -7.238306702686E-001  2.943802375250E+000  1.039001164229E+001
  4.637916578118E-001 -7.145963741933E-001  2.975193942021E+000  9.735780043072E+000
  4.669289418353E-001 -7.052154882744E-001  3.004731602186E+000  9.097544078576E+000
  4.700835705309E-001 -6.956924480707E-001  3.032444232277E+000  8.475161744933E+000
  4.732556497182E-001 -6.860316812973E-001  3.058360887962E+000  7.868486186458E+000
  4.764452860985E-001 -6.762376062925E-001  3.082510786744E+000  7.277365896512E+000
  4.796525872639E-001 -6.663146305089E-001  3.104923290847E+000  6.701644917381E+000
  4.828776617050E-001 -6.562671490285E-001  3.125627890296E+000  6.141163039079E+000
  4.861206188205E-001 -6.460995431037E-001  3.144654186186E+000  5.595755996962E+000
  4.893815689254E-001 -6.358161787226E-001  3.162031874181E+000  5.065255668059E+000
  4.926606232602E-001 -6.254214052018E-001  3.177790728213E+000  4.549490266006E+000
  4.959578939999E-001 -6.149195538052E-001  3.191960584426E+000  4.048284534475E+000
  4.992734942630E-001 -6.043149363905E-001  3.204571325341E+000  3.561459938988E+000
  5.026075381207E-001 -5.936118440828E-001  3.215652864280E+000  3.088834857012E+000
  5.059601406064E-001 -5.828145459772E-001  3.225235130030E+000  2.630224766218E+000
  5.093314177250E-001 -5.719272878695E-001  3.233348051777E+000  2.185442430803E+000
  5.127214864626E-001 -5.609542910164E-001  3.240021544302E+000  1.754298085753E+000
  5.161304647959E-001 -5.498997509245E-001  3.245285493451E+000  1.336599618963E+000
  5.195584717022E-001 -5.387678361695E-001  3.249169741888E+000  9.321527510770E-001
  5.230056271692E-001 -5.275626872458E-001  3.251704075139E+000  5.407612129791E-001
  5.264720522050E-001 -5.162884154456E-001  3.252918207920E+000  1.622269208044E-001
  5.299578688483E-001 -5.049491017694E-001  3.252841770774E+000 -2.036498516102E-001
  5.334632001783E-001 -4.935487958671E-001  3.251504297007E+000 -5.570703029394E-001
  5.369881703256E-001 -4.820915150098E-001  3.248935209934E+000 -8.982369373385E-001
  5.405329044823E-001 -4.705812430937E-001  3.245163810444E+000 -1.227353400257E+000
  5.440975289128E-001 -4.590219296741E-001  3.240219264874E+000 -1.544624317185E+000
  5.476821709641E-001 -4.474174890324E-001  3.234130593215E+000 -1.850255135410E+000
  5.512869590774E-001 -4.357717992729E-001  3.226926657642E+000 -2.144451968873E+000
  5.549120227985E-001 -4.240887014529E-001  3.218636151365E+000 -2.427421446186E+000
  5.585574927889E-001 -4.123719987432E-001  3.209287587822E+000 -2.699370561890E+000
  5.622235008375E-001 -4.006254556208E-001  3.198909290205E+000 -2.960506531016E+000
  5.659101798716E-001 -3.888527970932E-001  3.187529381313E+000 -3.211036647015E+000
  5.696176639685E-001 -3.770577079534E-001  3.175175773760E+000 -3.451168143108E+000
  5.733460883672E-001 -3.652438320680E-001  3.161876160502E+000 -3.681108057119E+000
  5.770955894803E-001 -3.534147716948E-001  3.147658005725E+000 -3.901063099819E+000
  5.808663049055E-001 -3.415740868328E-001  3.132548536059E+000 -4.111239526858E+000
  5.846583734383E-001 -3.297252946027E-001  3.116574732142E+000 -4.311843014288E+000
  5.884719350837E-001 -3.178718686583E-001  3.099763320521E+000 -4.503078537736E+000
  5.923071310690E-001 -3.060172386289E-001  3.082140765896E+000 -4.685150255251E+000
  5.961641038558E-001 -2.941647895911E-001  3.063733263707E+000 -4.858261393840E+000
  6.000429971532E-001 -2.823178615722E-001  3.044566733051E+000 -5.022614139727E+000
  6.039439559304E-001 -2.704797490817E-001  3.024666809950E+000 -5.178409532348E+000
  6.078671264295E-001 -2.586537006740E-001  3.004058840946E+000 -5.325847362085E+000
  6.118126561791E-001 -2.468429185392E-001  2.982767877029E+000 -5.465126071757E+000
  6.157806940069E-001 -2.350505581230E-001  2.960818667906E+000 -5.596442661860E+000
  6.197713900541E-001 -2.232797277752E-001  2.938235656591E+000 -5.719992599567E+000
  6.237848957880E-001 -2.115334884267E-001  2.915042974321E+000 -5.835969731469E+000
  6.278213640166E-001 -1.998148532931E-001  2.891264435805E+000 -5.944566200056E+000
  6.318809489022E-001 -1.881267876070E-001  2.866923534778E+000 -6.045972363920E+000
  6.359638059756E-001 -1.764722083759E-001  2.842043439886E+000 -6.140376721659E+000
  6.400700921502E-001 -1.648539841676E-001  2.816646990871E+000 -6.227965839472E+000
  6.441999657370E-001 -1.532749349203E-001  2.790756695070E+000 -6.308924282401E+000
  6.483535864586E-001 -1.417378317794E-001  2.764394724217E+000 -6.383434549206E+000
  6.525311154647E-001 -1.302453969585E-001  2.737582911543E+000 -6.451677010836E+000
  6.567327153465E-001 -1.188003036250E-001  2.710342749170E+000 -6.513829852451E+000
  6.609585501525E-001 -1.074051758098E-001  2.682695385795E+000 -6.570069018973E+000
  6.652087854034E-001 -9.606258834024E-002  2.654661624655E+000 -6.620568164106E+000
  6.694835881080E-001 -8.477506679613E-002  2.626261921775E+000 -6.665498602792E+000
  6.737831267789E-001 -7.354508748772E-002  2.597516384482E+000 -6.705029267043E+000
  6.781075714485E-001 -6.237507745587E-002  2.568444770195E+000 -6.739326665114E+000
  6.824570936852E-001 -5.126741449317E-002  2.539066485469E+000 -6.768554843944E+000
  6.868318666096E-001 -4.022442718579E-002  2.509400585295E+000 -6.792875354828E+000
  6.912320649114E-001 -2.924839497534E-002  2.479465772652E+000 -6.812447222244E+000
  6.956578648660E-001 -1.834154824033E-002  2.449280398302E+000 -6.827426915790E+000
  7.001094443516E-001 -7.506068396341E-003  2.418862460816E+000 -6.837968325153E+000
  7.045869828664E-001  3.255911985284E-003  2.388229606836E+000 -6.844222738066E+000
  7.090906615461E-001  1.394230904117E-002  2.357399131556E+000 -6.846338821160E+000
  7.136206631812E-001  2.455108746245E-002  2.326387979424E+000 -6.844462603669E+000
  7.181771722357E-001  3.508026032478E-002  2.295212745051E+000 -6.838737463898E+000
  7.227603748644E-001  4.552788890237E-002  2.263889674322E+000 -6.829304118403E+000
  7.273704589315E-001  5.589208246675E-002  2.232434665709E+000 -6.816300613792E+000
  7.320076140295E-001  6.617099807064E-002  2.200863271768E+000 -6.799862321082E+000
  7.366720314977E-001  7.636284031778E-002  2.169190700824E+000 -6.780121932546E+000
  7.413639044413E-001  8.646586111909E-002  2.137431818825E+000 -6.757209460960E+000
  7.460834277508E-001  9.647835943584E-002  2.105601151374E+000 -6.731252241188E+000
  7.508307981215E-001  1.063986810104E-001  2.073712885915E+000 -6.702374934013E+000
  7.556062140732E-001  1.162252180850E-001  2.041780874082E+000 -6.670699532162E+000
  7.604098759705E-001  1.259564091098E-001  2.009818634188E+000 -6.636345368417E+000
  7.652419860431E-001  1.355907384391E-001  1.977839353866E+000 -6.599429125764E+000
  7.701027484060E-001  1.451267360185E-001  1.945855892834E+000 -6.560064849478E+000
  7.749923690810E-001  1.545629770621E-001  1.913880785797E+000 -6.518363961090E+000
  7.799110560171E-001  1.638980817199E-001  1.881926245468E+000 -6.474435274131E+000
  7.848590191124E-001  1.731307147382E-001  1.850004165699E+000 -6.428385011610E+000
  7.898364702358E-001  1.822595851102E-001  1.818126124728E+000 -6.380316825112E+000
  7.948436232486E-001  1.912834457205E-001  1.786303388523E+000 -6.330331815469E+000
  7.998806940270E-001  2.002010929817E-001  1.754546914222E+000 -6.278528554915E+000
  8.049479004846E-001  2.090113664652E-001  1.722867353663E+000 -6.225003110648E+000
  8.100454625952E-001  2.177131485253E-001  1.691275056999E+000 -6.169849069730E+000
  8.151736024160E-001  2.263053639182E-001  1.659780076383E+000 -6.113157565246E+000
  8.203325441110E-001  2.347869794159E-001  1.628392169731E+000 -6.055017303653E+000
  8.255225139746E-001  2.431570034149E-001  1.597120804544E+000 -5.995514593244E+000
  8.307437404560E-001  2.514144855417E-001  1.565975161796E+000 -5.934733373653E+000
  8.359964541833E-001  2.595585162535E-001  1.534964139867E+000 -5.872755246340E+000
  8.412808879885E-001  2.675882264364E-001  1.504096358527E+000 -5.809659505972E+000
  8.465972769320E-001  2.755027869997E-001  1.473380162966E+000 -5.745523172647E+000
  8.519458583285E-001  2.833014084685E-001  1.442823627854E+000 -5.680421024882E+000
  8.573268717726E-001  2.909833405737E-001  1.412434561440E+000 -5.614425633310E+000
  8.627405591648E-001  2.985478718400E-001  1.382220509671E+000 -5.547607395011E+000
  8.681871647376E-001  3.059943291726E-001  1.352188760335E+000 -5.480034568423E+000
  8.736669350829E-001  3.133220774427E-001  1.322346347227E+000 -5.411773308765E+000
  8.791801191785E-001  3.205305190723E-001  1.292700054316E+000 -5.342887703921E+000
  8.847269684160E-001  3.276190936179E-001  1.263256419931E+000 -5.273439810712E+000
  8.903077366283E-001  3.345872773545E-001  1.234021740942E+000 -5.203489691515E+000
  8.959226801184E-001  3.414345828594E-001  1.205002076950E+000 -5.133095451165E+000
  9.015720576873E-001  3.481605585961E-001  1.176203254461E+000 -5.062313274087E+000
  9.072561306635E-001  3.547647884992E-001  1.147630871063E+000 -4.991197461605E+000
  9.129751629322E-001  3.612468915592E-001  1.119290299582E+000 -4.919800469388E+000
  9.187294209652E-001  3.676065214093E-001  1.091186692231E+000 -4.848172944965E+000
  9.245191738511E-001  3.738433659125E-001  1.063324984731E+000 -4.776363765286E+000
  9.303446933257E-001  3.799571467504E-001  1.035709900419E+000 -4.704420074260E+000
  9.362062538036E-001  3.859476190137E-001  1.008345954326E+000 -4.632387320247E+000
  9.421041324088E-001  3.918145707940E-001  9.812374572257E-001 -4.560309293448E+000
  9.480386090075E-001  3.975578227779E-001  9.543885196573E-001 -4.488228163164E+000
  9.540099662399E-001  4.031772278427E-001  9.278030559125E-001 -4.416184514877E+000
  9.600184895530E-001  4.086726706542E-001  9.014847879871E-001 -4.344217387121E+000
  9.660644672342E-001  4.140440672671E-001  8.754372494946E-001 -4.272364308110E+000
  9.721481904447E-001  4.192913647276E-001  8.496637895411E-001 -4.200661332089E+000
  9.782699532537E-001  4.244145406776E-001  8.241675765568E-001 -4.129143075373E+000
  9.844300526731E-001  4.294136029630E-001  7.989516020852E-001 -4.057842752053E+000
  9.906287886927E-001  4.342885892428E-001  7.740186845262E-001 -3.986792209331E+000
  9.968664643158E-001  4.390395666021E-001  7.493714728327E-001 -3.916021962468E+000
  1.003143385595E+000  4.436666311667E-001  7.250124501591E-001 -3.845561229319E+000
  1.009459861670E+000  4.481699077215E-001  7.009439374603E-001 -3.775437964422E+000
  1.015816204803E+000  4.525495493304E-001  6.771680970400E-001 -3.705678892637E+000
  1.022212730417E+000  4.568057369599E-001  6.536869360482E-001 -3.636309542303E+000
  1.028649757135E+000  4.609386791045E-001  6.305023099258E-001 -3.567354277900E+000
  1.035127606818E+000  4.649486114155E-001  6.076159257965E-001 -3.498836332198E+000
  1.041646604604E+000  4.688357963323E-001  5.850293458051E-001 -3.430777837884E+000
  1.048207078948E+000  4.726005227160E-001  5.627439904018E-001 -3.363199858648E+000
  1.054809361664E+000  4.762431054858E-001  5.407611415722E-001 -3.296122419715E+000
  1.061453787962E+000  4.797638852584E-001  5.190819460124E-001 -3.229564537819E+000
  1.068140696494E+000  4.831632279893E-001  4.977074182496E-001 -3.163544250610E+000
  1.074870429395E+000  4.864415246167E-001  4.766384437080E-001 -3.098078645476E+000
  1.081643332322E+000  4.895991907082E-001  4.558757817196E-001 -3.033183887788E+000
  1.088459754505E+000  4.926366661096E-001  4.354200684809E-001 -2.968875248555E+000
  1.095320048782E+000  4.955544145956E-001  4.152718199550E-001 -2.905167131484E+000
  1.102224571653E+000  4.983529235236E-001  3.954314347196E-001 -2.842073099450E+000
  1.109173683316E+000  5.010327034884E-001  3.758991967619E-001 -2.779605900364E+000
  1.116167747721E+000  5.035942879805E-001  3.566752782199E-001 -2.717777492450E+000
  1.123207132611E+000  5.060382330446E-001  3.377597420715E-001 -2.656599068922E+000
  1.130292209573E+000  5.083651169415E-001  3.191525447716E-001 -2.596081082069E+000
  1.137423354084E+000  5.105755398108E-001  3.008535388381E-001 -2.536233266748E+000
  1.144600945560E+000  5.126701233356E-001  2.828624753872E-001 -2.477064663285E+000
  1.151825367405E+000  5.146495104089E-001  2.651790066192E-001 -2.418583639801E+000
  1.159097007063E+000  5.165143648012E-001  2.478026882559E-001 -2.360797913951E+000
  1.166416256069E+000  5.182653708298E-001  2.307329819289E-001 -2.303714574090E+000
  1.173783510095E+000  5.199032330291E-001  2.139692575225E-001 -2.247340099883E+000
  1.181199169012E+000  5.214286758222E-001  1.975107954694E-001 -2.191680382340E+000
  1.188663636935E+000  5.228424431937E-001  1.813567890020E-001 -2.136740743317E+000
  1.196177322279E+000  5.241452983630E-001  1.655063463593E-001 -2.082525954461E+000
  1.203740637818E+000  5.253380234596E-001  1.499584929517E-001 -2.029040255626E+000
  1.211354000735E+000  5.264214191976E-001  1.347121734827E-001 -1.976287372770E+000
  1.219017832681E+000  5.273963045523E-001  1.197662540313E-001 -1.924270535327E+000
  1.226732559833E+000  5.282635164366E-001  1.051195240935E-001 -1.872992493083E+000
  1.234498612950E+000  5.290239093782E-001  9.077069858646E-002 -1.822455532558E+000
  1.242316427433E+000  5.296783551972E-001  7.671841981412E-002 -1.772661492900E+000
  1.250186443388E+000  5.302277426840E-001  6.296125939749E-002 -1.723611781315E+000
  1.258109105679E+000  5.306729772775E-001  4.949772016926E-002 -1.675307388029E+000
  1.266084863999E+000  5.310149807431E-001  3.632623803462E-002 -1.627748900810E+000
  1.274114172926E+000  5.312546908515E-001  2.344518379905E-002 -1.580936519048E+000
  1.282197491990E+000  5.313930610569E-001  1.085286496434E-002 -1.534870067412E+000
  1.290335285734E+000  5.314310601755E-001 -1.452472506123E-003 -1.489549009093E+000
  1.298528023786E+000  5.313696720637E-001 -1.347264245172E-002 -1.444972458648E+000
  1.306776180919E+000  5.312098952959E-001 -2.520951680763E-002 -1.401139194460E+000
  1.315080237120E+000  5.309527428429E-001 -3.666502392534E-002 -1.358047670808E+000
  1.323440677664E+000  5.305992417489E-001 -4.784114691986E-002 -1.315696029588E+000
  1.331857993175E+000  5.301504328087E-001 -5.873992204235E-002 -1.274082111672E+000
  1.340332679704E+000  5.296073702452E-001 -6.936343707756E-002 -1.233203467929E+000
  1.348865238797E+000  5.289711213846E-001 -7.971382976486E-002 -1.193057369918E+000
  1.357456177571E+000  5.282427663335E-001 -8.979328624206E-002 -1.153640820259E+000
  1.366106008782E+000  5.274233976535E-001 -9.960403951128E-002 -1.114950562707E+000
  1.374815250909E+000  5.265141200364E-001 -1.091483679258E-001 -1.076983091920E+000
  1.383584428224E+000  5.255160499785E-001 -1.184285936973E-001 -1.039734662954E+000
  1.392414070872E+000  5.244303154544E-001 -1.274470814225E-001 -1.003201300475E+000
  1.401304714948E+000  5.232580555903E-001 -1.362062366291E-001 -9.673788077175E-001
  1.410256902580E+000  5.220004203364E-001 -1.447085043389E-001 -9.322627751857E-001
  1.419271182008E+000  5.206585701395E-001 -1.529563676495E-001 -8.978485891129E-001
  1.428348107668E+000  5.192336756136E-001 -1.609523463319E-001 -8.641314396903E-001
  1.437488240275E+000  5.177269172117E-001 -1.686989954453E-001 -8.311063290719E-001
  1.446692146911E+000  5.161394848957E-001 -1.761989039666E-001 -7.987680791662E-001
  1.455960401104E+000  5.144725778063E-001 -1.834546934360E-001 -7.671113392220E-001
  1.465293582927E+000  5.127274039321E-001 -1.904690166170E-001 -7.361305932190E-001
  1.474692279079E+000  5.109051797788E-001 -1.972445561709E-001 -7.058201670693E-001
  1.484157082978E+000  5.090071300369E-001 -2.037840233449E-001 -6.761742356389E-001
  1.493688594856E+000  5.070344872502E-001 -2.100901566747E-001 -6.471868295964E-001
  1.503287421848E+000  5.049884914828E-001 -2.161657206989E-001 -6.188518420959E-001
  1.512954178094E+000  5.028703899861E-001 -2.220135046883E-001 -5.911630353014E-001
  1.522689484827E+000  5.006814368660E-001 -2.276363213864E-001 -5.641140467583E-001
  1.532493970480E+000  4.984228927489E-001 -2.330370057634E-001 -5.376983956194E-001
  1.542368270780E+000  4.960960244478E-001 -2.382184137823E-001 -5.119094887305E-001
  1.552313028853E+000  4.937021046289E-001 -2.431834211771E-001 -4.867406265810E-001
  1.562328895326E+000  4.912424114770E-001 -2.479349222437E-001 -4.621850091246E-001
  1.572416528431E+000  4.887182283611E-001 -2.524758286425E-001 -4.382357414764E-001
  1.582576594115E+000  4.861308435007E-001 -2.568090682128E-001 -4.148858394883E-001
  1.592809766145E+000  4.834815496311E-001 -2.609375837999E-001 -3.921282352094E-001
  1.603116726218E+000  4.807716436695E-001 -2.648643320935E-001 -3.699557822336E-001
  1.613498164078E+000  4.780024263809E-001 -2.685922824789E-001 -3.483612609394E-001
  1.623954777622E+000  4.751752020442E-001 -2.721244158994E-001 -3.273373836239E-001
  1.634487273025E+000  4.722912781190E-001 -2.754637237315E-001 -3.068767995347E-001
  1.645096364848E+000  4.693519649121E-001 -2.786132066727E-001 -2.869720998024E-001
  1.655782776168E+000  4.663585752448E-001 -2.815758736403E-001 -2.676158222765E-001
  1.666547238688E+000  4.633124241208E-001 -2.843547406844E-001 -2.488004562662E-001
  1.677390492873E+000  4.602148283940E-001 -2.869528299123E-001 -2.305184471885E-001
  1.688313288066E+000  4.570671064376E-001 -2.893731684262E-001 -2.127622011255E-001
  1.699316382620E+000  4.538705778137E-001 -2.916187872741E-001 -1.955240892925E-001
  1.710400544029E+000  4.506265629432E-001 -2.936927204130E-001 -1.787964524173E-001
  1.721566549058E+000  4.473363827767E-001 -2.955980036866E-001 -1.625716050337E-001
  1.732815183877E+000  4.440013584667E-001 -2.973376738156E-001 -1.468418396879E-001
  1.744147244202E+000  4.406228110402E-001 -2.989147674017E-001 -1.315994310603E-001
  1.755563535430E+000  4.372020610722E-001 -3.003323199465E-001 -1.168366400028E-001
  1.767064872781E+000  4.337404283608E-001 -3.015933648834E-001 -1.025457174916E-001
  1.778652081442E+000  4.302392316025E-001 -3.027009326241E-001 -8.871890849678E-002
  1.790325996715E+000  4.266997880700E-001 -3.036580496203E-001 -7.534845576776E-002
  1.802087464166E+000  4.231234132895E-001 -3.044677374389E-001 -6.242660353581E-002
  1.813937339772E+000  4.195114207208E-001 -3.051330118532E-001 -4.994560113300E-002
  1.825876490081E+000  4.158651214376E-001 -3.056568819484E-001 -3.789770652771E-002
  1.837905792365E+000  4.121858238098E-001 -3.060423492430E-001 -2.627518977652E-002
  1.850026134778E+000  4.084748331872E-001 -3.062924068245E-001 -1.507033639242E-002
  1.862238416525E+000  4.047334515840E-001 -3.064100385022E-001 -4.275450628839E-003
  1.874543548019E+000  4.009629773655E-001 -3.063982179742E-001  6.117141320427E-003
  1.886942451054E+000  3.971647049361E-001 -3.062599080115E-001  1.611508820603E-002
  1.899436058973E+000  3.933399244288E-001 -3.059980596567E-001  2.572601069271E-002
  1.912025316845E+000  3.894899213965E-001 -3.056156114402E-001  3.495749841415E-002
  1.924711181638E+000  3.856159765046E-001 -3.051154886111E-001  4.381710711337E-002
  1.937494622402E+000  3.817193652258E-001 -3.045006023855E-001  5.231235586886E-002
  1.950376620452E+000  3.778013575359E-001 -3.037738492101E-001  6.045072440685E-002
  1.963358169552E+000  3.738632176124E-001 -3.029381100426E-001  6.823965049973E-002
  1.976440276109E+000  3.699062035339E-001 -3.019962496484E-001  7.568652745102E-002
  1.989623959360E+000  3.659315669815E-001 -3.009511159132E-001  8.279870166679E-002
  2.002910251577E+000  3.619405529429E-001 -2.998055391721E-001  8.958347031378E-002
  2.016300198259E+000  3.579343994172E-001 -2.985623315550E-001  9.604807906405E-002
  2.029794858340E+000  3.539143371221E-001 -2.972242863480E-001  1.021997199262E-001
  2.043395304396E+000  3.498815892036E-001 -2.957941773710E-001  1.080455291627E-001
  2.057102622856E+000  3.458373709462E-001 -2.942747583709E-001  1.135925852939E-001
  2.070917914217E+000  3.417828894870E-001 -2.926687624316E-001  1.188479071869E-001
  2.084842293261E+000  3.377193435301E-001 -2.909789013983E-001  1.238184522304E-001
  2.098876889283E+000  3.336479230638E-001 -2.892078653190E-001  1.285111145943E-001
  2.113022846310E+000  3.295698090803E-001 -2.873583219000E-001  1.329327235728E-001
  2.127281323341E+000  3.254861732963E-001 -2.854329159776E-001  1.370900420117E-001
  2.141653494575E+000  3.213981778771E-001 -2.834342690041E-001  1.409897648177E-001
  2.156140549656E+000  3.173069751614E-001 -2.813649785494E-001  1.446385175494E-001
  2.170743693911E+000  3.132137073901E-001 -2.792276178168E-001  1.480428550891E-001
  2.185464148607E+000  3.091195064351E-001 -2.770247351726E-001  1.512092603934E-001
  2.200303151197E+000  3.050254935326E-001 -2.747588536909E-001  1.541441433230E-001
  2.215261955581E+000  3.009327790171E-001 -2.724324707117E-001  1.568538395479E-001
  2.230341832367E+000  2.968424620586E-001 -2.700480574122E-001  1.593446095289E-001
  2.245544069142E+000  2.927556304017E-001 -2.676080583920E-001  1.616226375729E-001
  2.260869970742E+000  2.886733601074E-001 -2.651148912713E-001  1.636940309595E-001
  2.276320859530E+000  2.845967152977E-001 -2.625709463014E-001  1.655648191388E-001
  2.291898075679E+000  2.805267479021E-001 -2.599785859882E-001  1.672409529976E-001
  2.307602977460E+000  2.764644974073E-001 -2.573401447271E-001  1.687283041917E-001
  2.323436941540E+000  2.724109906093E-001 -2.546579284509E-001  1.700326645441E-001
  2.339401363274E+000  2.683672413684E-001 -2.519342142881E-001  1.711597455048E-001
  2.355497657016E+000  2.643342503670E-001 -2.491712502336E-001  1.721151776715E-001
  2.371727256428E+000  2.603130048702E-001 -2.463712548295E-001  1.729045103695E-001
  2.388091614797E+000  2.563044784899E-001 -2.435364168571E-001  1.735332112867E-001
  2.404592205358E+000  2.523096309517E-001 -2.406688950396E-001  1.740066661637E-001
  2.421230521622E+000  2.483294078645E-001 -2.377708177547E-001  1.743301785351E-001
  2.438008077714E+000  2.443647404946E-001 -2.348442827573E-001  1.745089695208E-001
  2.454926408713E+000  2.404165455422E-001 -2.318913569123E-001  1.745481776642E-001
  2.471987071003E+000  2.364857249220E-001 -2.289140759361E-001  1.744528588154E-001
  2.489191642624E+000  2.325731655475E-001 -2.259144441488E-001  1.742279860574E-001
  2.506541723641E+000  2.286797391186E-001 -2.228944342345E-001  1.738784496729E-001
  2.524038936507E+000  2.248063019138E-001 -2.198559870110E-001  1.734090571481E-001
  2.541684926444E+000  2.209536945862E-001 -2.168010112086E-001  1.728245332140E-001
  2.559481361827E+000  2.171227419636E-001 -2.137313832575E-001  1.721295199205E-001
  2.577429934572E+000  2.133142528535E-001 -2.106489470836E-001  1.713285767423E-001
  2.595532360540E+000  2.095290198520E-001 -2.075555139138E-001  1.704261807144E-001
  2.613790379943E+000  2.057678191578E-001 -2.044528620889E-001  1.694267265953E-001
  2.632205757760E+000  2.020314103913E-001 -2.013427368853E-001  1.683345270553E-001
  2.650780284158E+000  1.983205364182E-001 -1.982268503457E-001  1.671538128889E-001
  2.669515774928E+000  1.946359231790E-001 -1.951068811179E-001  1.658887332489E-001
  2.688414071925E+000  1.909782795233E-001 -1.919844743021E-001  1.645433559006E-001
  2.707477043518E+000  1.873482970503E-001 -1.888612413077E-001  1.631216674946E-001
  2.726706585047E+000  1.837466499547E-001 -1.857387597174E-001  1.616275738568E-001
  2.746104619295E+000  1.801739948788E-001 -1.826185731620E-001  1.600649002937E-001
  2.765673096964E+000  1.766309707706E-001 -1.795021912025E-001  1.584373919123E-001
  2.785413997161E+000  1.731181987486E-001 -1.763910892230E-001  1.567487139531E-001
  2.805329327899E+000  1.696362819732E-001 -1.732867083316E-001  1.550024521349E-001
  2.825421126601E+000  1.661858055242E-001 -1.701904552722E-001  1.532021130110E-001
  2.845691460623E+000  1.627673362864E-001 -1.671037023450E-001  1.513511243359E-001
  2.866142427776E+000  1.593814228414E-001 -1.640277873380E-001  1.494528354406E-001
  2.886776156875E+000  1.560285953672E-001 -1.609640134684E-001  1.475105176182E-001
  2.907594808280E+000  1.527093655457E-001 -1.579136493351E-001  1.455273645170E-001
  2.928600574467E+000  1.494242264772E-001 -1.548779288817E-001  1.435064925422E-001
  2.949795680597E+000  1.461736526034E-001 -1.518580513709E-001  1.414509412654E-001
  2.971182385105E+000  1.429580996387E-001 -1.488551813714E-001  1.393636738422E-001
  2.992762980296E+000  1.397780045088E-001 -1.458704487551E-001  1.372475774370E-001
  3.014539792958E+000  1.366337852993E-001 -1.429049487086E-001  1.351054636566E-001
  3.036515184988E+000  1.335258412114E-001 -1.399597417556E-001  1.329400689914E-001
  3.058691554023E+000  1.304545525278E-001 -1.370358537938E-001  1.307540552650E-001
  3.081071334099E+000  1.274202805863E-001 -1.341342761441E-001  1.285500100930E-001
  3.103656996309E+000  1.244233677632E-001 -1.312559656142E-001  1.263304473513E-001
  3.126451049484E+000  1.214641374660E-001 -1.284018445762E-001  1.240978076541E-001
  3.149456040888E+000  1.185428941350E-001 -1.255728010585E-001  1.218544588424E-001
  3.172674556926E+000  1.156599232544E-001 -1.227696888523E-001  1.196026964845E-001
  3.196109223865E+000  1.128154913736E-001 -1.199933276340E-001  1.173447443881E-001
  3.219762708576E+000  1.100098461368E-001 -1.172445031018E-001  1.150827551257E-001
  3.243637719289E+000  1.072432163237E-001 -1.145239671292E-001  1.128188105739E-001
  3.267737006362E+000  1.045158118993E-001 -1.118324379336E-001  1.105549224670E-001
  3.292063363076E+000  1.018278240730E-001 -1.091706002613E-001  1.082930329673E-001
  3.316619626434E+000  9.917942536858E-002 -1.065391055893E-001  1.060350152514E-001
  3.341408677987E+000  9.657076970316E-002 -1.039385723430E-001  1.037826741142E-001
  3.366433444679E+000  9.400199247636E-002 -1.013695861315E-001  1.015377465918E-001
  3.391696899702E+000  9.147321066916E-002 -9.883269999891E-002  9.930190260398E-002
  3.417202063379E+000  8.898452295254E-002 -9.632843469345E-002  9.707674561651E-002
  3.442952004065E+000  8.653600980592E-002 -9.385727895287E-002  9.486381332579E-002
  3.468949839059E+000  8.412773364510E-002 -9.141968980736E-002  9.266457836496E-002
  3.495198735552E+000  8.175973895994E-002 -8.901609289936E-002  9.048044903325E-002
  3.521701911582E+000  7.943205246143E-002 -8.664688282031E-002  8.831277004899E-002
  3.548462637020E+000  7.714468323812E-002 -8.431242346417E-002  8.616282332702E-002
  3.575484234572E+000  7.489762292183E-002 -8.201304839778E-002  8.403182878100E-002
  3.602770080809E+000  7.269084586240E-002 -7.974906124760E-002  8.192094515119E-002
  3.630323607217E+000  7.052430931140E-002 -7.752073610273E-002  7.983127085799E-002
  3.658148301271E+000  6.839795361461E-002 -7.532831793389E-002  7.776384488174E-002
  3.686247707537E+000  6.631170241305E-002 -7.317202302806E-002  7.571964766879E-002
  3.714625428793E+000  6.426546285234E-002 -7.105203943831E-002  7.369960206399E-002
  3.743285127184E+000  6.225912580031E-002 -6.896852744848E-002  7.170457426967E-002
  3.772230525397E+000  6.029256607246E-002 -6.692162005225E-002  6.973537483080E-002
  3.801465407866E+000  5.836564266513E-002 -6.491142344599E-002  6.779275964626E-002
  3.830993622005E+000  5.647819899617E-002 -6.293801753493E-002  6.587743100562E-002
  3.860819079470E+000  5.463006315272E-002 -6.100145645203E-002  6.399003865120E-002
  3.890945757450E+000  5.282104814601E-002 -5.910176908888E-002  6.213118086445E-002
  3.921377699988E+000  5.105095217273E-002 -5.723895963800E-002  6.030140557621E-002
  3.952119019336E+000  4.931955888290E-002 -5.541300814581E-002  5.850121149969E-002
  3.983173897337E+000  4.762663765372E-002 -5.362387107552E-002  5.673104928542E-002
  4.014546586845E+000  4.597194386936E-002 -5.187148187922E-002  5.499132269683E-002
  4.046241413173E+000  4.435521920622E-002 -5.015575157828E-002  5.328238980532E-002
  4.078262775585E+000  4.277619192348E-002 -4.847656935136E-002  5.160456420353E-002
  4.110615148813E+000  4.123457715859E-002 -4.683380312909E-002  4.995811623520E-002
  4.143303084620E+000  3.973007722748E-002 -4.522730019453E-002  4.834327424021E-002
  4.176331213391E+000  3.826238192921E-002 -4.365688778873E-002  4.676022581299E-002
  4.209704245774E+000  3.683116885463E-002 -4.212237372024E-002  4.520911907272E-002
  4.243426974351E+000  3.543610369910E-002 -4.062354697789E-002  4.369006394339E-002
  4.277504275353E+000  3.407684057867E-002 -3.916017834587E-002  4.220313344183E-002
  4.311941110423E+000  3.275302234965E-002 -3.773202102014E-002  4.074836497182E-002
  4.346742528412E+000  3.146428093137E-002 -3.633881122550E-002  3.932576162218E-002
  4.381913667228E+000  3.021023763173E-002 -3.498026883213E-002  3.793529346685E-002
  4.417459755726E+000  2.899050347545E-002 -3.365609797112E-002  3.657689886483E-002
  4.453386115645E+000  2.780467953483E-002 -3.236598764778E-002  3.525048575792E-002
  4.489698163598E+000  2.665235726271E-002 -3.110961235214E-002  3.395593296407E-002
  4.526401413105E+000  2.553311882755E-002 -2.988663266580E-002  3.269309146426E-002
  4.563501476684E+000  2.444653745046E-002 -2.869669586432E-002  3.146178568079E-002
  4.601004067991E+000  2.339217774398E-002 -2.753943651444E-002  3.026181474487E-002
  4.638915004011E+000  2.236959605254E-002 -2.641447706546E-002  2.909295375142E-002
  4.677240207311E+000  2.137834079443E-002 -2.532142843410E-002  2.795495499919E-002
  4.715985708351E+000  2.041795280528E-002 -2.425989058225E-002  2.684754921405E-002
  4.755157647843E+000  1.948796568284E-002 -2.322945308702E-002  2.577044675367E-002
  4.794762279187E+000  1.858790613310E-002 -2.222969570260E-002  2.472333879176E-002
  4.834805970953E+000  1.771729431767E-002 -2.126018891350E-002  2.370589848005E-002
  4.875295209443E+000  1.687564420235E-002 -2.032049447866E-002  2.271778208647E-002
  4.916236601308E+000  1.606246390697E-002 -1.941016596622E-002  2.175863010788E-002
  4.957636876237E+000  1.527725605639E-002 -1.852874927849E-002  2.082806835599E-002
  4.999502889720E+000  1.451951813276E-002 -1.767578316707E-002  1.992570901513E-002
  5.041841625875E+000  1.378874282898E-002 -1.685079973772E-002  1.905115167062E-002
  5.084660200360E+000  1.308441840350E-002 -1.605332494513E-002  1.820398430684E-002
  5.127965863354E+000  1.240602903636E-002 -1.528287907719E-002  1.738378427389E-002
  5.171766002619E+000  1.175305518669E-002 -1.453897722912E-002  1.659011922213E-002
  5.216068146649E+000  1.112497395155E-002 -1.382112976717E-002  1.582254800404E-002
  5.260879967894E+000  1.052125942634E-002 -1.312884278224E-002  1.508062154280E-002
  5.306209286078E+000  9.941383066631E-003 -1.246161853347E-002  1.436388366729E-002
  5.352064071605E+000  9.384814051717E-003 -1.181895588202E-002  1.367187191333E-002
  5.398452449055E+000  8.851019649721E-003 -1.120035071525E-002  1.300411829107E-002
  5.445382700775E+000  8.339465584431E-003 -1.060529636172E-002  1.236015001872E-002
  5.492863270572E+000  7.849616403849E-003 -1.003328399723E-002  1.173949022274E-002
  5.540902767504E+000  7.380935850484E-003 -9.483803042278E-003  1.114165860504E-002
  5.589509969774E+000  6.932887233398E-003 -8.956341551467E-003  1.056617207754E-002
  5.638693828737E+000  6.504933801991E-003 -8.450386595126E-003  1.001254536487E-002
  5.688463473008E+000  6.096539121480E-003 -7.965424633718E-003  9.480291575953E-003
  5.738828212699E+000  5.707167450031E-003 -7.500941885450E-003  8.968922745389E-003
  5.789797543759E+000  5.336284117441E-003 -7.056424687598E-003  8.477950345577E-003
  5.841381152447E+000  4.983355905266E-003 -6.631359852006E-003  8.006885770777E-003
  5.893588919926E+000  4.647851428227E-003 -6.225235015266E-003  7.555240794256E-003
  5.946430926988E+000  4.329241516733E-003 -5.837538984054E-003  7.122527999801E-003
  5.999917458910E+000  4.026999600265E-003 -5.467762076077E-003  6.708261188962E-003
  6.054059010457E+000  3.740602091388E-003 -5.115396457095E-003  6.311955765408E-003
  6.108866291020E+000  3.469528770055E-003 -4.779936474430E-003  5.933129097864E-003
  6.164350229902E+000  3.213263167867E-003 -4.460878987351E-003  5.571300863099E-003
  6.220521981762E+000  2.971292951879E-003 -4.157723694691E-003  5.225993370471E-003
  6.277392932215E+000  2.743110307517E-003 -3.869973460013E-003  4.896731869530E-003
  6.334974703589E+000  2.528212320091E-003 -3.597134634570E-003  4.583044842198E-003
  6.393279160860E+000  2.326101354378E-003 -3.338717378284E-003  4.284464280984E-003
  6.452318417752E+000  2.136285431666E-003 -3.094235978880E-003  4.000525954713E-003
  6.512104843026E+000  1.958278603623E-003 -2.863209169272E-003  3.730769663159E-003
  6.572651066946E+000  1.791601322289E-003 -2.645160443219E-003  3.474739481942E-003
  6.633969987942E+000  1.635780805465E-003 -2.439618369192E-003  3.231983998965E-003
  6.696074779472E+000  1.490351396691E-003 -2.246116902346E-003  3.002056543617E-003
  6.758978897091E+000  1.354854918998E-003 -2.064195694384E-003  2.784515409829E-003
  6.822696085726E+000  1.228841021563E-003 -1.893400401051E-003  2.578924074037E-003
  6.887240387180E+000  1.111867518339E-003 -1.733282986908E-003  2.384851408933E-003
  6.952626147859E+000  1.003500717736E-003 -1.583402026941E-003  2.201871893825E-003
  7.018868026732E+000  9.033157423565E-004 -1.443323004532E-003  2.029565822271E-003
  7.085981003543E+000  8.108968378052E-004 -1.312618605190E-003  1.867519507544E-003
  7.153980387268E+000  7.258376695281E-004 -1.190869005394E-003  1.715325486349E-003
  7.222881824836E+000  6.477416066612E-004 -1.077662155846E-003  1.572582721083E-003
  7.292701310121E+000  5.762219918318E-004 -9.725940583321E-004  1.438896800779E-003
  7.363455193219E+000  5.109023958669E-004 -8.752690353507E-004  1.313880140778E-003
  7.435160190001E+000  4.514168563647E-004 -7.852999916189E-004  1.197152180991E-003
  7.507833391988E+000  3.974100990952E-004 -7.023086664975E-004  1.088339582519E-003
  7.581492276516E+000  3.485377412184E-004 -6.259258763532E-004  9.870764222612E-004
  7.656154717242E+000  3.044664753350E-004 -5.557917458347E-004  8.930043850083E-004
  7.731838994973E+000  2.648742334196E-004 -4.915559270160E-004  8.057729524220E-004
  7.808563808847E+000  2.294503297323E-004 -4.328778053453E-004  7.250395881825E-004
  7.886348287874E+000  1.978955818570E-004 -3.794266913297E-004  6.504699184911E-004
  7.965212002848E+000  1.699224090735E-004 -3.308819968936E-004  5.817379070275E-004
  8.045174978646E+000  1.452549073453E-004 -2.869333953575E-004  5.185260233846E-004
  8.126257706932E+000  1.236289002768E-004 -2.472809640141E-004  4.605254039409E-004
  8.208481159274E+000  1.047919654862E-004 -2.116353083105E-004  4.074360040769E-004
  8.291866800694E+000  8.850343592857E-005 -1.797176666954E-004  3.589667406073E-004
  8.376436603664E+000  7.453437581049E-005 -1.512599952439E-004  3.148356232766E-004
  8.462213062574E+000  6.266753084211E-005 -1.260050312462E-004  2.747698741571E-004
  8.549219208676E+000  5.269725269036E-005 -1.037063350199E-004  2.385060337970E-004
  8.637478625536E+000  4.442939761670E-005 -8.412830930030E-005  2.057900529872E-004
  8.727015464999E+000  3.768119940938E-005 -6.704619565828E-005  1.763773690527E-004
  8.817854463709E+000  3.228111685052E-005 -5.224604750605E-005  1.500329656278E-004
  8.910020960175E+000  2.806865609229E-005 -3.952467936619E-005  1.265314149415E-004
  9.003540912431E+000  2.489416845273E-005 -2.868959220500E-005  1.056569017183E-004
  9.098440916308E+000  2.261862427955E-005 -1.955887476145E-005  8.720322789773E-005
  9.194748224321E+000  2.111336366839E-005 -1.196108094026E-005  7.097379747977E-005
  9.292490765233E+000  2.025982495930E-005 -5.735083478768E-006  5.678158092399E-005
  9.391697164283E+000  1.994925207033E-005 -7.299042418880E-007  4.444905865805E-005
  9.492396764138E+000  2.008238185922E-005  3.195478353481E-006  3.380814339009E-005
  9.594619646576E+000  2.056911283158E-005  6.172344136185E-006  2.470008106489E-005
  9.698396654938E+000  2.132815663539E-005  8.322467405215E-006  1.697533045594E-005
  9.803759417385E+000  2.228667389645E-005  9.758373640899E-006  1.049342154197E-005
  9.910740370981E+000  2.337989605509E-005  1.058361562200E-005  5.122792976044E-006
  1.001937278665E+001  2.455073496148E-005  1.089306773207E-005  7.406091157500E-007
  1.012969079502E+001  2.574938207204E-005  1.077323710923E-005 -2.767442756849E-006
  1.024172941323E+001  2.693289916369E-005  1.030259017247E-005 -5.507374239762E-006
  1.035552457272E+001  2.806480254301E-005  9.551892945964E-006 -7.577135701080E-006
  1.047111314798E+001  2.911464277450E-005  8.584563502270E-006 -9.066873168538E-006
  1.058853298647E+001  3.005758198392E-005  7.457034756712E-006 -1.005920099370E-005
  1.070782293953E+001  3.087397080895E-005  6.219125770102E-006 -1.062948893623E-005
  1.082902289454E+001  3.154892707003E-005  4.914419656261E-006 -1.084616219554E-005
  1.095217380826E+001  3.207191821739E-005  3.580646145449E-006 -1.077101281131E-005
  1.107731774137E+001  3.243634957725E-005  2.250066825713E-006 -1.045952076294E-005
  1.120449789442E+001  3.263916036998E-005  9.498610718498E-007 -9.961183021632E-006
  1.133375864507E+001  3.268042940561E-005 -2.974893233117E-007 -9.319848748747E-006
  1.146514558681E+001  3.256299227858E-005 -1.473818778067E-006 -8.574058791477E-006
  1.159870556913E+001  3.229207178334E-005 -2.564901733956E-006 -7.757387601783E-006
  1.173448673928E+001  3.187492315750E-005 -3.560083515736E-006 -6.898785698118E-006
  1.187253858566E+001  3.132049562896E-005 -4.451920029224E-006 -6.022920801329E-006
  1.201291198287E+001  3.063911160019E-005 -5.235827995685E-006 -5.150515806752E-006
  1.215565923859E+001  2.984216464742E-005 -5.909747314249E-006 -4.298681803311E-006
  1.230083414231E+001  2.894183734612E-005 -6.473817021940E-006 -3.481244417174E-006
  1.244849201595E+001  2.795083975905E-005 -6.930066185440E-006 -2.709061841317E-006
  1.259868976657E+001  2.688216924065E-005 -7.282120911105E-006 -1.990333012349E-006
  1.275148594119E+001  2.574889202401E-005 -7.534928501651E-006 -1.330894510954E-006
  1.290694078384E+001  2.456394686565E-005 -7.694499621092E-006 -7.345048908621E-007
  1.306511629490E+001  2.333997083174E-005 -7.767669155787E-006 -2.031152818672E-007
  1.322607629292E+001  2.208914711858E-005 -7.761876281058E-006  2.628747367410E-007
  1.338988647898E+001  2.082307461345E-005 -7.684964061731E-006  6.643768368699E-007
  1.355661450375E+001  1.955265872028E-005 -7.544998733469E-006  1.003389895569E-006
  1.372633003727E+001  1.828802280181E-005 -7.350108632166E-006  1.282792711902E-006
  1.389910484176E+001  1.703843942631E-005 -7.108342563087E-006  1.506153825098E-006
  1.407501284743E+001  1.581228045670E-005 -6.827547232278E-006  1.677558601442E-006
  1.425413023161E+001  1.461698488267E-005 -6.515263201991E-006  1.801453589140E-006
  1.443653550117E+001  1.345904317599E-005 -6.178638681691E-006  1.882507977076E-006
  1.462230957852E+001  1.234399684530E-005 -5.824360328369E-006  1.925491837181E-006
  1.481153589140E+001  1.127645178228E-005 -5.458600106229E-006  1.935170682975E-006
  1.500430046649E+001  1.026010392525E-005 -5.086977147773E-006  1.916215740745E-006
  1.520069202718E+001  9.297775721605E-006 -4.714533467132E-006  1.873129206425E-006
  1.540080209569E+001  8.391461845940E-006 -4.345722303207E-006  1.810183652058E-006
  1.560472509963E+001  7.542382626752E-006 -3.984407815479E-006  1.731374651953E-006
  1.581255848342E+001  6.751043651230E-006 -3.633874819507E-006  1.640385621395E-006
  1.602440282470E+001  6.017300053645E-006 -3.296847232390E-006  1.540563800523E-006
  1.624036195599E+001  5.340424047530E-006 -2.975513900328E-006  1.434906273310E-006
  1.646054309190E+001  4.719174333854E-006 -2.671560500515E-006  1.326054886428E-006
  1.668505696224E+001  4.151866104972E-006 -2.386206246784E-006  1.216298924938E-006
  1.691401795117E+001  3.636440465567E-006 -2.120244181691E-006  1.107584410612E-006
  1.714754424293E+001  3.170532204807E-006 -1.874083905440E-006  1.001528913500E-006
  1.738575797433E+001  2.751534976311E-006 -1.647795672567E-006  8.994408068308E-007
  1.762878539445E+001  2.376663071732E-006 -1.441154878586E-006  8.023419482121E-007
  1.787675703191E+001  2.043009107317E-006 -1.253686058921E-006  7.109928346666E-007
  1.812980787015E+001  1.747597078118E-006 -1.084705628903E-006  6.259193535816E-007
  1.838807753110E+001  1.487430369035E-006 -9.333627044803E-007  5.474403341760E-007
  1.865171046781E+001  1.259534443134E-006 -7.986774558781E-007  4.756951926078E-007
  1.892085616642E+001  1.060994053407E-006 -6.795765588793E-007  4.106710562809E-007
  1.919566935809E+001  8.889849421298E-007 -5.749254181919E-007  3.522288471924E-007
  1.947631024137E+001  7.408001004494E-007 -4.835569427473E-007  3.001278983081E-007
  1.976294471571E+001  6.138707581242E-007 -4.042967517751E-007  2.540487690474E-007
  2.005574462663E+001  5.057823582397E-007 -3.359847816001E-007  2.136140142675E-007
  2.035488802332E+001  4.142858432622E-007 -2.774933449609E-007  1.784067440980E-007
  2.066055942930E+001  3.373046364455E-007 -2.277417662409E-007  1.479868882567E-007
  2.097295012706E+001  2.729377461510E-007 -1.857077766115E-007  1.219051469963E-007
  2.129225845729E+001  2.194594502580E-007 -1.504359023110E-007  9.971467077429E-008
  2.161869013374E+001  1.753160340162E-007 -1.210431170499E-007  8.098056156914E-008
  2.195245857462E+001  1.391200582497E-007 -9.672205604658E-008  6.528733022254E-008
  2.229378525140E+001  1.096426268409E-007 -7.674210497378E-008  5.224447629497E-008
  2.264290005632E+001  8.580410422950E-008 -6.044868287287E-008  4.149037993132E-008
  2.300004168951E+001  6.666370674093E-008 -4.726103484394E-008  3.269470965271E-008
  2.336545806705E+001  5.140835753836E-008 -3.666883917282E-008  2.555955650551E-008
  2.373940675129E+001  3.934115554555E-008 -2.822791577155E-008  1.981950446605E-008
  2.412215540475E+001  2.986976550881E-008 -2.155529971641E-008  1.524084039251E-008
  2.451398226921E+001  2.249499109262E-008 -1.632391662100E-008  1.162009518755E-008
  2.491517667142E+001  1.679974707766E-008 -1.225706691467E-008  8.782092274628E-009
  2.532603955735E+001  1.243860175047E-008 -9.122895071200E-009  6.577661080459E-009
  2.574688405660E+001  9.128017660431E-009 -6.728988611184E-009  4.881152996658E-009
  2.617803607920E+001  6.637379086279E-009 -4.917221306363E-009  3.587876228083E-009
  2.661983494664E+001  4.780858592596E-009 -3.558926309986E-009  2.611544885113E-009
  2.707263405971E+001  3.410143528929E-009 -2.550458613546E-009  1.881817377249E-009
  2.753680160532E+001  2.408016567426E-009 -1.809182795118E-009  1.341980214904E-009
  2.801272130518E+001  1.682762512032E-009 -1.269901807013E-009  9.468161791479E-010
  2.850079320900E+001  1.163356573793E-009 -8.817257094624E-010  6.606807867998E-010
  2.900143453541E+001  7.953768560570E-010 -6.053657972138E-010  4.557982354466E-010
  2.951508056378E+001  5.375755587393E-010 -4.108293588910E-010  3.107776110535E-010
  3.004218558064E+001  3.590389189045E-010 -2.754831178355E-010  2.093420239400E-010
  3.058322388437E+001  2.368646154893E-010 -1.824489091896E-010  1.392573637196E-010
  3.113869085248E+001  1.542867046856E-010 -1.192929778114E-010  9.144332071034E-011
  3.170910407585E+001  9.918154198564E-011 -7.697003307872E-011  5.924695568959E-011
  3.229500456485E+001  6.289303275483E-011 -4.898446253799E-011  3.785813248326E-011
  3.289695803249E+001  3.932142570249E-011 -3.073349466647E-011  2.384627335381E-011
  3.351555626047E+001  2.422627335034E-011 -1.900025115605E-011  1.479887949073E-011
  3.415141855403E+001  1.470075171083E-011 -1.156822369667E-011  9.043823905986E-012
  3.480519329257E+001  8.780954235891E-012 -6.932482432136E-012  5.439348082552E-012
  3.547755958299E+001  5.159824078593E-012 -4.086660013217E-012  3.217789201504E-012
  3.616922902393E+001  2.980905946327E-012 -2.368296680834E-012  1.871182241092E-012
  3.688094758921E+001  1.691989757240E-012 -1.348368048438E-012  1.068908871786E-012
  3.761349763993E+001  9.429421747991E-013 -7.536822729961E-013  5.994259054543E-013
  3.836770007534E+001  5.155812924192E-013 -4.132981363791E-013  3.297536969489E-013
  3.914441663347E+001  2.763790263865E-013 -2.221804528757E-013  1.778182683359E-013
  3.994455235367E+001  1.451320022032E-013 -1.169959068346E-013  9.391867665523E-014
  4.076905821405E+001  7.459470881205E-014 -6.029693910755E-014  4.854616394385E-014
  4.161893395835E+001  3.749361261720E-014 -3.038771913803E-014  2.453605667424E-014
  4.249523112779E+001  1.841232547201E-014 -1.496158395310E-014  1.211437234965E-014
  4.339905631520E+001  8.825482486402E-015 -7.189699625677E-015  5.837426315320E-015
  4.433157466006E+001  4.124776815891E-015 -3.368619965191E-015  2.742341682488E-015
  4.529401360538E+001  1.877691591014E-015 -1.537204545310E-015  1.254678707041E-015
  4.628766693861E+001  8.315987794728E-016 -6.824239425496E-016  5.584184034203E-016
  4.731389914191E+001  3.578869165518E-016 -2.943723532726E-016  2.414799985284E-016
  4.837415007871E+001  1.494746899593E-016 -1.232275988089E-016  1.013317751810E-016
  4.946994004686E+001  6.050561940556E-017 -4.999240743949E-017  4.120698206959E-017
  5.060287523143E+001  2.370353381492E-017 -1.962767535182E-017  1.621589734488E-017
  5.177465359367E+001  8.973615134931E-018 -7.446471910761E-018  6.166020674670E-018
  5.298707123650E+001  3.277693864358E-018 -2.725582020333E-018  2.261900796241E-018
  5.424202929116E+001  1.153147751529E-018 -9.608695833689E-019  7.991288466540E-019
  5.554154137419E+001  3.900700728958E-019 -3.256807294711E-019  2.714321341278E-019
  5.688774166961E+001  1.266252287455E-019 -1.059305839315E-019  8.846810735854E-020
  5.828289369667E+001  3.936829136911E-020 -3.299753891139E-020  2.761359568216E-020
  5.972939983075E+001  1.169759640990E-020 -9.823088214571E-021  8.236560345817E-021
  6.122981165190E+001  3.314268741766E-021 -2.788293667154E-021  2.342467976084E-021
  6.278684120462E+001  8.932540358050E-022 -7.528500501791E-022  6.336687624648E-022
  6.440337326150E+001  2.284266217895E-022 -1.928619711138E-022  1.626300859643E-022
  6.608247869451E+001  5.527377659308E-023 -4.674868915599E-023  3.949175661795E-023
  6.782742906960E+001  1.261916924657E-023 -1.069093867644E-023  9.047284441520E-024
  6.964171259434E+001  2.709793573216E-024 -2.299538773395E-024  1.949358008392E-024
  7.152905156377E+001  5.455058548760E-025 -4.636693507474E-025  3.937233600378E-025
  7.349342146763E+001  1.025855661662E-025 -8.733432453686E-026  7.428198756221E-026
  7.553907194217E+001  1.795380099750E-026 -1.530842187122E-026  1.304154128083E-026
  7.767054977292E+001  2.912422655298E-027 -2.487078988777E-027  2.122132821383E-027
  7.989272418113E+001  4.360134099762E-028 -3.728913502829E-028  3.186652067802E-028
  8.221081465675E+001  5.996206984019E-029 -5.135618384978E-029  4.395412382245E-029
  8.463042163523E+001  7.537389212540E-030 -6.464833855951E-030  5.541205944163E-030
  8.715756035520E+001  8.614067697508E-031 -7.398639674880E-031  6.350744413470E-031
  8.979869827958E+001  8.898950466906E-032 -7.653792113908E-032  6.579021925693E-032
  9.256079651532E+001  8.258881803414E-033 -7.112802192451E-033  6.122427783681E-033
  9.545135572765E+001  6.839986597214E-034 -5.898531295725E-034  5.084072279769E-034
  9.847846711487E+001  5.018932929432E-035 -4.333681059543E-035  3.740214744096E-035
  1.016508690915E+002  3.237496363905E-036 -2.798979534707E-036  2.418790201884E-036
  1.049780104220E+002  1.820509957276E-037 -1.575856008441E-037  1.363519191168E-037
  1.084701206579E+002  8.843088456966E-039 -7.663882398730E-039  6.639377908472E-039
  1.121382888606E+002  3.674090728286E-040 -3.187899797964E-040  2.765061934148E-040
  1.159945517414E+002  1.291727768785E-041 -1.122081534785E-041  9.743932888499E-042
  1.200519925308E+002  3.798407082981E-043 -3.303257607557E-043  2.871773664700E-043
  1.243248520934E+002  9.224150948750E-045 -8.030524365903E-045  6.989369369697E-045
  1.288286540551E+002  1.824453848827E-046 -1.590069694681E-046  1.385431925395E-046
  1.335803459987E+002  2.895046352605E-048 -2.525770813715E-048  2.203061989964E-048
  1.385984591287E+002  3.625052003373E-050 -3.165900894021E-050  2.764285024724E-050
  1.439032892205E+002  3.517580269500E-052 -3.075115317929E-052  2.687749531983E-052
  1.495171021587E+002  2.593074707256E-054 -2.269115149426E-054  1.985249644370E-054
  1.554643679592E+002  1.420828773792E-056 -1.244506881424E-056  1.089874717412E-056
  1.617720278763E+002  5.649098241234E-059 -4.952663325304E-059  4.341386003771E-059
  1.684698000514E+002  1.587098521755E-061 -1.392700977855E-061  1.221933526613E-061
  1.755905301928E+002  3.059695447593E-064 -2.687304165884E-064  2.359916081561E-064
  1.831705950299E+002  3.918257121347E-067 -3.444344827656E-067  3.027376676985E-067
  1.912503678195E+002  3.215042548695E-070 -2.828564164289E-070  2.488262398530E-070
  1.998747570544E+002  1.623815327494E-073 -1.429789900991E-073  1.258818173827E-073
  2.090938318328E+002  4.827419886505E-077 -4.254002204535E-077  3.748345236085E-077
  2.189635501945E+002  8.035385335438E-081 -7.086426087508E-081  6.249004068429E-081
  2.295466102647E+002  7.080723190419E-085 -6.249237924839E-085  5.514967679773E-085
  2.409134484547E+002  3.101610597682E-089 -2.739407699380E-089  2.419333596419E-089
  2.531434144886E+002  6.291174791432E-094 -5.560479828289E-094  4.914342723120E-094
  2.663261599835E+002  5.453859116080E-099 -4.823772324081E-099  4.266237980111E-099
  2.805632861191E+002  1.845239851320E-104 -1.633162568352E-104  1.445386246113E-104
  2.959703071532E+002  2.197456789841E-110 -1.946175775322E-110  1.723550459356E-110
  3.126790009236E+002  8.187045937510E-117 -7.255470380254E-117  6.429634150335E-117
  3.308402360200E+002  8.338229464885E-124 -7.394016163927E-124  6.556487402452E-124
  3.506273893903E+002  1.987976529618E-131 -1.763915052836E-131  1.565056906629E-131
  3.722404996260E+002  9.277397639810E-140 -8.236527853516E-140  7.312229904576E-140
  3.959113426415E+002  6.887588009513E-149 -6.118268651851E-149  5.434743547560E-149
  4.219096715122E+002  6.390252669418E-159 -5.679559519167E-159  5.047795339736E-159
  4.505509359373E+002  5.587219183944E-170 -4.968433740367E-170  4.418094018777E-170
  4.822058963204E+002  3.303780394292E-182 -2.939369078198E-182  2.615109078152E-182
  5.173126831536E+002  8.926458328718E-196 -7.945721404186E-196  7.072634129603E-196
  5.563920392209E+002  6.914964341343E-211 -6.158109420532E-211  5.484025080469E-211
  6.000667421536E+002  8.795379887986E-228 -7.836236240726E-228  6.981613225868E-228
  6.490865708786E+002  9.388454382837E-247 -8.368250822268E-247  7.458840330426E-247
  7.043607010442E+002  3.726816915300E-268 -3.323216035817E-268  2.963300749149E-268
  7.670001674974E+002  2.034732340852E-292 -1.815097834408E-292  1.619160726452E-292
  8.383741345464E+002  0.000000000000E+000  0.000000000000E+000  0.000000000000E+000
  9.201853543213E+002  0.000000000000E+000  0.000000000000E+000  0.000000000000E+000
  1.014572672318E+003  0.000000000000E+000  0.000000000000E+000  0.000000000000E+000
  1.124252254996E+003  0.000000000000E+000  0.000000000000E+000  0.000000000000E+000
  1.252715205428E+003  0.000000000000E+000  0.000000000000E+000  0.000000000000E+000
  1.404508845568E+003  0.000000000000E+000  0.000000000000E+000  0.000000000000E+000
  1.585644739908E+003  0.000000000000E+000  0.000000000000E+000  0.000000000000E+000
  1.804203189488E+003  0.000000000000E+000  0.000000000000E+000  0.000000000000E+000
  2.071250249814E+003  0.000000000000E+000  0.000000000000E+000  0.000000000000E+000
  2.402266552340E+003  0.000000000000E+000  0.000000000000E+000  0.000000000000E+000
  2.819442449497E+003  0.000000000000E+000  0.000000000000E+000  0.000000000000E+000
  3.355496240167E+003  0.000000000000E+000  0.000000000000E+000  0.000000000000E+000
  4.060290442982E+003  0.000000000000E+000  0.000000000000E+000  0.000000000000E+000
  5.012860622227E+003  0.000000000000E+000  0.000000000000E+000  0.000000000000E+000
  6.344578802016E+003  0.000000000000E+000  0.000000000000E+000  0.000000000000E+000
  8.287000878586E+003  0.000000000000E+000  0.000000000000E+000  0.000000000000E+000
  1.127976970933E+004  0.000000000000E+000  0.000000000000E+000  0.000000000000E+000
  1.624316171036E+004  0.000000000000E+000  0.000000000000E+000  0.000000000000E+000
  2.538031516868E+004  0.000000000000E+000  0.000000000000E+000  0.000000000000E+000
  4.512107881524E+004  0.000000000000E+000  0.000000000000E+000  0.000000000000E+000
  1.015232606647E+005  0.000000000000E+000  0.000000000000E+000  0.000000000000E+000
  4.060950426526E+005  0.000000000000E+000  0.000000000000E+000  0.000000000000E+000
