# 1st line: number of mesh points
# abcissa wavefunction wavefunction_1st wavefunction_2nd
1000
# Principal QN=   4 , l=   0 , Occupation=   2.0000
  2.462477732966E-006  1.882040781087E+001 -7.546772347604E+002  2.675648722704E+004
  9.849959442330E-006  1.881483337665E+001 -7.544796013859E+002  2.674845099510E+004
  2.216259066178E-005  1.880554577476E+001 -7.541503399995E+002  2.673506338019E+004
  3.940061395432E-005  1.879254968486E+001 -7.536896418091E+002  2.671633353220E+004
  6.156436892224E-005  1.877585165230E+001 -7.530977742080E+002  2.669227424576E+004
  8.865429222131E-005  1.875546008202E+001 -7.523750804783E+002  2.666290194511E+004
  1.206709175794E-004  1.873138523061E+001 -7.515219794093E+002  2.662823666463E+004
  1.576148758184E-004  1.870363919675E+001 -7.505389648341E+002  2.658830202509E+004
  1.994868948811E-004  1.867223590988E+001 -7.494266050813E+002  2.654312520576E+004
  2.462877998613E-004  1.863719111718E+001 -7.481855423472E+002  2.649273691227E+004
  2.980185130383E-004  1.859852236885E+001 -7.468164919856E+002  2.643717134036E+004
  3.546800539158E-004  1.855624900183E+001 -7.453202417189E+002  2.637646613558E+004
  4.162735392647E-004  1.851039212176E+001 -7.436976507702E+002  2.631066234896E+004
  4.828001831694E-004  1.846097458345E+001 -7.419496489191E+002  2.623980438879E+004
  5.542612970792E-004  1.840802096974E+001 -7.400772354815E+002  2.616393996849E+004
  6.306582898628E-004  1.835155756875E+001 -7.380814782163E+002  2.608312005073E+004
  7.119926678676E-004  1.829161234979E+001 -7.359635121589E+002  2.599739878788E+004
  7.982660349828E-004  1.822821493760E+001 -7.337245383857E+002  2.590683345886E+004
  8.894800927067E-004  1.816139658532E+001 -7.313658227099E+002  2.581148440249E+004
  9.856366402179E-004  1.809119014600E+001 -7.288886943109E+002  2.571141494746E+004
  1.086737574451E-003  1.801763004275E+001 -7.262945443003E+002  2.560669133901E+004
  1.192784890174E-003  1.794075223762E+001 -7.235848242253E+002  2.549738266252E+004
  1.303780680078E-003  1.786059419918E+001 -7.207610445143E+002  2.538356076396E+004
  1.419727134858E-003  1.777719486895E+001 -7.178247728636E+002  2.526530016749E+004
  1.540626543307E-003  1.769059462663E+001 -7.147776325716E+002  2.514267799026E+004
  1.666481292416E-003  1.760083525420E+001 -7.116213008202E+002  2.501577385456E+004
  1.797293867468E-003  1.750795989897E+001 -7.083575069072E+002  2.488466979746E+004
  1.933066852148E-003  1.741201303570E+001 -7.049880304327E+002  2.474945017804E+004
  2.073802928647E-003  1.731304042764E+001 -7.015146994421E+002  2.461020158242E+004
  2.219504877777E-003  1.721108908679E+001 -6.979393885276E+002  2.446701272670E+004
  2.370175579090E-003  1.710620723322E+001 -6.942640168934E+002  2.431997435796E+004
  2.525818010992E-003  1.699844425373E+001 -6.904905463843E+002  2.416917915344E+004
  2.686435250879E-003  1.688785065963E+001 -6.866209794842E+002  2.401472161817E+004
  2.852030475254E-003  1.677447804403E+001 -6.826573572850E+002  2.385669798100E+004
  3.022606959872E-003  1.665837903838E+001 -6.786017574298E+002  2.369520608945E+004
  3.198168079872E-003  1.653960726853E+001 -6.744562920338E+002  2.353034530326E+004
  3.378717309917E-003  1.641821731030E+001 -6.702231055852E+002  2.336221638704E+004
  3.564258224347E-003  1.629426464464E+001 -6.659043728307E+002  2.319092140201E+004
  3.754794497325E-003  1.616780561237E+001 -6.615022966463E+002  2.301656359710E+004
  3.950329902993E-003  1.603889736866E+001 -6.570191058990E+002  2.283924729953E+004
  4.150868315631E-003  1.590759783729E+001 -6.524570533013E+002  2.265907780493E+004
  4.356413709820E-003  1.577396566462E+001 -6.478184132609E+002  2.247616126743E+004
  4.566970160612E-003  1.563806017359E+001 -6.431054797304E+002  2.229060458951E+004
  4.782541843700E-003  1.549994131747E+001 -6.383205640591E+002  2.210251531214E+004
  5.003133035593E-003  1.535966963380E+001 -6.334659928489E+002  2.191200150506E+004
  5.228748113801E-003  1.521730619820E+001 -6.285441058198E+002  2.171917165753E+004
  5.459391557015E-003  1.507291257840E+001 -6.235572536850E+002  2.152413456971E+004
  5.695067945303E-003  1.492655078839E+001 -6.185077960416E+002  2.132699924465E+004
  5.935781960296E-003  1.477828324280E+001 -6.133980992765E+002  2.112787478130E+004
  6.181538385392E-003  1.462817271154E+001 -6.082305344929E+002  2.092687026840E+004
  6.432342105956E-003  1.447628227477E+001 -6.030074754590E+002  2.072409467966E+004
  6.688198109528E-003  1.432267527825E+001 -5.977312965814E+002  2.051965677016E+004
  6.949111486034E-003  1.416741528908E+001 -5.924043709064E+002  2.031366497426E+004
  7.215087428003E-003  1.401056605200E+001 -5.870290681512E+002  2.010622730502E+004
  7.486131230784E-003  1.385219144613E+001 -5.816077527679E+002  1.989745125537E+004
  7.762248292776E-003  1.369235544229E+001 -5.761427820423E+002  1.968744370111E+004
  8.043444115654E-003  1.353112206097E+001 -5.706365042300E+002  1.947631080587E+004
  8.329724304602E-003  1.336855533090E+001 -5.650912567317E+002  1.926415792806E+004
  8.621094568555E-003  1.320471924840E+001 -5.595093643101E+002  1.905108953016E+004
  8.917560720438E-003  1.303967773734E+001 -5.538931373506E+002  1.883720909011E+004
  9.219128677417E-003  1.287349461001E+001 -5.482448701668E+002  1.862261901525E+004
  9.525804461149E-003  1.270623352867E+001 -5.425668393539E+002  1.840742055869E+004
  9.837594198038E-003  1.253795796799E+001 -5.368613021902E+002  1.819171373821E+004
  1.015450411950E-002  1.236873117844E+001 -5.311304950902E+002  1.797559725793E+004
  1.047654056222E-002  1.219861615039E+001 -5.253766321082E+002  1.775916843266E+004
  1.080370996845E-002  1.202767557935E+001 -5.196019034970E+002  1.754252311512E+004
  1.113601888623E-002  1.185597183199E+001 -5.138084743196E+002  1.732575562604E+004
  1.147347396972E-002  1.168356691325E+001 -5.079984831177E+002  1.710895868719E+004
  1.181608197948E-002  1.151052243433E+001 -5.021740406370E+002  1.689222335755E+004
  1.216384978272E-002  1.133689958187E+001 -4.963372286096E+002  1.667563897240E+004
  1.251678435364E-002  1.116275908793E+001 -4.904900985954E+002  1.645929308566E+004
  1.287489277369E-002  1.098816120123E+001 -4.846346708831E+002  1.624327141538E+004
  1.323818223191E-002  1.081316565928E+001 -4.787729334505E+002  1.602765779236E+004
  1.360666002522E-002  1.063783166171E+001 -4.729068409852E+002  1.581253411211E+004
  1.398033355872E-002  1.046221784457E+001 -4.670383139664E+002  1.559798028997E+004
  1.435921034603E-002  1.028638225578E+001 -4.611692378073E+002  1.538407421962E+004
  1.474329800963E-002  1.011038233161E+001 -4.553014620586E+002  1.517089173476E+004
  1.513260428113E-002  9.934274874330E+000 -4.494367996733E+002  1.495850657423E+004
  1.552713700165E-002  9.758116030841E+000 -4.435770263321E+002  1.474699035027E+004
  1.592690412217E-002  9.581961272478E+000 -4.377238798304E+002  1.453641252024E+004
  1.633191370382E-002  9.405865375852E+000 -4.318790595248E+002  1.432684036150E+004
  1.674217391826E-002  9.229882404784E+000 -4.260442258406E+002  1.411833894965E+004
  1.715769304806E-002  9.054065693302E+000 -4.202209998387E+002  1.391097113997E+004
  1.757847948698E-002  8.878467829699E+000 -4.144109628410E+002  1.370479755210E+004
  1.800454174044E-002  8.703140641641E+000 -4.086156561150E+002  1.349987655796E+004
  1.843588842578E-002  8.528135182312E+000 -4.028365806150E+002  1.329626427275E+004
  1.887252827273E-002  8.353501717580E+000 -3.970751967812E+002  1.309401454916E+004
  1.931447012370E-002  8.179289714169E+000 -3.913329243928E+002  1.289317897455E+004
  1.976172293425E-002  8.005547828824E+000 -3.856111424773E+002  1.269380687127E+004
  2.021429577341E-002  7.832323898443E+000 -3.799111892725E+002  1.249594529984E+004
  2.067219782411E-002  7.659664931167E+000 -3.742343622407E+002  1.229963906514E+004
  2.113543838356E-002  7.487617098394E+000 -3.685819181347E+002  1.210493072537E+004
  2.160402686371E-002  7.316225727702E+000 -3.629550731121E+002  1.191186060382E+004
  2.207797279156E-002  7.145535296663E+000 -3.573550028992E+002  1.172046680337E+004
  2.255728580967E-002  6.975589427514E+000 -3.517828430009E+002  1.153078522356E+004
  2.304197567655E-002  6.806430882659E+000 -3.462396889555E+002  1.134284958031E+004
  2.353205226706E-002  6.638101560988E+000 -3.407265966342E+002  1.115669142803E+004
  2.402752557287E-002  6.470642494979E+000 -3.352445825814E+002  1.097234018419E+004
  2.452840570292E-002  6.304093848546E+000 -3.297946243960E+002  1.078982315613E+004
  2.503470288379E-002  6.138494915623E+000 -3.243776611507E+002  1.060916557013E+004
  2.554642746023E-002  5.973884119444E+000 -3.189945938485E+002  1.043039060260E+004
  2.606358989558E-002  5.810299012489E+000 -3.136462859138E+002  1.025351941330E+004
  2.658620077221E-002  5.647776277074E+000 -3.083335637172E+002  1.007857118046E+004
  2.711427079202E-002  5.486351726548E+000 -3.030572171308E+002  9.905563137788E+003
  2.764781077690E-002  5.326060307068E+000 -2.978180001133E+002  9.734510613164E+003
  2.818683166921E-002  5.166936099930E+000 -2.926166313228E+002  9.565427069026E+003
  2.873134453224E-002  5.009012324412E+000 -2.874537947550E+002  9.398324144243E+003
  2.928136055074E-002  4.852321341111E+000 -2.823301404048E+002  9.233211697446E+003
  2.983689103139E-002  4.696894655737E+000 -2.772462849503E+002  9.070097851685E+003
  3.039794740329E-002  4.542762923336E+000 -2.722028124565E+002  8.908989040304E+003
  3.096454121851E-002  4.389955952912E+000 -2.672002750964E+002  8.749890053954E+003
  3.153668415253E-002  4.238502712421E+000 -2.622391938894E+002  8.592804088612E+003
  3.211438800486E-002  4.088431334105E+000 -2.573200594523E+002  8.437732794522E+003
  3.269766469947E-002  3.939769120137E+000 -2.524433327646E+002  8.284676325949E+003
  3.328652628537E-002  3.792542548550E+000 -2.476094459426E+002  8.133633391638E+003
  3.388098493714E-002  3.646777279428E+000 -2.428188030229E+002  7.984601305891E+003
  3.448105295547E-002  3.502498161317E+000 -2.380717807533E+002  7.837576040140E+003
  3.508674276771E-002  3.359729237851E+000 -2.333687293881E+002  7.692552274941E+003
  3.569806692844E-002  3.218493754550E+000 -2.287099734869E+002  7.549523452267E+003
  3.631503812000E-002  3.078814165769E+000 -2.240958127160E+002  7.408481828020E+003
  3.693766915309E-002  2.940712141782E+000 -2.195265226489E+002  7.269418524661E+003
  3.756597296732E-002  2.804208575973E+000 -2.150023555659E+002  7.132323583864E+003
  3.819996263183E-002  2.669323592104E+000 -2.105235412506E+002  6.997186019104E+003
  3.883965134583E-002  2.536076551657E+000 -2.060902877819E+002  6.863993868090E+003
  3.948505243923E-002  2.404486061209E+000 -2.017027823197E+002  6.732734244958E+003
  4.013617937323E-002  2.274569979838E+000 -1.973611918841E+002  6.603393392133E+003
  4.079304574093E-002  2.146345426532E+000 -1.930656641247E+002  6.475956731789E+003
  4.145566526792E-002  2.019828787589E+000 -1.888163280808E+002  6.350408916815E+003
  4.212405181296E-002  1.895035723985E+000 -1.846132949305E+002  6.226733881223E+003
  4.279821936853E-002  1.771981178707E+000 -1.804566587264E+002  6.104914889915E+003
  4.347818206155E-002  1.650679384020E+000 -1.763464971191E+002  5.984934587747E+003
  4.416395415396E-002  1.531143868679E+000 -1.722828720652E+002  5.866775047809E+003
  4.485555004336E-002  1.413387465049E+000 -1.682658305207E+002  5.750417818875E+003
  4.555298426375E-002  1.297422316136E+000 -1.642954051171E+002  5.635843971946E+003
  4.625627148608E-002  1.183259882526E+000 -1.603716148210E+002  5.523034145836E+003
  4.696542651902E-002  1.070910949207E+000 -1.564944655755E+002  5.411968591743E+003
  4.768046430958E-002  9.603856322789E-001 -1.526639509226E+002  5.302627216760E+003
  4.840139994379E-002  8.516933855436E-001 -1.488800526068E+002  5.194989626266E+003
  4.912824864743E-002  7.448430069650E-001 -1.451427411584E+002  5.089035165166E+003
  4.986102578670E-002  6.398426450022E-001 -1.414519764561E+002  4.984742957932E+003
  5.059974686895E-002  5.366998048085E-001 -1.378077082698E+002  4.882091947406E+003
  5.134442754336E-002  4.354213542955E-001 -1.342098767809E+002  4.781060932333E+003
  5.209508360169E-002  3.360135300617E-001 -1.306584130818E+002  4.681628603599E+003
  5.285173097899E-002  2.384819431862E-001 -1.271532396532E+002  4.583773579136E+003
  5.361438575437E-002  1.428315848878E-001 -1.236942708199E+002  4.487474437476E+003
  5.438306415168E-002  4.906683205228E-002 -1.202814131843E+002  4.392709749939E+003
  5.515778254035E-002 -4.280854736977E-002 -1.169145660371E+002  4.299458111426E+003
  5.593855743605E-002 -1.327913890900E-001 -1.135936217468E+002  4.207698169810E+003
  5.672540550155E-002 -2.208791273306E-001 -1.103184661268E+002  4.117408653923E+003
  5.751834354743E-002 -3.070697897875E-001 -1.070889787799E+002  4.028568400111E+003
  5.831738853289E-002 -3.913619927030E-001 -1.039050334220E+002  3.941156377374E+003
  5.912255756656E-002 -4.737549360415E-001 -1.007664981833E+002  3.855151711076E+003
  5.993386790726E-002 -5.542483987588E-001 -9.767323588865E+001  3.770533705237E+003
  6.075133696481E-002 -6.328427341600E-001 -9.462510431692E+001  3.687281863407E+003
  6.157498230090E-002 -7.095388653350E-001 -9.162195643947E+001  3.605375908123E+003
  6.240482162984E-002 -7.843382806633E-001 -8.866364063857E+001  3.524795798978E+003
  6.324087281946E-002 -8.572430293792E-001 -8.575000090614E+001  3.445521749300E+003
  6.408315389190E-002 -9.282557171865E-001 -8.288087702307E+001  3.367534241458E+003
  6.493168302447E-002 -9.973795019129E-001 -8.005610471990E+001  3.290814040822E+003
  6.578647855056E-002 -1.064618089193E+000 -7.727551581939E+001  3.215342208394E+003
  6.664755896041E-002 -1.129975728172E+000 -7.453893836147E+001  3.141100112126E+003
  6.751494290207E-002 -1.193457207210E+000 -7.184619671136E+001  3.068069436964E+003
  6.838864918226E-002 -1.255067849592E+000 -6.919711165140E+001  2.996232193631E+003
  6.926869676725E-002 -1.314813509212E+000 -6.659150045733E+001  2.925570726192E+003
  7.015510478375E-002 -1.372700566239E+000 -6.402917695984E+001  2.856067718421E+003
  7.104789251987E-002 -1.428735922739E+000 -6.150995159182E+001  2.787706199009E+003
  7.194707942599E-002 -1.482926998248E+000 -5.903363142252E+001  2.720469545646E+003
  7.285268511573E-002 -1.535281725289E+000 -5.660002017888E+001  2.654341488012E+003
  7.376472936684E-002 -1.585808544809E+000 -5.420891825526E+001  2.589306109716E+003
  7.468323212221E-002 -1.634516401539E+000 -5.186012271208E+001  2.525347849222E+003
  7.560821349078E-002 -1.681414739256E+000 -4.955342726422E+001  2.462451499796E+003
  7.653969374850E-002 -1.726513495945E+000 -4.728862226014E+001  2.400602208522E+003
  7.747769333938E-002 -1.769823098838E+000 -4.506549465229E+001  2.339785474426E+003
  7.842223287637E-002 -1.811354459338E+000 -4.288382795979E+001  2.279987145748E+003
  7.937333314243E-002 -1.851118967802E+000 -4.074340222419E+001  2.221193416405E+003
  8.033101509154E-002 -1.889128488183E+000 -3.864399395895E+001  2.163390821693E+003
  8.129529984966E-002 -1.925395352514E+000 -3.658537609364E+001  2.106566233263E+003
  8.226620871580E-002 -1.959932355243E+000 -3.456731791357E+001  2.050706853427E+003
  8.324376316303E-002 -1.992752747386E+000 -3.258958499551E+001  1.995800208822E+003
  8.422798483957E-002 -2.023870230516E+000 -3.065193914055E+001  1.941834143495E+003
  8.521889556978E-002 -2.053298950558E+000 -2.875413830450E+001  1.888796811439E+003
  8.621651735528E-002 -2.081053491405E+000 -2.689593652691E+001  1.836676668622E+003
  8.722087237602E-002 -2.107148868333E+000 -2.507708385915E+001  1.785462464570E+003
  8.823198299134E-002 -2.131600521222E+000 -2.329732629250E+001  1.735143233530E+003
  8.924987174107E-002 -2.154424307567E+000 -2.155640568663E+001  1.685708285260E+003
  9.027456134670E-002 -2.175636495288E+000 -1.985405969948E+001  1.637147195493E+003
  9.130607471240E-002 -2.195253755322E+000 -1.819002171889E+001  1.589449796111E+003
  9.234443492626E-002 -2.213293154010E+000 -1.656402079669E+001  1.542606165078E+003
  9.338966526132E-002 -2.229772145263E+000 -1.497578158591E+001  1.496606616157E+003
  9.444178917683E-002 -2.244708562514E+000 -1.342502428153E+001  1.451441688465E+003
  9.550083031933E-002 -2.258120610456E+000 -1.191146456538E+001  1.407102135900E+003
  9.656681252387E-002 -2.270026856558E+000 -1.043481355565E+001  1.363578916470E+003
  9.763975981519E-002 -2.280446222372E+000 -8.994777761548E+000  1.320863181571E+003
  9.871969640891E-002 -2.289397974623E+000 -7.591059043452E+000  1.278946265239E+003
  9.980664671274E-002 -2.296901716089E+000 -6.223354579005E+000  1.237819673417E+003
  1.009006353277E-001 -2.302977376269E+000 -4.891356835554E+000  1.197475073264E+003
  1.020016870494E-001 -2.307645201851E+000 -3.594753549229E+000  1.157904282544E+003
  1.031098268692E-001 -2.310925746976E+000 -2.333227711015E+000  1.119099259116E+003
  1.042250799756E-001 -2.312839863307E+000 -1.106457560066E+000  1.081052090558E+003
  1.053474717553E-001 -2.313408689907E+000  8.588341547656E-002  1.043754983953E+003
  1.064770277946E-001 -2.312653642930E+000  1.244126469943E+000  1.007200255864E+003
  1.076137738809E-001 -2.310596405142E+000  2.368607583701E+000  9.713803225148E+002
  1.087577360036E-001 -2.307258915258E+000  3.459667438669E+000  9.362876902042E+002
  1.099089403557E-001 -2.302663357126E+000  4.517651385662E+000  9.019149459790E+002
  1.110674133350E-001 -2.296832148756E+000  5.542909403473E+000  8.682547485761E+002
  1.122331815458E-001 -2.289787931190E+000  6.535796049648E+000  8.352998196587E+002
  1.134062717995E-001 -2.281553557251E+000  7.496670402915E+000  8.030429353612E+002
  1.145867111168E-001 -2.272152080152E+000  8.425895997271E+000  7.714769181574E+002
  1.157745267286E-001 -2.261606741990E+000  9.323840747767E+000  7.405946290664E+002
  1.169697460775E-001 -2.249940962136E+000  1.019087686804E+001  7.103889602089E+002
  1.181723968193E-001 -2.237178325519E+000  1.102738077967E+001  6.808528277228E+002
  1.193825068243E-001 -2.223342570833E+000  1.183373301353E+001  6.519791650499E+002
  1.206001041787E-001 -2.208457578660E+000  1.261031810319E+001  6.237609165990E+002
  1.218252171865E-001 -2.192547359536E+000  1.335752447053E+001  5.961910317945E+002
  1.230578743703E-001 -2.175636041963E+000  1.407574430392E+001  5.692624595129E+002
  1.242981044731E-001 -2.157747860373E+000  1.476537342891E+001  5.429681429130E+002
  1.255459364600E-001 -2.138907143077E+000  1.542681117188E+001  5.173010146620E+002
  1.268013995194E-001 -2.119138300187E+000  1.606046021678E+001  4.922539925575E+002
  1.280645230647E-001 -2.098465811536E+000  1.666672645524E+001  4.678199755465E+002
  1.293353367356E-001 -2.076914214613E+000  1.724601883046E+001  4.439918401400E+002
  1.306138704000E-001 -2.054508092505E+000  1.779874917495E+001  4.207624372205E+002
  1.319001541553E-001 -2.031272061884E+000  1.832533204263E+001  3.981245892390E+002
  1.331942183303E-001 -2.007230761035E+000  1.882618453559E+001  3.760710877976E+002
  1.344960934863E-001 -1.982408837937E+000  1.930172612573E+001  3.545946916111E+002
  1.358058104191E-001 -1.956830938417E+000  1.975237847182E+001  3.336881248423E+002
  1.371234001607E-001 -1.930521694388E+000  2.017856523215E+001  3.133440758022E+002
  1.384488939805E-001 -1.903505712170E+000  2.058071187332E+001  2.935551960091E+002
  1.397823233874E-001 -1.875807560928E+000  2.095924547542E+001  2.743140995944E+002
  1.411237201313E-001 -1.847451761212E+000  2.131459453404E+001  2.556133630487E+002
  1.424731162050E-001 -1.818462773640E+000  2.164718875947E+001  2.374455252952E+002
  1.438305438454E-001 -1.788864987703E+000  2.195745887353E+001  2.198030880806E+002
  1.451960355357E-001 -1.758682710729E+000  2.224583640441E+001  2.026785166710E+002
  1.465696240072E-001 -1.727940157002E+000  2.251275347979E+001  1.860642408419E+002
  1.479513422405E-001 -1.696661437050E+000  2.275864261890E+001  1.699526561475E+002
  1.493412234681E-001 -1.664870547111E+000  2.298393652365E+001  1.543361254584E+002
  1.507393011753E-001 -1.632591358787E+000  2.318906786934E+001  1.392069807524E+002
  1.521456091027E-001 -1.599847608899E+000  2.337446909535E+001  1.245575251462E+002
  1.535601812478E-001 -1.566662889533E+000  2.354057219615E+001  1.103800351522E+002
  1.549830518669E-001 -1.533060638320E+000  2.368780851301E+001  9.666676314758E+001
  1.564142554766E-001 -1.499064128917E+000  2.381660852679E+001  8.340994004054E+001
  1.578538268564E-001 -1.464696461727E+000  2.392740165218E+001  7.060177811897E+001
  1.593018010499E-001 -1.429980554850E+000  2.402061603372E+001  5.823447406740E+001
  1.607582133673E-001 -1.394939135277E+000  2.409667834393E+001  4.630021213722E+001
  1.622230993867E-001 -1.359594730325E+000  2.415601358398E+001  3.479116745561E+001
  1.636964949568E-001 -1.323969659333E+000  2.419904488704E+001  2.369950945865E+001
  1.651784361984E-001 -1.288086025604E+000  2.422619332480E+001  1.301740543413E+001
  1.666689595063E-001 -1.251965708617E+000  2.423787771736E+001  2.737024159720E+000
  1.681681015517E-001 -1.215630356500E+000  2.423451444682E+001 -7.149460377635E+000
  1.696758992842E-001 -1.179101378770E+000  2.421651727476E+001 -1.664986519496E+001
  1.711923899335E-001 -1.142399939347E+000  2.418429716396E+001 -2.577199447285E+001
  1.727176110118E-001 -1.105546949840E+000  2.413826210461E+001 -3.452363567470E+001
  1.742516003158E-001 -1.068563063109E+000  2.407881694512E+001 -4.291255563875E+001
  1.757943959287E-001 -1.031468667102E+000  2.400636322784E+001 -5.094649665548E+001
  1.773460362227E-001 -9.942838789754E-001  2.392129902991E+001 -5.863317254274E+001
  1.789065598608E-001 -9.570285394840E-001  2.382401880930E+001 -6.598026473064E+001
  1.804760057990E-001 -9.197222076572E-001  2.371491325638E+001 -7.299541836748E+001
  1.820544132889E-001 -8.823841557497E-001  2.359436915097E+001 -7.968623845799E+001
  1.836418218792E-001 -8.450333644692E-001  2.346276922520E+001 -8.606028604428E+001
  1.852382714189E-001 -8.076885184810E-001  2.332049203214E+001 -9.212507443987E+001
  1.868438020586E-001 -7.703680021866E-001  2.316791182044E+001 -9.788806552605E+001
  1.884584542535E-001 -7.330898957734E-001  2.300539841495E+001 -1.033566661201E+002
  1.900822687655E-001 -6.958719715359E-001  2.283331710342E+001 -1.085382244239E+002
  1.917152866652E-001 -6.587316904617E-001  2.265202852948E+001 -1.134400265601E+002
  1.933575493349E-001 -6.216861990826E-001  2.246188859168E+001 -1.180692932056E+002
  1.950090984705E-001 -5.847523265851E-001  2.226324834882E+001 -1.224331763267E+002
  1.966699760840E-001 -5.479465821771E-001  2.205645393158E+001 -1.265387560240E+002
  1.983402245061E-001 -5.112851527071E-001  2.184184646027E+001 -1.303930374933E+002
  2.000198863884E-001 -4.747839005306E-001  2.161976196894E+001 -1.340029481062E+002
  2.017090047061E-001 -4.384583616193E-001  2.139053133556E+001 -1.373753346171E+002
  2.034076227605E-001 -4.023237439089E-001  2.115448021845E+001 -1.405169604999E+002
  2.051157841813E-001 -3.663949258791E-001  2.091192899877E+001 -1.434345034184E+002
  2.068335329293E-001 -3.306864553608E-001  2.066319272907E+001 -1.461345528342E+002
  2.085609132993E-001 -2.952125485655E-001  2.040858108777E+001 -1.486236077536E+002
  2.102979699219E-001 -2.599870893301E-001  2.014839833952E+001 -1.509080746177E+002
  2.120447477670E-001 -2.250236285725E-001  1.988294330135E+001 -1.529942653356E+002
  2.138012921459E-001 -1.903353839501E-001  1.961250931448E+001 -1.548883954633E+002
  2.155676487143E-001 -1.559352397165E-001  1.933738422161E+001 -1.565965825286E+002
  2.173438634747E-001 -1.218357467704E-001  1.905785034975E+001 -1.581248445024E+002
  2.191299827795E-001 -8.804912288779E-002  1.877418449821E+001 -1.594790984164E+002
  2.209260533334E-001 -5.458725313486E-002  1.848665793180E+001 -1.606651591275E+002
  2.227321221965E-001 -2.146169045139E-002  1.819553637901E+001 -1.616887382261E+002
  2.245482367870E-001  1.131634359916E-002  1.790108003503E+001 -1.625554430896E+002
  2.263744448840E-001  4.373595792087E-002  1.760354356940E+001 -1.632707760772E+002
  2.282107946304E-001  7.578659082378E-002  1.730317613822E+001 -1.638401338659E+002
  2.300573345358E-001  1.074580088161E-001  1.700022140069E+001 -1.642688069236E+002
  2.319141134796E-001  1.387403052566E-001  1.669491753978E+001 -1.645619791185E+002
  2.337811807137E-001  1.696238988740E-001  1.638749728693E+001 -1.647247274606E+002
  2.356585858657E-001  2.000995321586E-001  1.607818795053E+001 -1.647620219723E+002
  2.375463789419E-001  2.301582696339E-001  1.576721144799E+001 -1.646787256861E+002
  2.394446103301E-001  2.597914960126E-001  1.545478434133E+001 -1.644795947629E+002
  2.413533308032E-001  2.889909142450E-001  1.514111787598E+001 -1.641692787303E+002
  2.432725915217E-001  3.177485434631E-001  1.482641802261E+001 -1.637523208344E+002
  2.452024440374E-001  3.460567168295E-001  1.451088552191E+001 -1.632331585020E+002
  2.471429402963E-001  3.739080792929E-001  1.419471593206E+001 -1.626161239086E+002
  2.490941326418E-001  4.012955852595E-001  1.387809967867E+001 -1.619054446476E+002
  2.510560738180E-001  4.282124961823E-001  1.356122210710E+001 -1.611052444963E+002
  2.530288169732E-001  4.546523780757E-001  1.324426353697E+001 -1.602195442738E+002
  2.550124156627E-001  4.806090989589E-001  1.292739931853E+001 -1.592522627854E+002
  2.570069238527E-001  5.060768262346E-001  1.261079989099E+001 -1.582072178505E+002
  2.590123959233E-001  5.310500240050E-001  1.229463084236E+001 -1.570881274065E+002
  2.610288866721E-001  5.555234503323E-001  1.197905297085E+001 -1.558986106862E+002
  2.630564513176E-001  5.794921544458E-001  1.166422234751E+001 -1.546421894622E+002
  2.650951455027E-001  6.029514739007E-001  1.135029038008E+001 -1.533222893536E+002
  2.671450252982E-001  6.258970316921E-001  1.103740387777E+001 -1.519422411913E+002
  2.692061472063E-001  6.483247333274E-001  1.072570511697E+001 -1.505052824350E+002
  2.712785681644E-001  6.702307638615E-001  1.041533190755E+001 -1.490145586391E+002
  2.733623455485E-001  6.916115848966E-001  1.010641765987E+001 -1.474731249612E+002
  2.754575371771E-001  7.124639315508E-001  9.799091452057E+000 -1.458839477094E+002
  2.775642013146E-001  7.327848093975E-001  9.493478097761E+000 -1.442499059238E+002
  2.796823966754E-001  7.525714913788E-001  9.189698213947E+000 -1.425737929871E+002
  2.818121824272E-001  7.718215146944E-001  8.887868288843E+000 -1.408583182603E+002
  2.839536181956E-001  7.905326776691E-001  8.588100749822E+000 -1.391061087397E+002
  2.861067640671E-001  8.087030366000E-001  8.290504031145E+000 -1.373197107299E+002
  2.882716805935E-001  8.263309025863E-001  7.995182641463E+000 -1.355015915300E+002
  2.904484287958E-001  8.434148383424E-001  7.702237230994E+000 -1.336541411285E+002
  2.926370701682E-001  8.599536549955E-001  7.411764658285E+000 -1.317796739030E+002
  2.948376666818E-001  8.759464088702E-001  7.123858056484E+000 -1.298804303219E+002
  2.970502807892E-001  8.913923982603E-001  6.838606899048E+000 -1.279585786438E+002
  2.992749754281E-001  9.062911601887E-001  6.556097064828E+000 -1.260162166120E+002
  3.015118140259E-001  9.206424671562E-001  6.276410902462E+000 -1.240553731406E+002
  3.037608605035E-001  9.344463238809E-001  5.999627294031E+000 -1.220780099901E+002
  3.060221792797E-001  9.477029640268E-001  5.725821717922E+000 -1.200860234278E+002
  3.082958352758E-001  9.604128469240E-001  5.455066310873E+000 -1.180812458732E+002
  3.105818939192E-001  9.725766542791E-001  5.187429929139E+000 -1.160654475237E+002
  3.128804211487E-001  9.841952868769E-001  4.922978208769E+000 -1.140403379596E+002
  3.151914834180E-001  9.952698612733E-001  4.661773624963E+000 -1.120075677253E+002
  3.175151477009E-001  1.005801706479E+000  4.403875550486E+000 -1.099687298866E+002
  3.198514814953E-001  1.015792360636E+000  4.149340313120E+000 -1.079253615601E+002
  3.222005528283E-001  1.025243567678E+000  3.898221252160E+000 -1.058789454150E+002
  3.245624302601E-001  1.034157273995E+000  3.650568773930E+000 -1.038309111447E+002
  3.269371828894E-001  1.042535625069E+000  3.406430406324E+000 -1.017826369081E+002
  3.293248803576E-001  1.050380962120E+000  3.165850852385E+000 -9.973545073803E+001
  3.317255928537E-001  1.057695818723E+000  2.928872042904E+000 -9.769063191761E+001
  3.341393911192E-001  1.064482917427E+000  2.695533188081E+000 -9.564941232218E+001
  3.365663464529E-001  1.070745166354E+000  2.465870828234E+000 -9.361297772733E+001
  3.390065307159E-001  1.076485655791E+000  2.239918883590E+000 -9.158246908195E+001
  3.414600163363E-001  1.081707654769E+000  2.017708703167E+000 -8.955898374610E+001
  3.439268763145E-001  1.086414607622E+000  1.799269112782E+000 -8.754357669354E+001
  3.464071842282E-001  1.090610130544E+000  1.584626462197E+000 -8.553726167865E+001
  3.489010142374E-001  1.094298008122E+000  1.373804671440E+000 -8.354101236799E+001
  3.514084410898E-001  1.097482189857E+000  1.166825276322E+000 -8.155576343646E+001
  3.539295401259E-001  1.100166786674E+000  9.637074731923E-001 -7.958241162829E+001
  3.564643872842E-001  1.102356067411E+000  7.644681629554E-001 -7.762181678339E+001
  3.590130591069E-001  1.104054455296E+000  5.691219943841E-001 -7.567480282927E+001
  3.615756327448E-001  1.105266524406E+000  3.776814067704E-001 -7.374215873913E+001
  3.641521859632E-001  1.105996996109E+000  1.901566719441E-001 -7.182463945680E+001
  3.667427971473E-001  1.106250735494E+000  6.555935697847E-003 -6.992296678913E+001
  3.693475453076E-001  1.106032747778E+000 -1.731147413440E-001 -6.803783026651E+001
  3.719665100860E-001  1.105348174699E+000 -3.488513433760E-001 -6.616988797254E+001
  3.745997717609E-001  1.104202290895E+000 -5.206518595445E-001 -6.431976734349E+001
  3.772474112534E-001  1.102600500263E+000 -6.885162445245E-001 -6.248806593858E+001
  3.799095101331E-001  1.100548332300E+000 -8.524463795058E-001 -6.067535218207E+001
  3.825861506238E-001  1.098051438435E+000 -1.012446033549E+000 -5.888216607803E+001
  3.852774156096E-001  1.095115588335E+000 -1.168520825279E+000 -5.710901989903E+001
  3.879833886411E-001  1.091746666206E+000 -1.320678184878E+000 -5.535639884956E+001
  3.907041539409E-001  1.087950667070E+000 -1.468927316347E+000 -5.362476170548E+001
  3.934397964105E-001  1.083733693031E+000 -1.613279160000E+000 -5.191454143050E+001
  3.961904016361E-001  1.079101949534E+000 -1.753746355164E+000 -5.022614577077E+001
  3.989560558949E-001  1.074061741598E+000 -1.890343203045E+000 -4.855995782880E+001
  4.017368461617E-001  1.068619470047E+000 -2.023085629746E+000 -4.691633661775E+001
  4.045328601149E-001  1.062781627726E+000 -2.151991149395E+000 -4.529561759719E+001
  4.073441861437E-001  1.056554795710E+000 -2.277078827363E+000 -4.369811319156E+001
  4.101709133538E-001  1.049945639500E+000 -2.398369243560E+000 -4.212411329232E+001
  4.130131315750E-001  1.042960905211E+000 -2.515884455757E+000 -4.057388574487E+001
  4.158709313670E-001  1.035607415761E+000 -2.629647962952E+000 -3.904767682143E+001
  4.187444040269E-001  1.027892067047E+000 -2.739684668728E+000 -3.754571168078E+001
  4.216336415958E-001  1.019821824119E+000 -2.846020844605E+000 -3.606819481598E+001
  4.245387368658E-001  1.011403717359E+000 -2.948684093375E+000 -3.461531049106E+001
  4.274597833869E-001  1.002644838647E+000 -3.047703312383E+000 -3.318722316756E+001
  4.303968754741E-001  9.935523375400E-001 -3.143108656778E+000 -3.178407792195E+001
  4.333501082151E-001  9.841334174490E-001 -3.234931502698E+000 -3.040600085486E+001
  4.363195774768E-001  9.743953318215E-001 -3.323204410394E+000 -2.905309949280E+001
  4.393053799131E-001  9.643453803306E-001 -3.407961087286E+000 -2.772546318337E+001
  4.423076129724E-001  9.539909050741E-001 -3.489236350957E+000 -2.642316348476E+001
  4.453263749047E-001  9.433392867830E-001 -3.567066092066E+000 -2.514625455005E+001
  4.483617647698E-001  9.323979410440E-001 -3.641487237200E+000 -2.389477350737E+001
  4.514138824444E-001  9.211743145364E-001 -3.712537711660E+000 -2.266874083621E+001
  4.544828286302E-001  9.096758812862E-001 -3.780256402187E+000 -2.146816074081E+001
  4.575687048617E-001  8.979101389395E-001 -3.844683119630E+000 -2.029302152097E+001
  4.606716135142E-001  8.858846050572E-001 -3.905858561580E+000 -1.914329594095E+001
  4.637916578118E-001  8.736068134336E-001 -3.963824274961E+000 -1.801894159693E+001
  4.669289418353E-001  8.610843104406E-001 -4.018622618603E+000 -1.691990128334E+001
  4.700835705309E-001  8.483246514002E-001 -4.070296725808E+000 -1.584610335864E+001
  4.732556497182E-001  8.353353969877E-001 -4.118890466919E+000 -1.479746211079E+001
  4.764452860985E-001  8.221241096667E-001 -4.164448411917E+000 -1.377387812277E+001
  4.796525872639E-001  8.086983501597E-001 -4.207015793055E+000 -1.277523863834E+001
  4.828776617050E-001  7.950656739558E-001 -4.246638467553E+000 -1.180141792838E+001
  4.861206188205E-001  7.812336278574E-001 -4.283362880375E+000 -1.085227765788E+001
  4.893815689254E-001  7.672097465686E-001 -4.317236027105E+000 -9.927667253858E+000
  4.926606232602E-001  7.530015493276E-001 -4.348305416945E+000 -9.027424274183E+000
  4.959578939999E-001  7.386165365846E-001 -4.376619035862E+000 -8.151374777430E+000
  4.992734942630E-001  7.240621867281E-001 -4.402225309903E+000 -7.299333693832E+000
  5.026075381207E-001  7.093459528612E-001 -4.425173068707E+000 -6.471105197289E+000
  5.059601406064E-001  6.944752596295E-001 -4.445511509228E+000 -5.666483078407E+000
  5.093314177250E-001  6.794575001045E-001 -4.463290159716E+000 -4.885251118521E+000
  5.127214864626E-001  6.643000327214E-001 -4.478558843958E+000 -4.127183464599E+000
  5.161304647959E-001  6.490101782761E-001 -4.491367645816E+000 -3.392045004904E+000
  5.195584717022E-001  6.335952169816E-001 -4.501766874095E+000 -2.679591745274E+000
  5.230056271692E-001  6.180623855857E-001 -4.509807027757E+000 -1.989571185847E+000
  5.264720522050E-001  6.024188745519E-001 -4.515538761508E+000 -1.321722698031E+000
  5.299578688483E-001  5.866718253060E-001 -4.519012851789E+000 -6.757779015151E-001
  5.334632001783E-001  5.708283275477E-001 -4.520280163204E+000 -5.146104107868E-002
  5.369881703256E-001  5.548954166312E-001 -4.519391615388E+000  5.515106370558E-001
  5.405329044823E-001  5.388800710140E-001 -4.516398150369E+000  1.133426509583E+000
  5.440975289128E-001  5.227892097774E-001 -4.511350700431E+000  1.694582201481E+000
  5.476821709641E-001  5.066296902175E-001 -4.504300156505E+000  2.235279212669E+000
  5.512869590774E-001  4.904083055095E-001 -4.495297337119E+000  2.755824546271E+000
  5.549120227985E-001  4.741317824463E-001 -4.484392957932E+000  3.256530338788E+000
  5.585574927889E-001  4.578067792509E-001 -4.471637601854E+000  3.737713492508E+000
  5.622235008375E-001  4.414398834652E-001 -4.457081689813E+000  4.199695310475E+000
  5.659101798716E-001  4.250376099145E-001 -4.440775452146E+000  4.642801134355E+000
  5.696176639685E-001  4.086063987498E-001 -4.422768900673E+000  5.067359985520E+000
  5.733460883672E-001  3.921526135666E-001 -4.403111801447E+000  5.473704209696E+000
  5.770955894803E-001  3.756825396025E-001 -4.381853648215E+000  5.862169125500E+000
  5.808663049055E-001  3.592023820127E-001 -4.359043636598E+000  6.233092677205E+000
  5.846583734383E-001  3.427182642239E-001 -4.334730639013E+000  6.586815092055E+000
  5.884719350837E-001  3.262362263673E-001 -4.308963180347E+000  6.923678542458E+000
  5.923071310690E-001  3.097622237899E-001 -4.281789414402E+000  7.244026813374E+000
  5.961641038558E-001  2.933021256452E-001 -4.253257101122E+000  7.548204975211E+000
  6.000429971532E-001  2.768617135612E-001 -4.223413584617E+000  7.836559062531E+000
  6.039439559304E-001  2.604466803879E-001 -4.192305771986E+000  8.109435758862E+000
  6.078671264295E-001  2.440626290221E-001 -4.159980112962E+000  8.367182087904E+000
  6.118126561791E-001  2.277150713099E-001 -4.126482580376E+000  8.610145111390E+000
  6.157806940069E-001  2.114094270259E-001 -4.091858651450E+000  8.838671633889E+000
  6.197713900541E-001  1.951510229293E-001 -4.056153289934E+000  9.053107914773E+000
  6.237848957880E-001  1.789450918950E-001 -4.019410929070E+000  9.253799387604E+000
  6.278213640166E-001  1.627967721198E-001 -3.981675455415E+000  9.441090387161E+000
  6.318809489022E-001  1.467111064030E-001 -3.942990193498E+000  9.615323884310E+000
  6.359638059756E-001  1.306930414991E-001 -3.903397891327E+000  9.776841228913E+000
  6.400700921502E-001  1.147474275434E-001 -3.862940706747E+000  9.925981900962E+000
  6.441999657370E-001  9.887901754752E-002 -3.821660194631E+000  1.006308327009E+001
  6.483535864586E-001  8.309246696572E-002 -3.779597294924E+000  1.018848036363E+001
  6.525311154647E-001  6.739233332839E-002 -3.736792321515E+000  1.030250564330E+001
  6.567327153465E-001  5.178307594347E-002 -3.693284951942E+000  1.040548879068E+001
  6.609585501525E-001  3.626905566320E-002 -3.649114217925E+000  1.049775650162E+001
  6.652087854034E-001  2.085453471518E-002 -3.604318496711E+000  1.057963228950E+001
  6.694835881080E-001  5.543676596149E-003 -3.558935503232E+000  1.065143629760E+001
  6.737831267789E-001 -9.659453973043E-003 -3.513002283052E+000  1.071348512047E+001
  6.781075714485E-001 -2.475089103294E-002 -3.466555206114E+000  1.076609163452E+001
  6.824570936852E-001 -3.972676731304E-002 -3.419629961246E+000  1.080956483754E+001
  6.868318666096E-001 -5.458331410317E-002 -3.372261551447E+000  1.084420969758E+001
  6.912320649114E-001 -6.931686107031E-002 -3.324484289902E+000  1.087032701068E+001
  6.956578648660E-001 -8.392383602278E-002 -3.276331796746E+000  1.088821326790E+001
  7.001094443516E-001 -9.840076462345E-002 -3.227836996533E+000  1.089816053121E+001
  7.045869828664E-001 -1.127442700538E-001 -3.179032116417E+000  1.090045631844E+001
  7.090906615461E-001 -1.269510726308E-001 -3.129948685010E+000  1.089538349707E+001
  7.136206631812E-001 -1.410179893784E-001 -3.080617531905E+000  1.088322018685E+001
  7.181771722357E-001 -1.549419335553E-001 -3.031068787854E+000  1.086423967107E+001
  7.227603748644E-001 -1.687199141412E-001 -2.981331885565E+000  1.083871031647E+001
  7.273704589315E-001 -1.823490352834E-001 -2.931435561114E+000  1.080689550152E+001
  7.320076140295E-001 -1.958264957052E-001 -2.881407855944E+000  1.076905355311E+001
  7.366720314977E-001 -2.091495880789E-001 -2.831276119431E+000  1.072543769124E+001
  7.413639044413E-001 -2.223156983638E-001 -2.781067011996E+000  1.067629598188E+001
  7.460834277508E-001 -2.353223051130E-001 -2.730806508744E+000  1.062187129746E+001
  7.508307981215E-001 -2.481669787488E-001 -2.680519903607E+000  1.056240128515E+001
  7.556062140732E-001 -2.608473808107E-001 -2.630231813965E+000  1.049811834247E+001
  7.604098759705E-001 -2.733612631758E-001 -2.579966185732E+000  1.042924960018E+001
  7.652419860431E-001 -2.857064672546E-001 -2.529746298876E+000  1.035601691215E+001
  7.701027484060E-001 -2.978809231640E-001 -2.479594773349E+000  1.027863685209E+001
  7.749923690810E-001 -3.098826488786E-001 -2.429533575422E+000  1.019732071686E+001
  7.799110560171E-001 -3.217097493624E-001 -2.379584024378E+000  1.011227453604E+001
  7.848590191124E-001 -3.333604156827E-001 -2.329766799558E+000  1.002369908779E+001
  7.898364702358E-001 -3.448329241075E-001 -2.280101947730E+000  9.931789920405E+000
  7.948436232486E-001 -3.561256351887E-001 -2.230608890761E+000  9.836737379623E+000
  7.998806940270E-001 -3.672369928312E-001 -2.181306433574E+000  9.738726641301E+000
  8.049479004846E-001 -3.781655233516E-001 -2.132212772359E+000  9.637937749211E+000
  8.100454625952E-001 -3.889098345258E-001 -2.083345503023E+000  9.534545657741E+000
  8.151736024160E-001 -3.994686146282E-001 -2.034721629857E+000  9.428720279228E+000
  8.203325441110E-001 -4.098406314638E-001 -1.986357574400E+000  9.320626535679E+000
  8.255225139746E-001 -4.200247313940E-001 -1.938269184473E+000  9.210424414625E+000
  8.307437404560E-001 -4.300198383579E-001 -1.890471743373E+000  9.098269028847E+000
  8.359964541833E-001 -4.398249528894E-001 -1.842979979201E+000  8.984310679738E+000
  8.412808879885E-001 -4.494391511331E-001 -1.795808074304E+000  8.868694924031E+000
  8.465972769320E-001 -4.588615838578E-001 -1.748969674812E+000  8.751562643663E+000
  8.519458583285E-001 -4.680914754703E-001 -1.702477900261E+000  8.633050118521E+000
  8.573268717726E-001 -4.771281230301E-001 -1.656345353273E+000  8.513289101817E+000
  8.627405591648E-001 -4.859708952653E-001 -1.610584129277E+000  8.392406897879E+000
  8.681871647376E-001 -4.946192315912E-001 -1.565205826266E+000  8.270526442097E+000
  8.736669350829E-001 -5.030726411327E-001 -1.520221554555E+000  8.147766382805E+000
  8.791801191785E-001 -5.113307017501E-001 -1.475641946549E+000  8.024241164869E+000
  8.847269684160E-001 -5.193930590703E-001 -1.431477166479E+000  7.900061114772E+000
  8.903077366283E-001 -5.272594255226E-001 -1.387736920118E+000  7.775332526955E+000
  8.959226801184E-001 -5.349295793816E-001 -1.344430464442E+000  7.650157751233E+000
  9.015720576873E-001 -5.424033638155E-001 -1.301566617243E+000  7.524635281064E+000
  9.072561306635E-001 -5.496806859419E-001 -1.259153766661E+000  7.398859842479E+000
  9.129751629322E-001 -5.567615158908E-001 -1.217199880650E+000  7.272922483485E+000
  9.187294209652E-001 -5.636458858754E-001 -1.175712516335E+000  7.146910663754E+000
  9.245191738511E-001 -5.703338892705E-001 -1.134698829282E+000  7.020908344420E+000
  9.303446933257E-001 -5.768256796995E-001 -1.094165582654E+000  6.894996077827E+000
  9.362062538036E-001 -5.831214701291E-001 -1.054119156241E+000  6.769251097041E+000
  9.421041324088E-001 -5.892215319736E-001 -1.014565555376E+000  6.643747405002E+000
  9.480386090075E-001 -5.951261942065E-001 -9.755104197072E-001  6.518555863150E+000
  9.540099662399E-001 -6.008358424813E-001 -9.369590318342E-001  6.393744279384E+000
  9.600184895530E-001 -6.063509182611E-001 -8.989163257998E-001  6.269377495237E+000
  9.660644672342E-001 -6.116719179562E-001 -8.613868954291E-001  6.145517472138E+000
  9.721481904447E-001 -6.167993920704E-001 -8.243750025146E-001  6.022223376631E+000
  9.782699532537E-001 -6.217339443552E-001 -7.878845848421E-001  5.899551664473E+000
  9.844300526731E-001 -6.264762309730E-001 -7.519192640551E-001  5.777556163478E+000
  9.906287886927E-001 -6.310269596666E-001 -7.164823533538E-001  5.656288155039E+000
  9.968664643158E-001 -6.353868889382E-001 -6.815768650292E-001  5.535796454234E+000
  1.003143385595E+000 -6.395568272339E-001 -6.472055178276E-001  5.416127488439E+000
  1.009459861670E+000 -6.435376321366E-001 -6.133707441478E-001  5.297325374377E+000
  1.015816204803E+000 -6.473302095650E-001 -5.800746970689E-001  5.179431993546E+000
  1.022212730417E+000 -6.509355129784E-001 -5.473192572089E-001  5.062487065967E+000
  1.028649757135E+000 -6.543545425889E-001 -5.151060394158E-001  4.946528222203E+000
  1.035127606818E+000 -6.575883445774E-001 -4.834363992913E-001  4.831591073614E+000
  1.041646604604E+000 -6.606380103161E-001 -4.523114395498E-001  4.717709280806E+000
  1.048207078948E+000 -6.635046755945E-001 -4.217320162131E-001  4.604914620248E+000
  1.054809361664E+000 -6.661895198509E-001 -3.916987446452E-001  4.493237049043E+000
  1.061453787962E+000 -6.686937654062E-001 -3.622120054282E-001  4.382704767823E+000
  1.068140696494E+000 -6.710186767025E-001 -3.332719500834E-001  4.273344281771E+000
  1.074870429395E+000 -6.731655595429E-001 -3.048785066409E-001  4.165180459764E+000
  1.081643332322E+000 -6.751357603354E-001 -2.770313850614E-001  4.058236591628E+000
  1.088459754505E+000 -6.769306653371E-001 -2.497300825139E-001  3.952534443524E+000
  1.095320048782E+000 -6.785516999006E-001 -2.229738885142E-001  3.848094311474E+000
  1.102224571653E+000 -6.800003277215E-001 -1.967618899274E-001  3.744935073029E+000
  1.109173683316E+000 -6.812780500854E-001 -1.710929758416E-001  3.643074237124E+000
  1.116167747721E+000 -6.823864051159E-001 -1.459658423140E-001  3.542527992119E+000
  1.123207132611E+000 -6.833269670216E-001 -1.213789969981E-001  3.443311252075E+000
  1.130292209573E+000 -6.841013453424E-001 -9.733076365434E-002  3.345437701277E+000
  1.137423354084E+000 -6.847111841941E-001 -7.381928655090E-002  3.248919837059E+000
  1.144600945560E+000 -6.851581615119E-001 -5.084253475931E-002  3.153769010953E+000
  1.151825367405E+000 -6.854439882909E-001 -2.839830635052E-002  3.059995468211E+000
  1.159097007063E+000 -6.855704078253E-001 -6.484232496625E-003  2.967608385742E+000
  1.166416256069E+000 -6.855391949431E-001  1.490221851634E-002  2.876615908506E+000
  1.173783510095E+000 -6.853521552394E-001  3.576373735913E-002  2.787025184415E+000
  1.181199169012E+000 -6.850111243047E-001  5.610316980820E-002  2.698842397795E+000
  1.188663636935E+000 -6.845179669501E-001  7.592351296757E-002  2.612072801448E+000
  1.196177322279E+000 -6.838745764282E-001  9.522791155832E-002  2.526720747378E+000
  1.203740637818E+000 -6.830828736503E-001  1.140196542707E-001  2.442789716221E+000
  1.211354000735E+000 -6.821448063977E-001  1.323021701736E-001  2.360282345453E+000
  1.219017832681E+000 -6.810623485300E-001  1.500790251770E-001  2.279200456401E+000
  1.226732559833E+000 -6.798374991871E-001  1.673539185416E-001  2.199545080141E+000
  1.234498612950E+000 -6.784722819870E-001  1.841306794322E-001  2.121316482317E+000
  1.242316427433E+000 -6.769687442184E-001  2.004132635096E-001  2.044514186945E+000
  1.250186443388E+000 -6.753289560276E-001  2.162057495568E-001  1.969136999253E+000
  1.258109105679E+000 -6.735550096013E-001  2.315123361354E-001  1.895183027619E+000
  1.266084863999E+000 -6.716490183429E-001  2.463373382687E-001  1.822649704639E+000
  1.274114172926E+000 -6.696131160446E-001  2.606851841472E-001  1.751533807408E+000
  1.282197491990E+000 -6.674494560537E-001  2.745604118529E-001  1.681831477037E+000
  1.290335285734E+000 -6.651602104345E-001  2.879676661001E-001  1.613538237476E+000
  1.298528023786E+000 -6.627475691243E-001  3.009116949883E-001  1.546649013684E+000
  1.306776180919E+000 -6.602137390858E-001  3.133973467653E-001  1.481158149194E+000
  1.315080237120E+000 -6.575609434539E-001  3.254295665976E-001  1.417059423121E+000
  1.323440677664E+000 -6.547914206784E-001  3.370133933454E-001  1.354346066661E+000
  1.331857993175E+000 -6.519074236624E-001  3.481539563410E-001  1.293010779118E+000
  1.340332679704E+000 -6.489112188970E-001  3.588564721672E-001  1.233045743503E+000
  1.348865238797E+000 -6.458050855920E-001  3.691262414358E-001  1.174442641755E+000
  1.357456177571E+000 -6.425913148034E-001  3.789686455632E-001  1.117192669603E+000
  1.366106008782E+000 -6.392722085577E-001  3.883891435430E-001  1.061286551121E+000
  1.374815250909E+000 -6.358500789736E-001  3.973932687143E-001  1.006714553005E+000
  1.383584428224E+000 -6.323272473817E-001  4.059866255249E-001  9.534664986004E-001
  1.392414070872E+000 -6.287060434412E-001  4.141748862888E-001  9.015317817219E-001
  1.401304714948E+000 -6.249888042569E-001  4.219637879385E-001  8.508993802772E-001
  1.410256902580E+000 -6.211778734929E-001  4.293591287710E-001  8.015578697356E-001
  1.419271182008E+000 -6.172756004878E-001  4.363667651883E-001  7.534954364584E-001
  1.428348107668E+000 -6.132843393685E-001  4.429926084334E-001  7.066998909150E-001
  1.437488240275E+000 -6.092064481645E-001  4.492426213205E-001  6.611586808046E-001
  1.446692146911E+000 -6.050442879233E-001  4.551228149626E-001  6.168589041022E-001
  1.455960401104E+000 -6.008002218271E-001  4.606392454958E-001  5.737873220442E-001
  1.465293582927E+000 -5.964766143113E-001  4.657980108017E-001  5.319303720696E-001
  1.474692279079E+000 -5.920758301857E-001  4.706052472297E-001  4.912741807261E-001
  1.484157082978E+000 -5.876002337579E-001  4.750671263210E-001  4.518045765553E-001
  1.493688594856E+000 -5.830521879610E-001  4.791898515348E-001  4.135071029629E-001
  1.503287421848E+000 -5.784340534850E-001  4.829796549787E-001  3.763670310815E-001
  1.512954178094E+000 -5.737481879130E-001  4.864427941470E-001  3.403693726318E-001
  1.522689484827E+000 -5.689969448621E-001  4.895855486661E-001  3.054988927859E-001
  1.532493970480E+000 -5.641826731307E-001  4.924142170514E-001  2.717401230330E-001
  1.542368270780E+000 -5.593077158513E-001  4.949351134769E-001  2.390773740502E-001
  1.552313028853E+000 -5.543744096508E-001  4.971545645598E-001  2.074947485760E-001
  1.562328895326E+000 -5.493850838180E-001  4.990789061632E-001  1.769761542844E-001
  1.572416528431E+000 -5.443420594787E-001  5.007144802184E-001  1.475053166572E-001
  1.582576594115E+000 -5.392476487796E-001  5.020676315700E-001  1.190657918471E-001
  1.592809766145E+000 -5.341041540809E-001  5.031447048466E-001  9.164097952924E-002
  1.603116726218E+000 -5.289138671591E-001  5.039520413584E-001  6.521413573066E-002
  1.613498164078E+000 -5.236790684187E-001  5.044959760258E-001  3.976838563252E-002
  1.623954777622E+000 -5.184020261152E-001  5.047828343409E-001  1.528673633466E-002
  1.634487273025E+000 -5.130849955891E-001  5.048189293645E-001 -8.247910426326E-003
  1.645096364848E+000 -5.077302185108E-001  5.046105587611E-001 -3.085274561604E-002
  1.655782776168E+000 -5.023399221381E-001  5.041640018757E-001 -5.254504030912E-002
  1.666547238688E+000 -4.969163185854E-001  5.034855168523E-001 -7.334213317541E-002
  1.677390492873E+000 -4.914616041063E-001  5.025813377999E-001 -9.326141805736E-002
  1.688313288066E+000 -4.859779583885E-001  5.014576720063E-001 -1.123203316509E-001
  1.699316382620E+000 -4.804675438635E-001  5.001206972021E-001 -1.305363413028E-001
  1.710400544029E+000 -4.749325050286E-001  4.985765588786E-001 -1.479269329360E-001
  1.721566549058E+000 -4.693749677849E-001  4.968313676608E-001 -1.645095991182E-001
  1.732815183877E+000 -4.637970387884E-001  4.948911967380E-001 -1.803018272843E-001
  1.744147244202E+000 -4.582008048167E-001  4.927620793538E-001 -1.953210881273E-001
  1.755563535430E+000 -4.525883321505E-001  4.904500063583E-001 -2.095848241698E-001
  1.767064872781E+000 -4.469616659710E-001  4.879609238234E-001 -2.231104385296E-001
  1.778652081442E+000 -4.413228297723E-001  4.853007307237E-001 -2.359152838917E-001
  1.790325996715E+000 -4.356738247901E-001  4.824752766841E-001 -2.480166516986E-001
  1.802087464166E+000 -4.300166294458E-001  4.794903597965E-001 -2.594317615723E-001
  1.813937339772E+000 -4.243531988075E-001  4.763517245060E-001 -2.701777509780E-001
  1.825876490081E+000 -4.186854640668E-001  4.730650595685E-001 -2.802716651419E-001
  1.837905792365E+000 -4.130153320322E-001  4.696359960810E-001 -2.897304472344E-001
  1.850026134778E+000 -4.073446846389E-001  4.660701055853E-001 -2.985709288269E-001
  1.862238416525E+000 -4.016753784753E-001  4.623728982458E-001 -3.068098206341E-001
  1.874543548019E+000 -3.960092443261E-001  4.585498211026E-001 -3.144637035503E-001
  1.886942451054E+000 -3.903480867317E-001  4.546062564009E-001 -3.215490199876E-001
  1.899436058973E+000 -3.846936835649E-001  4.505475199958E-001 -3.280820655241E-001
  1.912025316845E+000 -3.790477856235E-001  4.463788598340E-001 -3.340789808701E-001
  1.924711181638E+000 -3.734121162400E-001  4.421054545128E-001 -3.395557441579E-001
  1.937494622402E+000 -3.677883709079E-001  4.377324119150E-001 -3.445281635609E-001
  1.950376620452E+000 -3.621782169238E-001  4.332647679215E-001 -3.490118702478E-001
  1.963358169552E+000 -3.565832930463E-001  4.287074851999E-001 -3.530223116749E-001
  1.976440276109E+000 -3.510052091715E-001  4.240654520691E-001 -3.565747452217E-001
  1.989623959360E+000 -3.454455460238E-001  4.193434814406E-001 -3.596842321704E-001
  2.002910251577E+000 -3.399058548636E-001  4.145463098335E-001 -3.623656320328E-001
  2.016300198259E+000 -3.343876572097E-001  4.096785964655E-001 -3.646335972258E-001
  2.029794858340E+000 -3.288924445785E-001  4.047449224160E-001 -3.665025680940E-001
  2.043395304396E+000 -3.234216782380E-001  3.997497898624E-001 -3.679867682818E-001
  2.057102622856E+000 -3.179767889773E-001  3.946976213881E-001 -3.691002004508E-001
  2.070917914217E+000 -3.125591768910E-001  3.895927593607E-001 -3.698566423439E-001
  2.084842293261E+000 -3.071702111787E-001  3.844394653783E-001 -3.702696431903E-001
  2.098876889283E+000 -3.018112299591E-001  3.792419197853E-001 -3.703525204502E-001
  2.113022846310E+000 -2.964835400984E-001  3.740042212523E-001 -3.701183568944E-001
  2.127281323341E+000 -2.911884170530E-001  3.687303864221E-001 -3.695799980143E-001
  2.141653494575E+000 -2.859271047265E-001  3.634243496184E-001 -3.687500497568E-001
  2.156140549656E+000 -2.807008153396E-001  3.580899626151E-001 -3.676408765779E-001
  2.170743693911E+000 -2.755107293146E-001  3.527309944659E-001 -3.662645998097E-001
  2.185464148607E+000 -2.703579951724E-001  3.473511313912E-001 -3.646330963318E-001
  2.200303151197E+000 -2.652437294428E-001  3.419539767215E-001 -3.627579975415E-001
  2.215261955581E+000 -2.601690165878E-001  3.365430508936E-001 -3.606506886129E-001
  2.230341832367E+000 -2.551349089372E-001  3.311217915002E-001 -3.583223080379E-001
  2.245544069142E+000 -2.501424266369E-001  3.256935533884E-001 -3.557837474389E-001
  2.260869970742E+000 -2.451925576092E-001  3.202616088068E-001 -3.530456516453E-001
  2.276320859530E+000 -2.402862575251E-001  3.148291475991E-001 -3.501184190219E-001
  2.291898075679E+000 -2.354244497885E-001  3.093992774409E-001 -3.470122020421E-001
  2.307602977460E+000 -2.306080255317E-001  3.039750241190E-001 -3.437369080930E-001
  2.323436941540E+000 -2.258378436225E-001  2.985593318513E-001 -3.403022005039E-001
  2.339401363274E+000 -2.211147306829E-001  2.931550636440E-001 -3.367174997862E-001
  2.355497657016E+000 -2.164394811182E-001  2.877650016854E-001 -3.329919850752E-001
  2.371727256428E+000 -2.118128571576E-001  2.823918477740E-001 -3.291345957611E-001
  2.388091614797E+000 -2.072355889053E-001  2.770382237791E-001 -3.251540333009E-001
  2.404592205358E+000 -2.027083744025E-001  2.717066721312E-001 -3.210587631975E-001
  2.421230521622E+000 -1.982318797000E-001  2.663996563423E-001 -3.168570171369E-001
  2.438008077714E+000 -1.938067389410E-001  2.611195615521E-001 -3.125567952716E-001
  2.454926408713E+000 -1.894335544548E-001  2.558686951001E-001 -3.081658686402E-001
  2.471987071003E+000 -1.851128968605E-001  2.506492871214E-001 -3.036917817119E-001
  2.489191642624E+000 -1.808453051813E-001  2.454634911643E-001 -2.991418550450E-001
  2.506541723641E+000 -1.766312869687E-001  2.403133848287E-001 -2.945231880505E-001
  2.524038936507E+000 -1.724713184375E-001  2.352009704235E-001 -2.898426618493E-001
  2.541684926444E+000 -1.683658446105E-001  2.301281756423E-001 -2.851069422130E-001
  2.559481361827E+000 -1.643152794741E-001  2.250968542553E-001 -2.803224825803E-001
  2.577429934572E+000 -1.603200061435E-001  2.201087868167E-001 -2.754955271376E-001
  2.595532360540E+000 -1.563803770389E-001  2.151656813862E-001 -2.706321139567E-001
  2.613790379943E+000 -1.524967140712E-001  2.102691742645E-001 -2.657380781794E-001
  2.632205757760E+000 -1.486693088395E-001  2.054208307405E-001 -2.608190552414E-001
  2.650780284158E+000 -1.448984228376E-001  2.006221458499E-001 -2.558804841282E-001
  2.669515774928E+000 -1.411842876719E-001  1.958745451451E-001 -2.509276106541E-001
  2.688414071925E+000 -1.375271052899E-001  1.911793854752E-001 -2.459654907589E-001
  2.707477043518E+000 -1.339270482197E-001  1.865379557748E-001 -2.409989938133E-001
  2.726706585047E+000 -1.303842598191E-001  1.819514778625E-001 -2.360328059297E-001
  2.746104619295E+000 -1.268988545376E-001  1.774211072478E-001 -2.310714332702E-001
  2.765673096964E+000 -1.234709181879E-001  1.729479339459E-001 -2.261192053474E-001
  2.785413997161E+000 -1.201005082291E-001  1.685329833009E-001 -2.211802783133E-001
  2.805329327899E+000 -1.167876540616E-001  1.641772168165E-001 -2.162586382310E-001
  2.825421126601E+000 -1.135323573326E-001  1.598815329947E-001 -2.113581043267E-001
  2.845691460623E+000 -1.103345922539E-001  1.556467681814E-001 -2.064823322158E-001
  2.866142427776E+000 -1.071943059307E-001  1.514736974204E-001 -2.016348171038E-001
  2.886776156875E+000 -1.041114187029E-001  1.473630353147E-001 -1.968188969546E-001
  2.907594808280E+000 -1.010858244971E-001  1.433154368954E-001 -1.920377556287E-001
  2.928600574467E+000 -9.811739119178E-002  1.393314984992E-001 -1.872944259854E-001
  2.949795680597E+000 -9.520596099343E-002  1.354117586533E-001 -1.825917929500E-001
  2.971182385105E+000 -9.235135082549E-002  1.315566989697E-001 -1.779325965439E-001
  2.992762980296E+000 -8.955335272905E-002  1.277667450471E-001 -1.733194348767E-001
  3.014539792958E+000 -8.681173427577E-002  1.240422673829E-001 -1.687547671010E-001
  3.036515184988E+000 -8.412623899306E-002  1.203835822943E-001 -1.642409163280E-001
  3.058691554023E+000 -8.149658680147E-002  1.167909528486E-001 -1.597800725060E-001
  3.081071334099E+000 -7.892247446420E-002  1.132645898047E-001 -1.553742952606E-001
  3.103656996309E+000 -7.640357604891E-002  1.098046525643E-001 -1.510255166993E-001
  3.126451049484E+000 -7.393954340146E-002  1.064112501340E-001 -1.467355441797E-001
  3.149456040888E+000 -7.153000663193E-002  1.030844420997E-001 -1.425060630431E-001
  3.172674556926E+000 -6.917457461234E-002  9.982423961091E-002 -1.383386393158E-001
  3.196109223865E+000 -6.687283548638E-002  9.663060637875E-002 -1.342347223787E-001
  3.219762708576E+000 -6.462435719071E-002  9.350345968510E-002 -1.301956476071E-001
  3.243637719289E+000 -6.242868798776E-002  9.044267140477E-002 -1.262226389830E-001
  3.267737006362E+000 -6.028535700980E-002  8.744806904042E-002 -1.223168116816E-001
  3.292063363076E+000 -5.819387481410E-002  8.451943677052E-002 -1.184791746339E-001
  3.316619626434E+000 -5.615373394881E-002  8.165651651040E-002 -1.147106330680E-001
  3.341408677987E+000 -5.416440952930E-002  7.885900898679E-002 -1.110119910306E-001
  3.366433444679E+000 -5.222535982472E-002  7.612657482557E-002 -1.073839538912E-001
  3.391696899702E+000 -5.033602685425E-002  7.345883565299E-002 -1.038271308312E-001
  3.417202063379E+000 -4.849583699274E-002  7.085537521015E-002 -1.003420373199E-001
  3.442952004065E+000 -4.670420158540E-002  6.831574048075E-002 -9.692909757923E-002
  3.468949839059E+000 -4.496051757087E-002  6.583944283178E-002 -9.358864703899E-002
  3.495198735552E+000 -4.326416811233E-002  6.342595916695E-002 -9.032093478545E-002
  3.521701911582E+000 -4.161452323614E-002  6.107473309260E-002 -8.712612600372E-002
  3.548462637020E+000 -4.001094047734E-002  5.878517609551E-002 -8.400430441643E-002
  3.575484234572E+000 -3.845276553153E-002  5.655666873235E-002 -8.095547471970E-002
  3.602770080809E+000 -3.693933291246E-002  5.438856182994E-002 -7.797956501789E-002
  3.630323607217E+000 -3.546996661472E-002  5.228017769597E-002 -7.507642925825E-002
  3.658148301271E+000 -3.404398078084E-002  5.023081133919E-002 -7.224584966630E-002
  3.686247707537E+000 -3.266068037208E-002  4.823973169848E-002 -6.948753918282E-002
  3.714625428793E+000 -3.131936184224E-002  4.630618287983E-002 -6.680114390289E-002
  3.743285127184E+000 -3.001931381372E-002  4.442938540035E-002 -6.418624551747E-002
  3.772230525397E+000 -2.875981775506E-002  4.260853743814E-002 -6.164236375742E-002
  3.801465407866E+000 -2.754014865909E-002  4.084281608719E-002 -5.916895884021E-002
  3.830993622005E+000 -2.635957572110E-002  3.913137861587E-002 -5.676543391867E-002
  3.860819079470E+000 -2.521736301598E-002  3.747336372801E-002 -5.443113753157E-002
  3.890945757450E+000 -2.411277017354E-002  3.586789282516E-002 -5.216536605514E-002
  3.921377699988E+000 -2.304505305134E-002  3.431407126870E-002 -4.996736615464E-002
  3.952119019336E+000 -2.201346440389E-002  3.281098964052E-002 -4.783633723483E-002
  3.983173897337E+000 -2.101725454754E-002  3.135772500057E-002 -4.577143388808E-002
  4.014546586845E+000 -2.005567202022E-002  2.995334214014E-002 -4.377176833844E-002
  4.046241413173E+000 -1.912796423494E-002  2.859689482898E-002 -4.183641288000E-002
  4.078262775585E+000 -1.823337812645E-002  2.728742705497E-002 -3.996440230781E-002
  4.110615148813E+000 -1.737116078996E-002  2.602397425462E-002 -3.815473633897E-002
  4.143303084620E+000 -1.654056011118E-002  2.480556453281E-002 -3.640638202192E-002
  4.176331213391E+000 -1.574082538687E-002  2.363121987011E-002 -3.471827613153E-002
  4.209704245774E+000 -1.497120793486E-002  2.249995731612E-002 -3.308932754737E-002
  4.243426974351E+000 -1.423096169293E-002  2.141079016715E-002 -3.151841961271E-002
  4.277504275353E+000 -1.351934380561E-002  2.036272912650E-002 -3.000441247140E-002
  4.311941110423E+000 -1.283561519814E-002  1.935478344596E-002 -2.854614537994E-002
  4.346742528412E+000 -1.217904113685E-002  1.838596204660E-002 -2.714243899181E-002
  4.381913667228E+000 -1.154889177513E-002  1.745527461753E-002 -2.579209761121E-002
  4.417459755726E+000 -1.094444268440E-002  1.656173269098E-002 -2.449391141316E-002
  4.453386115645E+000 -1.036497536926E-002  1.570435069205E-002 -2.324665862705E-002
  4.489698163598E+000 -9.809777766310E-003  1.488214696195E-002 -2.204910768075E-002
  4.526401413105E+000 -9.278144725857E-003  1.409414475296E-002 -2.090001930207E-002
  4.563501476684E+000 -8.769378476083E-003  1.333937319401E-002 -1.979814857498E-002
  4.601004067991E+000 -8.282789069035E-003  1.261686822543E-002 -1.874224694737E-002
  4.638915004011E+000 -7.817694807969E-003  1.192567350170E-002 -1.773106418787E-002
  4.677240207311E+000 -7.373422655604E-003  1.126484126092E-002 -1.676335028870E-002
  4.715985708351E+000 -6.949308622849E-003  1.063343316011E-002 -1.583785731212E-002
  4.755157647843E+000 -6.544698137653E-003  1.003052107510E-002 -1.495334117789E-002
  4.794762279187E+000 -6.158946393666E-003  9.455187864326E-003 -1.410856338933E-002
  4.834805970953E+000 -5.791418678422E-003  8.906528095471E-003 -1.330229269576E-002
  4.875295209443E+000 -5.441490680846E-003  8.383648734455E-003 -1.253330668919E-002
  4.916236601308E+000 -5.108548777910E-003  7.885669795962E-003 -1.180039333333E-002
  4.957636876237E+000 -4.791990300313E-003  7.411724955079E-003 -1.110235242321E-002
  4.999502889720E+000 -4.491223777128E-003  6.960962119580E-003 -1.043799697379E-002
  5.041841625875E+000 -4.205669159397E-003  6.532543962563E-003 -9.806154536136E-003
  5.084660200360E+000 -3.934758022712E-003  6.125648415204E-003 -9.205668440131E-003
  5.127965863354E+000 -3.677933748862E-003  5.739469119554E-003 -8.635398962626E-003
  5.171766002619E+000 -3.434651686690E-003  5.373215841364E-003 -8.094224420347E-003
  5.216068146649E+000 -3.204379292347E-003  5.026114843069E-003 -7.581042187011E-003
  5.260879967894E+000 -2.986596249163E-003  4.697409217146E-003 -7.094769634362E-003
  5.306209286078E+000 -2.780794567427E-003  4.386359180179E-003 -6.634344997036E-003
  5.352064071605E+000 -2.586478664405E-003  4.092242328059E-003 -6.198728161398E-003
  5.398452449055E+000 -2.403165424949E-003  3.814353852869E-003 -5.786901378736E-003
  5.445382700775E+000 -2.230384243123E-003  3.552006722074E-003 -5.397869903387E-003
  5.492863270572E+000 -2.067677045287E-003  3.304531820748E-003 -5.030662556619E-003
  5.540902767504E+000 -1.914598295128E-003  3.071278057680E-003 -4.684332217283E-003
  5.589509969774E+000 -1.770714981167E-003  2.851612436241E-003 -4.357956240478E-003
  5.638693828737E+000 -1.635606587283E-003  2.644920091028E-003 -4.050636805658E-003
  5.688463473008E+000 -1.508865046847E-003  2.450604291344E-003 -3.761501195809E-003
  5.738828212699E+000 -1.390094681077E-003  2.268086412667E-003 -3.489702009515E-003
  5.789797543759E+000 -1.278912122243E-003  2.096805877304E-003 -3.234417307887E-003
  5.841381152447E+000 -1.174946222384E-003  1.936220065519E-003 -2.994850698517E-003
  5.893588919926E+000 -1.077837948194E-003  1.785804198440E-003 -2.770231358752E-003
  5.946430926988E+000 -9.872402627894E-004  1.645051194130E-003 -2.559814000727E-003
  5.999917458910E+000 -9.028179950353E-004  1.513471498229E-003 -2.362878780724E-003
  6.054059010457E+000 -8.242476971444E-004  1.390592890608E-003 -2.178731155526E-003
  6.108866291020E+000 -7.512174912649E-004  1.275960269520E-003 -2.006701688552E-003
  6.164350229902E+000 -6.834269057666E-004  1.169135414717E-003 -1.846145808608E-003
  6.220521981762E+000 -6.205867019422E-004  1.069696731058E-003 -1.696443524199E-003
  6.277392932215E+000 -5.624186918313E-004  9.772389741075E-004 -1.556999096352E-003
  6.334974703589E+000 -5.086555478736E-004  8.913729592271E-004 -1.427240672977E-003
  6.393279160860E+000 -4.590406050818E-004  8.117252556652E-004 -1.306619887786E-003
  6.452318417752E+000 -4.133276564211E-004  7.379378671260E-004 -1.194611426816E-003
  6.512104843026E+000 -3.712807420597E-004  6.696679002804E-004 -1.090712565573E-003
  6.572651066946E+000 -3.326739331449E-004  6.065872226524E-004 -9.944426798128E-004
  6.633969987942E+000 -2.972911107375E-004  5.483821112839E-004 -9.053427329144E-004
  6.696074779472E+000 -2.649257405181E-004  4.947528935412E-004 -8.229747427720E-004
  6.758978897091E+000 -2.353806438571E-004  4.454135813823E-004 -7.469212310520E-004
  6.822696085726E+000 -2.084677658169E-004  4.000915003577E-004 -6.767846575924E-004
  6.887240387180E+000 -1.840079406308E-004  3.585269145654E-004 -6.121868426355E-004
  6.952626147859E+000 -1.618306551769E-004  3.204726487230E-004 -5.527683794835E-004
  7.018868026732E+000 -1.417738109413E-004  2.856937084644E-004 -4.981880400641E-004
  7.085981003543E+000 -1.236834849356E-004  2.539668999049E-004 -4.481221757735E-004
  7.153980387268E+000 -1.074136900113E-004  2.250804494569E-004 -4.022641158459E-004
  7.222881824836E+000 -9.282613498227E-005  1.988336248124E-004 -3.603235653653E-004
  7.292701310121E+000 -7.978998494462E-005  1.750363579433E-004 -3.220260049059E-004
  7.363455193219E+000 -6.818162215451E-005  1.535088709058E-004 -2.871120936456E-004
  7.435160190001E+000 -5.788440780085E-005  1.340813051654E-004 -2.553370776589E-004
  7.507833391988E+000 -4.878844498491E-005  1.165933550979E-004 -2.264702049516E-004
  7.581492276516E+000 -4.079034319581E-005  1.008939062543E-004 -2.002941486578E-004
  7.656154717242E+000 -3.379298454867E-005  8.684067891551E-005 -1.766044396760E-004
  7.731838994973E+000 -2.770529203163E-005  7.429987740214E-005 -1.552089098808E-004
  7.808563808847E+000 -2.244199998843E-005  6.314584554485E-005 -1.359271469098E-004
  7.886348287874E+000 -1.792342704550E-005  5.326072866610E-005 -1.185899613869E-004
  7.965212002848E+000 -1.407525167636E-005  4.453414236986E-005 -1.030388673165E-004
  8.045174978646E+000 -1.082829058149E-005  3.686284838682E-005 -8.912557625622E-005
  8.126257706932E+000 -8.118280048845E-006  3.015043767592E-005 -7.671150575711E-005
  8.208481159274E+000 -5.885660449077E-006  2.430702094074E-005 -6.566730244615E-005
  8.291866800694E+000 -4.075364009597E-006  1.924892668021E-005 -5.587238002306E-005
  8.376436603664E+000 -2.636606003794E-006  1.489840685823E-005 -4.721447234311E-005
  8.462213062574E+000 -1.522679484850E-006  1.118335024568E-005 -3.958920166874E-005
  8.549219208676E+000 -6.907536884695E-007  8.037003461292E-006 -3.289966209053E-005
  8.637478625536E+000 -1.016762248177E-007  5.397699714297E-006 -2.705601804490E-005
  8.727015464999E+000  2.802208229237E-007  3.208595232186E-006 -2.197511779022E-005
  8.817854463709E+000  4.873107778666E-007  1.417413340899E-006 -1.758012164670E-005
  8.910020960175E+000  5.488581121996E-007 -2.380384808649E-008 -1.380014475635E-005
  9.003540912431E+000  4.911999395670E-007 -1.158936198860E-006 -1.056991407874E-005
  9.098440916308E+000  3.379231432387E-007 -2.028018822231E-006 -7.829439305412E-006
  9.194748224321E+000  1.100370261457E-007 -2.667467922954E-006 -5.523697349650E-006
  9.292490765233E+000 -1.738586313087E-007 -3.110299290980E-006 -3.602330049741E-006
  9.391697164283E+000 -4.974102197345E-007 -3.386339504663E-006 -2.019354710951E-006
  9.492396764138E+000 -8.463517692155E-007 -3.522429912243E-006 -7.328871047547E-007
  9.594619646576E+000 -1.208351350482E-006 -3.542623455095E-006  2.951234579061E-007
  9.698396654938E+000 -1.572862519846E-006 -3.468374392483E-006  1.099147359639E-006
  9.803759417385E+000 -1.930980916360E-006 -3.318720983284E-006  1.710316589432E-006
  9.910740370981E+000 -2.275306116039E-006 -3.110461175648E-006  2.156655698748E-006
  1.001937278665E+001 -2.599808843161E-006 -2.858321351187E-006  2.463302151657E-006
  1.012969079502E+001 -2.899703632569E-006 -2.575118166283E-006  2.652716405090E-006
  1.024172941323E+001 -3.171327029432E-006 -2.271913529843E-006  2.744882039260E-006
  1.035552457272E+001 -3.412021404031E-006 -1.958162754437E-006  2.757496241448E-006
  1.047111314798E+001 -3.620024448770E-006 -1.641855916545E-006  2.706150929265E-006
  1.058853298647E+001 -3.794364412796E-006 -1.329652461738E-006  2.604504782704E-006
  1.070782293953E+001 -3.934761116381E-006 -1.027009092179E-006  2.464446438174E-006
  1.082902289454E+001 -4.041532772530E-006 -7.383009769544E-007  2.296249082747E-006
  1.095217380826E+001 -4.115508627383E-006 -4.669363305096E-007  2.108716673324E-006
  1.107731774137E+001 -4.157947413814E-006 -2.154644108342E-007  1.909321993627E-006
  1.120449789442E+001 -4.170461594455E-006  1.432300290121E-008  1.704336752101E-006
  1.133375864507E+001 -4.154947351279E-006  2.212965839984E-007  1.498953916082E-006
  1.146514558681E+001 -4.113520259093E-006  4.049008028461E-007  1.297402472005E-006
  1.159870556913E+001 -4.048456559968E-006  5.650715497900E-007  1.103054798145E-006
  1.173448673928E+001 -3.962139935087E-006  7.021599299953E-007  9.185268351814E-007
  1.187253858566E+001 -3.857013649807E-006  8.168621095183E-007  7.457712408422E-007
  1.201291198287E+001 -3.735537927335E-006  9.101550765258E-007  5.861637177760E-007
  1.215565923859E+001 -3.600152386395E-006  9.832381658199E-007  4.405827084387E-007
  1.230083414231E+001 -3.453243358983E-006  1.037480178783E-006  3.094826570051E-007
  1.244849201595E+001 -3.297115885953E-006  1.074371914842E-006  1.929610457970E-007
  1.259868976657E+001 -3.133970171037E-006  1.095483914802E-006  9.081942221904E-008
  1.275148594119E+001 -2.965882258190E-006  1.102429201253E-006  2.618641395600E-009
  1.290694078384E+001 -2.794788683067E-006  1.096830786871E-006 -7.227144070255E-008
  1.306511629490E+001 -2.622474837240E-006  1.080293708234E-006 -1.346275791822E-007
  1.322607629292E+001 -2.450566773565E-006  1.054381330800E-006 -1.853338033100E-007
  1.338988647898E+001 -2.280526173115E-006  1.020595660386E-006 -2.253468679699E-007
  1.355661450375E+001 -2.113648188370E-006  9.803613878344E-007 -2.556662226521E-007
  1.372633003727E+001 -1.951061874078E-006  9.350133869138E-007 -2.773082201684E-007
  1.389910484176E+001 -1.793732916298E-006  8.857873808683E-007 -2.912842816624E-007
  1.407501284743E+001 -1.642468371795E-006  8.338134906046E-007 -2.985827304024E-007
  1.425413023161E+001 -1.497923133984E-006  7.801123773105E-007 -3.001540044831E-007
  1.443653550117E+001 -1.360607848103E-006  7.255936943753E-007 -2.968989580502E-007
  1.462230957852E+001 -1.230898007085E-006  6.710565678321E-007 -2.896599620957E-007
  1.481153589140E+001 -1.109043970535E-006  6.171918311036E-007 -2.792145193053E-007
  1.500430046649E+001 -9.951816622312E-007  5.645857485358E-007 -2.662711128746E-007
  1.520069202718E+001 -8.893437164043E-007  5.137249729185E-007 -2.514670166276E-007
  1.540080209569E+001 -7.914708594548E-007  4.650024947698E-007 -2.353678030844E-007
  1.560472509963E+001 -7.014233316335E-007  4.187243554139E-007 -2.184682972363E-007
  1.581255848342E+001 -6.189921721010E-007  3.751169115984E-007 -2.011947365418E-007
  1.602440282470E+001 -5.439102105555E-007  3.343344563438E-007 -1.839079118856E-007
  1.624036195599E+001 -4.758626289100E-007  2.964670186325E-007 -1.669070797416E-007
  1.646054309190E+001 -4.144969770408E-007  2.615481831756E-007 -1.504344523155E-007
  1.668505696224E+001 -3.594325471243E-007  2.295627905478E-007 -1.346800897901E-007
  1.691401795117E+001 -3.102690312339E-007  2.004543971963E-007 -1.197870366768E-007
  1.714754424293E+001 -2.665944064151E-007  1.741323939196E-007 -1.058565624610E-007
  1.738575797433E+001 -2.279920101326E-007  1.504787001222E-007 -9.295338493104E-008
  1.762878539445E+001 -1.940467865513E-007  1.293539692198E-007 -8.111077256782E-008
  1.787675703191E+001 -1.643507003699E-007  1.106032577837E-007 -7.033543989400E-008
  1.812980787015E+001 -1.385073296909E-007  9.406112713695E-008 -6.061216651373E-008
  1.838807753110E+001 -1.161356625338E-007  7.955616100310E-008 -5.190808651695E-008
  1.865171046781E+001 -9.687313298894E-008  6.691489627926E-008 -4.417660979337E-008
  1.892085616642E+001 -8.037794257663E-008  5.596517596996E-008 -3.736095045216E-008
  1.919566935809E+001 -6.633072010842E-008  4.653894367879E-008 -3.139724985478E-008
  1.947631024137E+001 -5.443557924007E-008  3.847450777669E-008 -2.621729265234E-008
  1.976294471571E+001 -4.442063700769E-008  3.161831043507E-008 -2.175082362289E-008
  2.005574462663E+001 -3.603805902781E-008  2.582624215573E-008 -1.792748100603E-008
  2.035488802332E+001 -2.906369782838E-008  2.096454630454E-008 -1.467836844529E-008
  2.066055942930E+001 -2.329639009751E-008  1.691036054842E-008 -1.193729261298E-008
  2.097295012706E+001 -1.855697665045E-008  1.355194311827E-008 -9.641697177846E-009
  2.129225845729E+001 -1.468710580068E-008  1.078863160768E-008 -7.733326075993E-009
  2.161869013374E+001 -1.154787676618E-008  8.530580718797E-009 -6.158650174219E-009
  2.195245857462E+001 -9.018374944592E-009  6.698323146775E-009 -4.869091501992E-009
  2.229378525140E+001 -6.994145546795E-009  5.222194820325E-009 -3.821078415741E-009
  2.264290005632E+001 -5.385646380551E-009  4.041662161343E-009 -2.975963495150E-009
  2.300004168951E+001 -4.116714707272E-009  3.104585058220E-009 -2.299833806848E-009
  2.336545806705E+001 -3.123077224368E-009  2.366445026743E-009 -1.763240554899E-009
  2.373940675129E+001 -2.350926505052E-009  1.789563708360E-009 -1.340872212424E-009
  2.412215540475E+001 -1.755581787211E-009  1.342332562246E-009 -1.011192127377E-009
  2.451398226921E+001 -1.300246951227E-009  9.984704619232E-010 -7.560584380632E-010
  2.491517667142E+001 -9.548739472944E-010  7.363220063996E-010 -5.603410253953E-010
  2.532603955735E+001 -6.951358857081E-010  5.382057768166E-010 -4.115472574753E-010
  2.574688405660E+001 -5.015105246531E-010  3.898185688050E-010 -2.994655186809E-010
  2.617803607920E+001 -3.584719930256E-010  2.796988441721E-010 -2.158330128980E-010
  2.661983494664E+001 -2.537862641900E-010  1.987502905171E-010 -1.540321247156E-010
  2.707263405971E+001 -1.779041261570E-010  1.398244540001E-010 -1.088177328114E-010
  2.753680160532E+001 -1.234441357538E-010  9.735990412244E-011 -7.607630140451E-011
  2.801272130518E+001 -8.475724892279E-011  6.707427307794E-011 -5.261632093688E-011
  2.850079320900E+001 -5.756442840278E-011  4.570474967680E-011 -3.598871009223E-011
  2.900143453541E+001 -3.865848117152E-011  3.079215602522E-011 -2.433510189616E-011
  2.951508056378E+001 -2.566160707126E-011  2.050354720919E-011 -1.626148539575E-011
  3.004218558064E+001 -1.683058412804E-011  1.348830194973E-011 -1.073442637355E-011
  3.058322388437E+001 -1.090211587081E-011  8.762868209483E-012 -6.997009561123E-012
  3.113869085248E+001 -6.971567487139E-012  5.619647394262E-012 -4.501695295042E-012
  3.170910407585E+001 -4.399073633516E-012  3.555903620065E-012 -2.857431969381E-012
  3.229500456485E+001 -2.737771358490E-012  2.219035175903E-012 -1.788581634926E-012
  3.289695803249E+001 -1.679664912886E-012  1.365014217481E-012 -1.103473277628E-012
  3.351555626047E+001 -1.015340934806E-012  8.272642264384E-013 -6.706746597504E-013
  3.415141855403E+001 -6.044055615729E-013  4.936850124903E-013 -4.013516026622E-013
  3.480519329257E+001 -3.540988848505E-013  2.899395571272E-013 -2.363500565668E-013
  3.547755958299E+001 -2.040518419221E-013  1.674781088468E-013 -1.368820649156E-013
  3.616922902393E+001 -1.155856757198E-013  9.508898945895E-014 -7.791611828992E-014
  3.688094758921E+001 -6.431753421055E-014  5.303214513084E-014 -4.356265446609E-014
  3.761349763993E+001 -3.513312988380E-014  2.903260101743E-014 -2.390615616968E-014
  3.836770007534E+001 -1.882572183438E-014  1.559037295934E-014 -1.286769132552E-014
  3.914441663347E+001 -9.887879936699E-015  8.205801565775E-015 -6.788254643175E-015
  3.994455235367E+001 -5.086559083265E-015  4.229926027903E-015 -3.507005841823E-015
  4.076905821405E+001 -2.560643718943E-015  2.133669997502E-015 -1.772850420202E-015
  4.161893395835E+001 -1.260358950977E-015  1.052254911825E-015 -8.761577846717E-016
  4.249523112779E+001 -6.059756387183E-016  5.068860148765E-016 -4.229260191296E-016
  4.339905631520E+001 -2.843193011392E-016  2.382705250909E-016 -1.992022093860E-016
  4.433157466006E+001 -1.300467559835E-016  1.091825675658E-016 -9.145861399927E-017
  4.529401360538E+001 -5.792449921482E-017  4.871776710779E-017 -4.088694253945E-017
  4.628766693861E+001 -2.509553711143E-017  2.114340430832E-017 -1.777776951940E-017
  4.731389914191E+001 -1.056274010492E-017  8.914374360117E-018 -7.508931127982E-018
  4.837415007871E+001 -4.313678831562E-018  3.646539623789E-018 -3.077042595623E-018
  4.946994004686E+001 -1.706963251947E-018  1.445305371932E-018 -1.221682985700E-018
  5.060287523143E+001 -6.535614456955E-019  5.542530437528E-019 -4.692831078145E-019
  5.177465359367E+001 -2.417573692211E-019  2.053392281591E-019 -1.741441223798E-019
  5.298707123650E+001 -8.626033942431E-020  7.337677877912E-020 -6.232872681718E-020
  5.424202929116E+001 -2.963787955093E-020  2.524846673242E-020 -2.148030767408E-020
  5.554154137419E+001 -9.788370110433E-021  8.350724730145E-021 -7.115233668764E-021
  5.688774166961E+001 -3.101536774140E-021  2.649735304531E-021 -2.261054854879E-021
  5.828289369667E+001 -9.409632131375E-022  8.050005752965E-022 -6.879120891354E-022
  5.972939983075E+001 -2.727529921665E-022  2.336563624299E-022 -1.999527891154E-022
  6.122981165190E+001 -7.536708491124E-023  6.464891280408E-023 -5.539997270898E-023
  6.278684120462E+001 -1.980437500424E-023  1.700980209997E-023 -1.459593131597E-023
  6.440337326150E+001 -4.936199628057E-024  4.244992611426E-024 -3.647370183586E-024
  6.608247869451E+001 -1.163829003900E-024  1.002091289726E-024 -8.621186411380E-025
  6.782742906960E+001 -2.588125985786E-025  2.231133080109E-025 -1.921891659057E-025
  6.964171259434E+001 -5.411682081677E-026  4.670706978713E-026 -4.028254431236E-026
  7.152905156377E+001 -1.060449027436E-026  9.163028230242E-027 -7.912097426927E-027
  7.349342146763E+001 -1.940527429979E-027  1.678636794279E-027 -1.451160550496E-027
  7.553907194217E+001 -3.303525597157E-028  2.860825995449E-028 -2.475964314986E-028
  7.767054977292E+001 -5.210790430691E-029  4.517347628701E-029 -3.913983905953E-029
  7.989272418113E+001 -7.582503108536E-030  6.580337839139E-030 -5.707618621066E-030
  8.221081465675E+001 -1.013173302357E-030  8.801664059315E-031 -7.642433808710E-031
  8.463042163523E+001 -1.236938981021E-031  1.075634599884E-031 -9.349340309719E-032
  8.715756035520E+001 -1.372386597752E-032  1.194589177185E-032 -1.039377942228E-032
  8.979869827958E+001 -1.375824503564E-033  1.198729375279E-033 -1.044009446968E-033
  9.256079651532E+001 -1.238543030112E-034  1.080129379175E-034 -9.416235060598E-035
  9.545135572765E+001 -9.945217855528E-036  8.681130928023E-036 -7.575061119440E-036
  9.847846711487E+001 -7.071915132369E-037  6.178560504898E-037 -5.396295991721E-037
  1.016508690915E+002 -4.418678805297E-038  3.863866033706E-038 -3.377688915340E-038
  1.049780104220E+002 -2.405568837620E-039  2.105319674512E-039 -1.842024777529E-039
  1.084701206579E+002 -1.130699595244E-040  9.903975580286E-041 -8.672767429608E-041
  1.121382888606E+002 -4.543401743588E-042  3.982879021478E-042 -3.490655974885E-042
  1.159945517414E+002 -1.544016182183E-043  1.354606668759E-043 -1.188163442829E-043
  1.200519925308E+002 -4.386168070400E-045  3.851092047935E-045 -3.380580935870E-045
  1.243248520934E+002 -1.028389647307E-046  9.036195458087E-047 -7.938329118279E-047
  1.288286540551E+002 -1.962669491625E-048  1.725824142438E-048 -1.517287258108E-048
  1.335803459987E+002 -3.003160997595E-050  2.642662610283E-050 -2.325052005420E-050
  1.385984591287E+002 -3.623779494664E-052  3.191030981519E-052 -2.809530129888E-052
  1.439032892205E+002 -3.386264194964E-054  2.983931074174E-054 -2.629028934012E-054
  1.495171021587E+002 -2.402230383887E-056  2.118234086859E-056 -1.867569434699E-056
  1.554643679592E+002 -1.265743343538E-058  1.116835137254E-058 -9.853273863614E-059
  1.617720278763E+002 -4.835663306384E-061  4.269494657620E-061 -3.769200328363E-061
  1.684698000514E+002 -1.304394797146E-063  1.152389973535E-063 -1.017996260248E-063
  1.755905301928E+002 -2.412417630169E-066  2.132583250759E-066 -1.885035333257E-066
  1.831705950299E+002 -2.961160691138E-069  2.619218666204E-069 -2.316567646404E-069
  1.912503678195E+002 -2.326804600429E-072  2.059298331944E-072 -1.822406581992E-072
  1.998747570544E+002 -1.124361747184E-075  9.956538391680E-076 -8.816177290413E-076
  2.090938318328E+002 -3.194878595359E-079  2.830695164079E-079 -2.507865495660E-079
  2.189635501945E+002 -5.077731517261E-083  4.501305323458E-083 -3.990085151392E-083
  2.295466102647E+002 -4.267731933738E-087  3.785205936497E-087 -3.357060859818E-087
  2.409134484547E+002 -1.781038740516E-091  1.580458573057E-091 -1.402401531101E-091
  2.531434144886E+002 -3.437717419969E-096  3.052046196813E-096 -2.709527478880E-096
  2.663261599835E+002 -2.832397695960E-101  2.515823800792E-101 -2.234547537296E-101
  2.805632861191E+002 -9.095914658448E-107  8.082977749920E-107 -7.182596782489E-107
  2.959703071532E+002 -1.026734103040E-112  9.128008550288E-113 -8.114854823811E-113
  3.126790009236E+002 -3.620569035778E-119  3.220193903607E-119 -2.864015185859E-119
  3.308402360200E+002 -3.484716939328E-126  3.100658936796E-126 -2.758861538377E-126
  3.506273893903E+002 -7.838666471918E-134  6.977570000725E-134 -6.210932819074E-134
  3.722404996260E+002 -3.445444178770E-142  3.068153220855E-142 -2.732125051759E-142
  3.959113426415E+002 -2.404799582612E-151  2.142273261993E-151 -1.908374213357E-151
  4.219096715122E+002 -2.093516160214E-161  1.865652912784E-161 -1.662566294896E-161
  4.505509359373E+002 -1.713952437713E-172  1.527940020859E-172 -1.362097650182E-172
  4.822058963204E+002 -9.468820291101E-185  8.444052560739E-185 -7.530106289797E-185
  5.173126831536E+002 -2.384594915464E-198  2.127216714323E-198 -1.897599850198E-198
  5.563920392209E+002 -1.717394234240E-213  1.532511692468E-213 -1.367520841781E-213
  6.000667421536E+002 -2.025300513302E-230  1.807817522151E-230 -1.613676932762E-230
  6.490865708786E+002 -1.998482834435E-249  1.784397297158E-249 -1.593235713459E-249
  7.043607010442E+002 -7.310169582365E-271  6.528889783142E-271 -5.831079615102E-271
  7.670001674974E+002 -3.664991286314E-295  3.274163461232E-295 -2.925000031705E-295
  8.383741345464E+002  0.000000000000E+000  0.000000000000E+000  0.000000000000E+000
  9.201853543213E+002  0.000000000000E+000  0.000000000000E+000  0.000000000000E+000
  1.014572672318E+003  0.000000000000E+000  0.000000000000E+000  0.000000000000E+000
  1.124252254996E+003  0.000000000000E+000  0.000000000000E+000  0.000000000000E+000
  1.252715205428E+003  0.000000000000E+000  0.000000000000E+000  0.000000000000E+000
  1.404508845568E+003  0.000000000000E+000  0.000000000000E+000  0.000000000000E+000
  1.585644739908E+003  0.000000000000E+000  0.000000000000E+000  0.000000000000E+000
  1.804203189488E+003  0.000000000000E+000  0.000000000000E+000  0.000000000000E+000
  2.071250249814E+003  0.000000000000E+000  0.000000000000E+000  0.000000000000E+000
  2.402266552340E+003  0.000000000000E+000  0.000000000000E+000  0.000000000000E+000
  2.819442449497E+003  0.000000000000E+000  0.000000000000E+000  0.000000000000E+000
  3.355496240167E+003  0.000000000000E+000  0.000000000000E+000  0.000000000000E+000
  4.060290442982E+003  0.000000000000E+000  0.000000000000E+000  0.000000000000E+000
  5.012860622227E+003  0.000000000000E+000  0.000000000000E+000  0.000000000000E+000
  6.344578802016E+003  0.000000000000E+000  0.000000000000E+000  0.000000000000E+000
  8.287000878586E+003  0.000000000000E+000  0.000000000000E+000  0.000000000000E+000
  1.127976970933E+004  0.000000000000E+000  0.000000000000E+000  0.000000000000E+000
  1.624316171036E+004  0.000000000000E+000  0.000000000000E+000  0.000000000000E+000
  2.538031516868E+004  0.000000000000E+000  0.000000000000E+000  0.000000000000E+000
  4.512107881524E+004  0.000000000000E+000  0.000000000000E+000  0.000000000000E+000
  1.015232606647E+005  0.000000000000E+000  0.000000000000E+000  0.000000000000E+000
  4.060950426526E+005  0.000000000000E+000  0.000000000000E+000  0.000000000000E+000
