# 1st line: number of mesh points
# abcissa wavefunction wavefunction_1st wavefunction_2nd
1000
# Principal QN=   4 , l=   0 , Occupation=   2.0010
  2.462477732966E-006  1.870589879132E+001 -7.500370616966E+002  2.658597629797E+004
  9.849959442330E-006  1.870035863163E+001 -7.498406877667E+002  2.657799468585E+004
  2.216259066178E-005  1.869112813406E+001 -7.495135245858E+002  2.656469805947E+004
  3.940061395432E-005  1.867821194838E+001 -7.490557620595E+002  2.654609550202E+004
  6.156436892224E-005  1.866161657821E+001 -7.484676657602E+002  2.652219971489E+004
  8.865429222131E-005  1.864135037482E+001 -7.477495766323E+002  2.649302700259E+004
  1.206709175794E-004  1.861742352941E+001 -7.469019106143E+002  2.645859725350E+004
  1.576148758184E-004  1.858984806348E+001 -7.459251581773E+002  2.641893391630E+004
  1.994868948811E-004  1.855863781762E+001 -7.448198837822E+002  2.637406397224E+004
  2.462877998613E-004  1.852380843862E+001 -7.435867252554E+002  2.632401790330E+004
  2.980185130383E-004  1.848537736480E+001 -7.422263930846E+002  2.626882965620E+004
  3.546800539158E-004  1.844336380984E+001 -7.407396696349E+002  2.620853660241E+004
  4.162735392647E-004  1.839778874491E+001 -7.391274082880E+002  2.614317949416E+004
  4.828001831694E-004  1.834867487923E+001 -7.373905325043E+002  2.607280241660E+004
  5.542612970792E-004  1.829604663908E+001 -7.355300348107E+002  2.599745273606E+004
  6.306582898628E-004  1.823993014523E+001 -7.335469757143E+002  2.591718104464E+004
  7.119926678676E-004  1.818035318898E+001 -7.314424825458E+002  2.583204110104E+004
  7.982660349828E-004  1.811734520661E+001 -7.292177482319E+002  2.574208976799E+004
  8.894800927067E-004  1.805093725252E+001 -7.268740300011E+002  2.564738694601E+004
  9.856366402179E-004  1.798116197090E+001 -7.244126480227E+002  2.554799550403E+004
  1.086737574451E-003  1.790805356613E+001 -7.218349839837E+002  2.544398120655E+004
  1.192784890174E-003  1.783164777186E+001 -7.191424796031E+002  2.533541263785E+004
  1.303780680078E-003  1.775198181882E+001 -7.163366350880E+002  2.522236112303E+004
  1.419727134858E-003  1.766909440143E+001 -7.134190075332E+002  2.510490064630E+004
  1.540626543307E-003  1.758302564330E+001 -7.103912092664E+002  2.498310776636E+004
  1.666481292416E-003  1.749381706158E+001 -7.072549061427E+002  2.485706152927E+004
  1.797293867468E-003  1.740151153028E+001 -7.040118157896E+002  2.472684337875E+004
  1.933066852148E-003  1.730615324257E+001 -7.006637058069E+002  2.459253706416E+004
  2.073802928647E-003  1.720778767214E+001 -6.972123919222E+002  2.445422854622E+004
  2.219504877777E-003  1.710646153372E+001 -6.936597361072E+002  2.431200590073E+004
  2.370175579090E-003  1.700222274269E+001 -6.900076446559E+002  2.416595922027E+004
  2.525818010992E-003  1.689512037396E+001 -6.862580662284E+002  2.401618051421E+004
  2.686435250879E-003  1.678520462011E+001 -6.824129898628E+002  2.386276360709E+004
  2.852030475254E-003  1.667252674889E+001 -6.784744429596E+002  2.370580403545E+004
  3.022606959872E-003  1.655713906011E+001 -6.744444892387E+002  2.354539894344E+004
  3.198168079872E-003  1.643909484196E+001 -6.703252266763E+002  2.338164697727E+004
  3.378717309917E-003  1.631844832693E+001 -6.661187854201E+002  2.321464817859E+004
  3.564258224347E-003  1.619525464715E+001 -6.618273256899E+002  2.304450387709E+004
  3.754794497325E-003  1.606956978956E+001 -6.574530356642E+002  2.287131658243E+004
  3.950329902993E-003  1.594145055065E+001 -6.529981293563E+002  2.269518987560E+004
  4.150868315631E-003  1.581095449097E+001 -6.484648444848E+002  2.251622829995E+004
  4.356413709820E-003  1.567813988947E+001 -6.438554403382E+002  2.233453725205E+004
  4.566970160612E-003  1.554306569777E+001 -6.391721956401E+002  2.215022287239E+004
  4.782541843700E-003  1.540579149425E+001 -6.344174064156E+002  2.196339193633E+004
  5.003133035593E-003  1.526637743823E+001 -6.295933838632E+002  2.177415174524E+004
  5.228748113801E-003  1.512488422414E+001 -6.247024522346E+002  2.158261001805E+004
  5.459391557015E-003  1.498137303583E+001 -6.197469467254E+002  2.138887478342E+004
  5.695067945303E-003  1.483590550102E+001 -6.147292113799E+002  2.119305427259E+004
  5.935781960296E-003  1.468854364597E+001 -6.096515970120E+002  2.099525681314E+004
  6.181538385392E-003  1.453934985042E+001 -6.045164591464E+002  2.079559072369E+004
  6.432342105956E-003  1.438838680285E+001 -5.993261559812E+002  2.059416420988E+004
  6.688198109528E-003  1.423571745611E+001 -5.940830463753E+002  2.039108526149E+004
  6.949111486034E-003  1.408140498349E+001 -5.887894878641E+002  2.018646155116E+004
  7.215087428003E-003  1.392551273523E+001 -5.834478347036E+002  1.998040033450E+004
  7.486131230784E-003  1.376810419557E+001 -5.780604359482E+002  1.977300835204E+004
  7.762248292776E-003  1.360924294036E+001 -5.726296335621E+002  1.956439173291E+004
  8.043444115654E-003  1.344899259526E+001 -5.671577605685E+002  1.935465590048E+004
  8.329724304602E-003  1.328741679462E+001 -5.616471392371E+002  1.914390548004E+004
  8.621094568555E-003  1.312457914101E+001 -5.561000793130E+002  1.893224420871E+004
  8.917560720438E-003  1.296054316552E+001 -5.505188762894E+002  1.871977484748E+004
  9.219128677417E-003  1.279537228879E+001 -5.449058097240E+002  1.850659909580E+004
  9.525804461149E-003  1.262912978288E+001 -5.392631416038E+002  1.829281750848E+004
  9.837594198038E-003  1.246187873389E+001 -5.335931147572E+002  1.807852941526E+004
  1.015450411950E-002  1.229368200556E+001 -5.278979513166E+002  1.786383284299E+004
  1.047654056222E-002  1.212460220365E+001 -5.221798512331E+002  1.764882444053E+004
  1.080370996845E-002  1.195470164135E+001 -5.164409908431E+002  1.743359940644E+004
  1.113601888623E-002  1.178404230551E+001 -5.106835214900E+002  1.721825141964E+004
  1.147347396972E-002  1.161268582394E+001 -5.049095682010E+002  1.700287257288E+004
  1.181608197948E-002  1.144069343363E+001 -4.991212284200E+002  1.678755330932E+004
  1.216384978272E-002  1.126812595005E+001 -4.933205707982E+002  1.657238236208E+004
  1.251678435364E-002  1.109504373738E+001 -4.875096340428E+002  1.635744669697E+004
  1.287489277369E-002  1.092150667984E+001 -4.816904258241E+002  1.614283145828E+004
  1.323818223191E-002  1.074757415407E+001 -4.758649217423E+002  1.592861991787E+004
  1.360666002522E-002  1.057330500251E+001 -4.700350643548E+002  1.571489342729E+004
  1.398033355872E-002  1.039875750795E+001 -4.642027622624E+002  1.550173137335E+004
  1.435921034603E-002  1.022398936903E+001 -4.583698892568E+002  1.528921113676E+004
  1.474329800963E-002  1.004905767693E+001 -4.525382835292E+002  1.507740805414E+004
  1.513260428113E-002  9.874018893043E+000 -4.467097469384E+002  1.486639538328E+004
  1.552713700165E-002  9.698928827837E+000 -4.408860443402E+002  1.465624427166E+004
  1.592690412217E-002  9.523842620685E+000 -4.350689029772E+002  1.444702372827E+004
  1.633191370382E-002  9.348814720836E+000 -4.292600119284E+002  1.423880059868E+004
  1.674217391826E-002  9.173898869442E+000 -4.234610216184E+002  1.403163954334E+004
  1.715769304806E-002  8.999148082635E+000 -4.176735433863E+002  1.382560301912E+004
  1.757847948698E-002  8.824614635669E+000 -4.118991491129E+002  1.362075126410E+004
  1.800454174044E-002  8.650350048101E+000 -4.061393709054E+002  1.341714228543E+004
  1.843588842578E-002  8.476405069997E+000 -4.003957008401E+002  1.321483185044E+004
  1.887252827273E-002  8.302829669156E+000 -3.946695907605E+002  1.301387348075E+004
  1.931447012370E-002  8.129673019341E+000 -3.889624521314E+002  1.281431844950E+004
  1.976172293425E-002  7.956983489483E+000 -3.832756559464E+002  1.261621578155E+004
  2.021429577341E-002  7.784808633855E+000 -3.776105326897E+002  1.241961225660E+004
  2.067219782411E-002  7.613195183194E+000 -3.719683723485E+002  1.222455241529E+004
  2.113543838356E-002  7.442189036743E+000 -3.663504244769E+002  1.203107856800E+004
  2.160402686371E-002  7.271835255196E+000 -3.607578983093E+002  1.183923080651E+004
  2.207797279156E-002  7.102178054528E+000 -3.551919629205E+002  1.164904701832E+004
  2.255728580967E-002  6.933260800675E+000 -3.496537474335E+002  1.146056290357E+004
  2.304197567655E-002  6.765126005044E+000 -3.441443412716E+002  1.127381199448E+004
  2.353205226706E-002  6.597815320836E+000 -3.386647944540E+002  1.108882567733E+004
  2.402752557287E-002  6.431369540135E+000 -3.332161179326E+002  1.090563321670E+004
  2.452840570292E-002  6.265828591756E+000 -3.277992839693E+002  1.072426178213E+004
  2.503470288379E-002  6.101231539815E+000 -3.224152265519E+002  1.054473647684E+004
  2.554642746023E-002  5.937616582991E+000 -3.170648418452E+002  1.036708036866E+004
  2.606358989558E-002  5.775021054453E+000 -3.117489886785E+002  1.019131452293E+004
  2.658620077221E-002  5.613481422425E+000 -3.064684890648E+002  1.001745803736E+004
  2.711427079202E-002  5.453033291359E+000 -3.012241287517E+002  9.845528078657E+003
  2.764781077690E-002  5.293711403678E+000 -2.960166578010E+002  9.675539920925E+003
  2.818683166921E-002  5.135549642075E+000 -2.908467911966E+002  9.507506985664E+003
  2.873134453224E-002  4.978581032321E+000 -2.857152094765E+002  9.341440883310E+003
  2.928136055074E-002  4.822837746562E+000 -2.806225593899E+002  9.177351456188E+003
  2.983689103139E-002  4.668351107077E+000 -2.755694545747E+002  9.015246822798E+003
  3.039794740329E-002  4.515151590456E+000 -2.705564762552E+002  8.855133423306E+003
  3.096454121851E-002  4.363268832180E+000 -2.655841739585E+002  8.697016066162E+003
  3.153668415253E-002  4.212731631573E+000 -2.606530662456E+002  8.540897975729E+003
  3.211438800486E-002  4.063567957081E+000 -2.557636414573E+002  8.386780840816E+003
  3.269766469947E-002  3.915804951880E+000 -2.509163584731E+002  8.234664864032E+003
  3.328652628537E-002  3.769468939751E+000 -2.461116474790E+002  8.084548811836E+003
  3.388098493714E-002  3.624585431221E+000 -2.413499107457E+002  7.936430065197E+003
  3.448105295547E-002  3.481179129931E+000 -2.366315234125E+002  7.790304670760E+003
  3.508674276771E-002  3.339273939206E+000 -2.319568342770E+002  7.646167392421E+003
  3.569806692844E-002  3.198892968804E+000 -2.273261665878E+002  7.504011763205E+003
  3.631503812000E-002  3.060058541817E+000 -2.227398188399E+002  7.363830137369E+003
  3.693766915309E-002  2.922792201707E+000 -2.181980655691E+002  7.225613742614E+003
  3.756597296732E-002  2.787114719440E+000 -2.137011581457E+002  7.089352732331E+003
  3.819996263183E-002  2.653046100716E+000 -2.092493255654E+002  6.955036237778E+003
  3.883965134583E-002  2.520605593249E+000 -2.048427752353E+002  6.822652420111E+003
  3.948505243923E-002  2.389811694109E+000 -2.004816937541E+002  6.692188522172E+003
  4.013617937323E-002  2.260682157069E+000 -1.961662476855E+002  6.563630919959E+003
  4.079304574093E-002  2.133233999973E+000 -1.918965843224E+002  6.436965173691E+003
  4.145566526792E-002  2.007483512093E+000 -1.876728324416E+002  6.312176078391E+003
  4.212405181296E-002  1.883446261447E+000 -1.834951030473E+002  6.189247713915E+003
  4.279821936853E-002  1.761137102092E+000 -1.793634901027E+002  6.068163494349E+003
  4.347818206155E-002  1.640570181356E+000 -1.752780712475E+002  5.948906216700E+003
  4.416395415396E-002  1.521758946996E+000 -1.712389085021E+002  5.831458108831E+003
  4.485555004336E-002  1.404716154288E+000 -1.672460489554E+002  5.715800876555E+003
  4.555298426375E-002  1.289453873023E+000 -1.632995254372E+002  5.601915749842E+003
  4.625627148608E-002  1.175983494401E+000 -1.593993571733E+002  5.489783528072E+003
  4.696542651902E-002  1.064315737825E+000 -1.555455504226E+002  5.379384624289E+003
  4.768046430958E-002  9.544606575731E-001 -1.517380990957E+002  5.270699108399E+003
  4.840139994379E-002  8.464276493598E-001 -1.479769853547E+002  5.163706749263E+003
  4.912824864743E-002  7.402254567643E-001 -1.442621801928E+002  5.058387055643E+003
  4.986102578670E-002  6.358621775347E-001 -1.405936439940E+002  4.954719315967E+003
  5.059974686895E-002  5.333452697589E-001 -1.369713270715E+002  4.852682636866E+003
  5.134442754336E-002  4.326815579029E-001 -1.333951701864E+002  4.752255980445E+003
  5.209508360169E-002  3.338772387144E-001 -1.298651050431E+002  4.653418200280E+003
  5.285173097899E-002  2.369378869926E-001 -1.263810547648E+002  4.556148076088E+003
  5.361438575437E-002  1.418684612253E-001 -1.229429343465E+002  4.460424347058E+003
  5.438306415168E-002  4.867330909428E-002 -1.195506510856E+002  4.366225743829E+003
  5.515778254035E-002 -4.264382714585E-002 -1.162041049916E+002  4.273531019085E+003
  5.593855743605E-002 -1.320798054146E-001 -1.129031891727E+002  4.182318976758E+003
  5.672540550155E-002 -2.196320786713E-001 -1.096477902016E+002  4.092568499841E+003
  5.751834354743E-002 -3.052986898956E-001 -1.064377884583E+002  4.004258576780E+003
  5.831738853289E-002 -3.890782671764E-001 -1.032730584522E+002  3.917368326461E+003
  5.912255756656E-002 -4.709700189025E-001 -1.001534691222E+002  3.831877021781E+003
  5.993386790726E-002 -5.509737290473E-001 -9.707888411606E+001  3.747764111816E+003
  6.075133696481E-002 -6.290897525401E-001 -9.404916204855E+001  3.665009242567E+003
  6.157498230090E-002 -7.053190107162E-001 -9.106415673933E+001  3.583592276325E+003
  6.240482162984E-002 -7.796629868344E-001 -8.812371743071E+001  3.503493309640E+003
  6.324087281946E-002 -8.521237216552E-001 -8.522768898584E+001  3.424692689911E+003
  6.408315389190E-002 -9.227038090688E-001 -8.237591206773E+001  3.347171030631E+003
  6.493168302447E-002 -9.914063917617E-001 -7.956822329972E+001  3.270909225275E+003
  6.578647855056E-002 -1.058235156913E+000 -7.680445540792E+001  3.195888459886E+003
  6.664755896041E-002 -1.123194331911E+000 -7.408443734625E+001  3.122090224349E+003
  6.751494290207E-002 -1.186288680070E+000 -7.140799440464E+001  3.049496322400E+003
  6.838864918226E-002 -1.247523496353E+000 -6.877494830119E+001  2.978088880394E+003
  6.926869676725E-002 -1.306904603075E+000 -6.618511725879E+001  2.907850354852E+003
  7.015510478375E-002 -1.364438345576E+000 -6.363831606707E+001  2.838763538823E+003
  7.104789251987E-002 -1.420131587862E+000 -6.113435613031E+001  2.770811567099E+003
  7.194707942599E-002 -1.473991708195E+000 -5.867304550209E+001  2.703977920310E+003
  7.285268511573E-002 -1.526026594624E+000 -5.625418890744E+001  2.638246427934E+003
  7.376472936684E-002 -1.576244640442E+000 -5.387758775330E+001  2.573601270263E+003
  7.468323212221E-002 -1.624654739563E+000 -5.154304012792E+001  2.510026979365E+003
  7.560821349078E-002 -1.671266281806E+000 -4.925034079030E+001  2.447508439075E+003
  7.653969374850E-002 -1.716089148073E+000 -4.699928115007E+001  2.386030884060E+003
  7.747769333938E-002 -1.759133705418E+000 -4.478964923899E+001  2.325579897992E+003
  7.842223287637E-002 -1.800410801990E+000 -4.262122967461E+001  2.266141410886E+003
  7.937333314243E-002 -1.839931761841E+000 -4.049380361700E+001  2.207701695625E+003
  8.033101509154E-002 -1.877708379593E+000 -3.840714871937E+001  2.150247363732E+003
  8.129529984966E-002 -1.913752914957E+000 -3.636103907328E+001  2.093765360428E+003
  8.226620871580E-002 -1.948078087093E+000 -3.435524514932E+001  2.038242959005E+003
  8.324376316303E-002 -1.980697068793E+000 -3.238953373400E+001  1.983667754584E+003
  8.422798483957E-002 -2.011623480506E+000 -3.046366786351E+001  1.930027657282E+003
  8.521889556978E-002 -2.040871384170E+000 -2.857740675535E+001  1.877310884831E+003
  8.621651735528E-002 -2.068455276858E+000 -2.673050573825E+001  1.825505954713E+003
  8.722087237602E-002 -2.094390084240E+000 -2.492271618135E+001  1.774601675824E+003
  8.823198299134E-002 -2.118691153841E+000 -2.315378542318E+001  1.724587139739E+003
  8.924987174107E-002 -2.141374248090E+000 -2.142345670122E+001  1.675451711601E+003
  9.027456134670E-002 -2.162455537183E+000 -1.973146908258E+001  1.627185020680E+003
  9.130607471240E-002 -2.181951591715E+000 -1.807755739651E+001  1.579776950651E+003
  9.234443492626E-002 -2.199879375118E+000 -1.646145216940E+001  1.533217629622E+003
  9.338966526132E-002 -2.216256235876E+000 -1.488287956267E+001  1.487497419958E+003
  9.444178917683E-002 -2.231099899529E+000 -1.334156131425E+001  1.442606907934E+003
  9.550083031933E-002 -2.244428460464E+000 -1.183721468417E+001  1.398536893259E+003
  9.656681252387E-002 -2.256260373493E+000 -1.036955240467E+001  1.355278378510E+003
  9.763975981519E-002 -2.266614445208E+000 -8.938282635320E+000  1.312822558506E+003
  9.871969640891E-002 -2.275509825137E+000 -7.543108923715E+000  1.271160809658E+003
  9.980664671274E-002 -2.282965996683E+000 -6.183730171920E+000  1.230284679332E+003
  1.009006353277E-001 -2.289002767855E+000 -4.859840609238E+000  1.190185875254E+003
  1.020016870494E-001 -2.293640261803E+000 -3.571129771544E+000  1.150856254990E+003
  1.031098268692E-001 -2.296898907145E+000 -2.317282487517E+000  1.112287815524E+003
  1.042250799756E-001 -2.298799428104E+000 -1.097978872063E+000  1.074472682976E+003
  1.053474717553E-001 -2.299362834459E+000  8.710567285926E-002  1.037403102471E+003
  1.064770277946E-001 -2.298610411302E+000  1.238300449749E+000  1.001071428197E+003
  1.076137738809E-001 -2.296563708634E+000  2.355939449274E+000  9.654701136629E+002
  1.087577360036E-001 -2.293244530775E+000  3.440361325997E+000  9.305917021969E+002
  1.099089403557E-001 -2.288674925623E+000  4.491909366016E+000  8.964288176879E+002
  1.110674133350E-001 -2.282877173756E+000  5.510931446423E+000  8.629741556008E+002
  1.122331815458E-001 -2.275873777383E+000  6.497779986527E+000  8.302204742802E+002
  1.134062717995E-001 -2.267687449168E+000  7.452811890812E+000  7.981605865591E+002
  1.145867111168E-001 -2.258341100918E+000  8.376388483628E+000  7.667873516882E+002
  1.157745267286E-001 -2.247857832158E+000  9.268875435649E+000  7.360936675990E+002
  1.169697460775E-001 -2.236260918598E+000  1.013064268216E+001  7.060724635130E+002
  1.181723968193E-001 -2.223573800501E+000  1.096206433323E+001  6.767166929081E+002
  1.193825068243E-001 -2.209820070967E+000  1.176351857596E+001  6.480193268505E+002
  1.206001041787E-001 -2.195023464144E+000  1.253538756881E+001  6.199733477012E+002
  1.218252171865E-001 -2.179207843369E+000  1.327805732830E+001  5.925717432022E+002
  1.230578743703E-001 -2.162397189264E+000  1.399191760818E+001  5.658075009493E+002
  1.242981044731E-001 -2.144615587785E+000  1.467736177135E+001  5.396736032528E+002
  1.255459364600E-001 -2.125887218251E+000  1.533478665464E+001  5.141630223914E+002
  1.268013995194E-001 -2.106236341345E+000  1.596459242682E+001  4.892687162586E+002
  1.280645230647E-001 -2.085687287121E+000  1.656718244006E+001  4.649836244015E+002
  1.293353367356E-001 -2.064264443015E+000  1.714296307507E+001  4.413006644530E+002
  1.306138704000E-001 -2.041992241871E+000  1.769234358029E+001  4.182127289522E+002
  1.319001541553E-001 -2.018895150009E+000  1.821573590545E+001  3.957126825519E+002
  1.331942183303E-001 -1.994997655329E+000  1.871355452972E+001  3.737933596076E+002
  1.344960934863E-001 -1.970324255476E+000  1.918621628491E+001  3.524475621430E+002
  1.358058104191E-001 -1.944899446067E+000  1.963414017403E+001  3.316680581852E+002
  1.371234001607E-001 -1.918747709008E+000  2.005774718554E+001  3.114475804627E+002
  1.384488939805E-001 -1.891893500894E+000  2.045746010367E+001  2.917788254587E+002
  1.397823233874E-001 -1.864361241517E+000  2.083370331520E+001  2.726544528088E+002
  1.411237201313E-001 -1.836175302486E+000  2.118690261314E+001  2.540670850356E+002
  1.424731162050E-001 -1.807359995977E+000  2.151748499749E+001  2.360093076092E+002
  1.438305438454E-001 -1.777939563610E+000  2.182587847375E+001  2.184736693212E+002
  1.451960355357E-001 -1.747938165488E+000  2.211251184936E+001  2.014526829630E+002
  1.465696240072E-001 -1.717379869379E+000  2.237781452850E+001  1.849388262946E+002
  1.479513422405E-001 -1.686288640074E+000  2.262221630578E+001  1.689245432918E+002
  1.493412234681E-001 -1.654688328915E+000  2.284614715896E+001  1.534022456593E+002
  1.507393011753E-001 -1.622602663519E+000  2.305003704133E+001  1.383643145950E+002
  1.521456091027E-001 -1.590055237685E+000  2.323431567400E+001  1.238031027940E+002
  1.535601812478E-001 -1.557069501512E+000  2.339941233848E+001  1.097109366759E+002
  1.549830518669E-001 -1.523668751725E+000  2.354575566999E+001  9.608011882344E+001
  1.564142554766E-001 -1.489876122223E+000  2.367377345182E+001  8.290293061625E+001
  1.578538268564E-001 -1.455714574848E+000  2.378389241104E+001  7.017163504691E+001
  1.593018010499E-001 -1.421206890391E+000  2.387653801609E+001  5.787847970381E+001
  1.607582133673E-001 -1.386375659832E+000  2.395213427636E+001  4.601569990655E+001
  1.622230993867E-001 -1.351243275833E+000  2.401110354426E+001  3.457552197949E+001
  1.636964949568E-001 -1.315831924469E+000  2.405386632005E+001  2.355016664889E+001
  1.651784361984E-001 -1.280163577225E+000  2.408084105966E+001  1.293185254931E+001
  1.666689595063E-001 -1.244259983245E+000  2.409244398597E+001  2.712799825125E+000
  1.681681015517E-001 -1.208142661846E+000  2.408908890361E+001 -7.114766186852E+000
  1.696758992842E-001 -1.171832895300E+000  2.407118701777E+001 -1.655861120751E+001
  1.711923899335E-001 -1.135351721879E+000  2.403914675709E+001 -2.562648821179E+001
  1.727176110118E-001 -1.098719929181E+000  2.399337360099E+001 -3.432613358451E+001
  1.742516003158E-001 -1.061958047722E+000  2.393426991164E+001 -4.266526324867E+001
  1.757943959287E-001 -1.025086344804E+000  2.386223477070E+001 -5.065156877873E+001
  1.773460362227E-001 -9.881248186617E-001  2.377766382121E+001 -5.829271351118E+001
  1.789065598608E-001 -9.510931928825E-001  2.368094911457E+001 -6.559632866409E+001
  1.804760057990E-001 -9.140109111056E-001  2.357247896300E+001 -7.257000947727E+001
  1.820544132889E-001 -8.768971319950E-001  2.345263779750E+001 -7.922131138374E+001
  1.836418218792E-001 -8.397707244887E-001  2.332180603146E+001 -8.555774622324E+001
  1.852382714189E-001 -8.026502633223E-001  2.318035993005E+001 -9.158677850775E+001
  1.868438020586E-001 -7.655540248236E-001  2.302867148558E+001 -9.731582174849E+001
  1.884584542535E-001 -7.284999829791E-001  2.286710829874E+001 -1.027522348536E+002
  1.900822687655E-001 -6.915058057677E-001  2.269603346591E+001 -1.079033186051E+002
  1.917152866652E-001 -6.545888517591E-001  2.251580547265E+001 -1.127763122226E+002
  1.933575493349E-001 -6.177661669749E-001  2.232677809324E+001 -1.173783900224E+002
  1.950090984705E-001 -5.810544820079E-001  2.212930029648E+001 -1.217166581774E+002
  1.966699760840E-001 -5.444702093959E-001  2.192371615762E+001 -1.257981515862E+002
  1.983402245061E-001 -5.080294412463E-001  2.171036477654E+001 -1.296298308550E+002
  2.000198863884E-001 -4.717479471068E-001  2.148958020203E+001 -1.332185794000E+002
  2.017090047061E-001 -4.356411720776E-001  2.126169136232E+001 -1.365712006734E+002
  2.034076227605E-001 -3.997242351603E-001  2.102702200161E+001 -1.396944155181E+002
  2.051157841813E-001 -3.640119278379E-001  2.078589062275E+001 -1.425948596549E+002
  2.068335329293E-001 -3.285187128816E-001  2.053861043583E+001 -1.452790813052E+002
  2.085609132993E-001 -2.932587233775E-001  2.028548931276E+001 -1.477535389527E+002
  2.102979699219E-001 -2.582457619683E-001  2.002682974762E+001 -1.500245992446E+002
  2.120447477670E-001 -2.234933003041E-001  1.976292882277E+001 -1.520985350368E+002
  2.138012921459E-001 -1.890144786963E-001  1.949407818054E+001 -1.539815235822E+002
  2.155676487143E-001 -1.548221059677E-001  1.922056400054E+001 -1.556796448631E+002
  2.173438634747E-001 -1.209286594939E-001  1.894266698217E+001 -1.571988800706E+002
  2.191299827795E-001 -8.734628542821E-002  1.866066233255E+001 -1.585451102268E+002
  2.209260533334E-001 -5.408679910540E-002  1.837481975946E+001 -1.597241149537E+002
  2.227321221965E-001 -2.116168561593E-002  1.808540346927E+001 -1.607415713847E+002
  2.245482367870E-001  1.141789945409E-002  1.779267216964E+001 -1.616030532193E+002
  2.263744448840E-001  4.364112912467E-002  1.749687907696E+001 -1.623140299187E+002
  2.282107946304E-001  7.549750397153E-002  1.719827192813E+001 -1.628798660406E+002
  2.300573345358E-001  1.069768509300E-001  1.689709299681E+001 -1.633058207111E+002
  2.319141134796E-001  1.380693219594E-001  1.659357911367E+001 -1.635970472303E+002
  2.337811807137E-001  1.687653925749E-001  1.628796169070E+001 -1.637585928100E+002
  2.356585858657E-001  1.990558602522E-001  1.598046674925E+001 -1.637953984397E+002
  2.375463789419E-001  2.289318427117E-001  1.567131495174E+001 -1.637122988771E+002
  2.394446103301E-001  2.583847760885E-001  1.536072163669E+001 -1.635140227605E+002
  2.413533308032E-001  2.874064129938E-001  1.504889685712E+001 -1.632051928386E+002
  2.432725915217E-001  3.159888204733E-001  1.473604542191E+001 -1.627903263137E+002
  2.452024440374E-001  3.441243778696E-001  1.442236694004E+001 -1.622738352942E+002
  2.471429402963E-001  3.718057745918E-001  1.410805586761E+001 -1.616600273530E+002
  2.490941326418E-001  3.990260078010E-001  1.379330155726E+001 -1.609531061850E+002
  2.510560738180E-001  4.257783800137E-001  1.347828831000E+001 -1.601571723620E+002
  2.530288169732E-001  4.520564966306E-001  1.316319542915E+001 -1.592762241782E+002
  2.550124156627E-001  4.778542633944E-001  1.284819727627E+001 -1.583141585826E+002
  2.570069238527E-001  5.031658837818E-001  1.253346332892E+001 -1.572747721929E+002
  2.590123959233E-001  5.279858563347E-001  1.221915824003E+001 -1.561617623864E+002
  2.610288866721E-001  5.523089719337E-001  1.190544189873E+001 -1.549787284636E+002
  2.630564513176E-001  5.761303110198E-001  1.159246949253E+001 -1.537291728778E+002
  2.650951455027E-001  5.994452407666E-001  1.128039157065E+001 -1.524165025281E+002
  2.671450252982E-001  6.222494122086E-001  1.096935410828E+001 -1.510440301092E+002
  2.692061472063E-001  6.445387573265E-001  1.065949857180E+001 -1.496149755140E+002
  2.712785681644E-001  6.663094860967E-001  1.035096198464E+001 -1.481324672840E+002
  2.733623455485E-001  6.875580835037E-001  1.004387699372E+001 -1.465995441035E+002
  2.754575371771E-001  7.082813065227E-001  9.738371936350E+000 -1.450191563307E+002
  2.775642013146E-001  7.284761810720E-001  9.434570907463E+000 -1.433941675647E+002
  2.796823966754E-001  7.481399989389E-001  9.132593826981E+000 -1.417273562407E+002
  2.818121824272E-001  7.672703146822E-001  8.832556507322E+000 -1.400214172507E+002
  2.839536181956E-001  7.858649425120E-001  8.534570720850E+000 -1.382789635854E+002
  2.861067640671E-001  8.039219531504E-001  8.238744267203E+000 -1.365025279924E+002
  2.882716805935E-001  8.214396706730E-001  7.945181040396E+000 -1.346945646480E+002
  2.904484287958E-001  8.384166693350E-001  7.653981095602E+000 -1.328574508371E+002
  2.926370701682E-001  8.548517703814E-001  7.365240715541E+000 -1.309934886391E+002
  2.948376666818E-001  8.707440388439E-001  7.079052476383E+000 -1.291049066155E+002
  2.970502807892E-001  8.860927803251E-001  6.795505313112E+000 -1.271938614957E+002
  2.992749754281E-001  9.008975377704E-001  6.514684584269E+000 -1.252624398579E+002
  3.015118140259E-001  9.151580882302E-001  6.236672136021E+000 -1.233126598023E+002
  3.037608605035E-001  9.288744396104E-001  5.961546365510E+000 -1.213464726136E+002
  3.060221792797E-001  9.420468274143E-001  5.689382283418E+000 -1.193657644100E+002
  3.082958352758E-001  9.546757114751E-001  5.420251575726E+000 -1.173723577756E+002
  3.105818939192E-001  9.667617726784E-001  5.154222664612E+000 -1.153680133750E+002
  3.128804211487E-001  9.783059096769E-001  4.891360768472E+000 -1.133544315469E+002
  3.151914834180E-001  9.893092355963E-001  4.631727961027E+000 -1.113332538749E+002
  3.175151477009E-001  9.997730747314E-001  4.375383229506E+000 -1.093060647339E+002
  3.198514814953E-001  1.009698959234E+000  4.122382531881E+000 -1.072743928102E+002
  3.222005528283E-001  1.019088625793E+000  3.872778853145E+000 -1.052397125931E+002
  3.245624302601E-001  1.027944012301E+000  3.626622260635E+000 -1.032034458380E+002
  3.269371828894E-001  1.036267254517E+000  3.383959958383E+000 -1.011669629988E+002
  3.293248803576E-001  1.044060682714E+000  3.144836340512E+000 -9.913158462812E+001
  3.317255928537E-001  1.051326818318E+000  2.909293043676E+000 -9.709858274585E+001
  3.341393911192E-001  1.058068370538E+000  2.677368998547E+000 -9.506918217389E+001
  3.365663464529E-001  1.064288232983E+000  2.449100480383E+000 -9.304456183711E+001
  3.390065307159E-001  1.069989480264E+000  2.224521158665E+000 -9.102585602993E+001
  3.414600163363E-001  1.075175364592E+000  2.003662145849E+000 -8.901415564803E+001
  3.439268763145E-001  1.079849312352E+000  1.786552045239E+000 -8.701050938520E+001
  3.464071842282E-001  1.084014920674E+000  1.573216998004E+000 -8.501592489498E+001
  3.489010142374E-001  1.087675953985E+000  1.363680729383E+000 -8.303136991721E+001
  3.514084410898E-001  1.090836340547E+000  1.157964594086E+000 -8.105777336962E+001
  3.539295401259E-001  1.093500168981E+000  9.560876209314E-001 -7.909602640469E+001
  3.564643872842E-001  1.095671684776E+000  7.580665567572E-001 -7.714698343203E+001
  3.590130591069E-001  1.097355286786E+000  5.639159096270E-001 -7.521146310676E+001
  3.615756327448E-001  1.098555523701E+000  3.736479913746E-001 -7.329024928446E+001
  3.641521859632E-001  1.099277090516E+000  1.872729595184E-001 -7.138409194310E+001
  3.667427971473E-001  1.099524824974E+000  4.798858583566E-003 -6.949370807282E+001
  3.693475453076E-001  1.099303703996E+000 -1.737683391333E-001 -6.761978253408E+001
  3.719665100860E-001  1.098618840094E+000 -3.484246933188E-001 -6.576296888522E+001
  3.745997717609E-001  1.097475477769E+000 -5.191682558809E-001 -6.392389018002E+001
  3.772474112534E-001  1.095878989894E+000 -6.859990316335E-001 -6.210313973637E+001
  3.799095101331E-001  1.093834874075E+000 -8.489189393911E-001 -6.030128187687E+001
  3.825861506238E-001  1.091348749002E+000 -1.007931773438E+000 -5.851885264236E+001
  3.852774156096E-001  1.088426350785E+000 -1.163043165338E+000 -5.675636047955E+001
  3.879833886411E-001  1.085073529271E+000 -1.314260546044E+000 -5.501428690346E+001
  3.907041539409E-001  1.081296244347E+000 -1.461593108286E+000 -5.329308713615E+001
  3.934397964105E-001  1.077100562232E+000 -1.605051769192E+000 -5.159319072249E+001
  3.961904016361E-001  1.072492651756E+000 -1.744649133121E+000 -4.991500212422E+001
  3.989560558949E-001  1.067478780620E+000 -1.880399454667E+000 -4.825890129343E+001
  4.017368461617E-001  1.062065311652E+000 -2.012318601821E+000 -4.662524422641E+001
  4.045328601149E-001  1.056258699050E+000 -2.140424019251E+000 -4.501436349920E+001
  4.073441861437E-001  1.050065484611E+000 -2.264734691675E+000 -4.342656878572E+001
  4.101709133538E-001  1.043492293959E+000 -2.385271107314E+000 -4.186214735967E+001
  4.130131315750E-001  1.036545832760E+000 -2.502055221392E+000 -4.032136458132E+001
  4.158709313670E-001  1.029232882931E+000 -2.615110419671E+000 -3.880446437016E+001
  4.187444040269E-001  1.021560298849E+000 -2.724461481993E+000 -3.731166966443E+001
  4.216336415958E-001  1.013535003550E+000 -2.830134545827E+000 -3.584318286866E+001
  4.245387368658E-001  1.005163984936E+000 -2.932157069789E+000 -3.439918629008E+001
  4.274597833869E-001  9.964542919668E-001 -3.030557797138E+000 -3.297984256495E+001
  4.303968754741E-001  9.874130308712E-001 -3.125366719231E+000 -3.158529507565E+001
  4.333501082151E-001  9.780473613476E-001 -3.216615038926E+000 -3.021566835947E+001
  4.363195774768E-001  9.683644927764E-001 -3.304335133934E+000 -2.887106850997E+001
  4.393053799131E-001  9.583716804375E-001 -3.388560520104E+000 -2.755158357169E+001
  4.423076129724E-001  9.480762217372E-001 -3.469325814653E+000 -2.625728392898E+001
  4.453263749047E-001  9.374854524453E-001 -3.546666699326E+000 -2.498822268974E+001
  4.483617647698E-001  9.266067429460E-001 -3.620619883503E+000 -2.374443606471E+001
  4.514138824444E-001  9.154474945028E-001 -3.691223067234E+000 -2.252594374299E+001
  4.544828286302E-001  9.040151355413E-001 -3.758514904231E+000 -2.133274926444E+001
  4.575687048617E-001  8.923171179504E-001 -3.822534964813E+000 -2.016484038943E+001
  4.606716135142E-001  8.803609134053E-001 -3.883323698801E+000 -1.902218946659E+001
  4.637916578118E-001  8.681540097140E-001 -3.940922398399E+000 -1.790475379890E+001
  4.669289418353E-001  8.557039071892E-001 -3.995373161047E+000 -1.681247600869E+001
  4.700835705309E-001  8.430181150487E-001 -4.046718852277E+000 -1.574528440192E+001
  4.732556497182E-001  8.301041478451E-001 -4.095003068575E+000 -1.470309333194E+001
  4.764452860985E-001  8.169695219290E-001 -4.140270100276E+000 -1.368580356331E+001
  4.796525872639E-001  8.036217519454E-001 -4.182564894496E+000 -1.269330263566E+001
  4.828776617050E-001  7.900683473683E-001 -4.221933018134E+000 -1.172546522811E+001
  4.861206188205E-001  7.763168090733E-001 -4.258420620953E+000 -1.078215352409E+001
  4.893815689254E-001  7.623746259519E-001 -4.292074398761E+000 -9.863217577108E+000
  4.926606232602E-001  7.482492715689E-001 -4.322941556726E+000 -8.968495677190E+000
  4.959578939999E-001  7.339482008656E-001 -4.351069772832E+000 -8.097814718371E+000
  4.992734942630E-001  7.194788469097E-001 -4.376507161502E+000 -7.250990567085E+000
  5.026075381207E-001  7.048486176962E-001 -4.399302237429E+000 -6.427828431545E+000
  5.059601406064E-001  6.900648929984E-001 -4.419503879609E+000 -5.628123232057E+000
  5.093314177250E-001  6.751350212740E-001 -4.437161295635E+000 -4.851659972224E+000
  5.127214864626E-001  6.600663166253E-001 -4.452323986248E+000 -4.098214110938E+000
  5.161304647959E-001  6.448660558178E-001 -4.465041710190E+000 -3.367551935052E+000
  5.195584717022E-001  6.295414753574E-001 -4.475364449377E+000 -2.659430932595E+000
  5.230056271692E-001  6.140997686288E-001 -4.483342374417E+000 -1.973600166350E+000
  5.264720522050E-001  5.985480830964E-001 -4.489025810508E+000 -1.309800647626E+000
  5.299578688483E-001  5.828935175691E-001 -4.492465203725E+000 -6.677657099943E-001
  5.334632001783E-001  5.671431195312E-001 -4.493711087745E+000 -4.722138277586E-002
  5.369881703256E-001  5.513038825400E-001 -4.492814051011E+000  5.521132359708E-001
  5.405329044823E-001  5.353827436922E-001 -4.489824704382E+000  1.130525607226E+000
  5.440975289128E-001  5.193865811600E-001 -4.484793649279E+000  1.688309379820E+000
  5.476821709641E-001  5.033222117981E-001 -4.477771446357E+000  2.225764020573E+000
  5.512869590774E-001  4.871963888225E-001 -4.468808584733E+000  2.743194446049E+000
  5.549120227985E-001  4.710157995630E-001 -4.457955451776E+000  3.240910656250E+000
  5.585574927889E-001  4.547870632889E-001 -4.445262303506E+000  3.719227370552E+000
  5.622235008375E-001  4.385167291104E-001 -4.430779235600E+000  4.178463666195E+000
  5.659101798716E-001  4.222112739546E-001 -4.414556155046E+000  4.618942619678E+000
  5.696176639685E-001  4.058771006185E-001 -4.396642752447E+000  5.040990951357E+000
  5.733460883672E-001  3.895205358983E-001 -4.377088475015E+000  5.444938673589E+000
  5.770955894803E-001  3.731478287957E-001 -4.355942500252E+000  5.831118742747E+000
  5.808663049055E-001  3.567651488026E-001 -4.333253710354E+000  6.199866715433E+000
  5.846583734383E-001  3.403785842621E-001 -4.309070667337E+000  6.551520409201E+000
  5.884719350837E-001  3.239941408090E-001 -4.283441588922E+000  6.886419568130E+000
  5.923071310690E-001  3.076177398869E-001 -4.256414325170E+000  7.204905533531E+000
  5.961641038558E-001  2.912552173443E-001 -4.228036335895E+000  7.507320920126E+000
  6.000429971532E-001  2.749123221074E-001 -4.198354668861E+000  7.794009297970E+000
  6.039439559304E-001  2.585947149317E-001 -4.167415938780E+000  8.065314880421E+000
  6.078671264295E-001  2.423079672295E-001 -4.135266307112E+000  8.321582218434E+000
  6.118126561791E-001  2.260575599750E-001 -4.101951462677E+000  8.563155901453E+000
  6.157806940069E-001  2.098488826854E-001 -4.067516603093E+000  8.790380265148E+000
  6.197713900541E-001  1.936872324776E-001 -4.032006417039E+000  9.003599106257E+000
  6.237848957880E-001  1.775778132001E-001 -3.995465067346E+000  9.203155404754E+000
  6.278213640166E-001  1.615257346385E-001 -3.957936174931E+000  9.389391053572E+000
  6.318809489022E-001  1.455360117951E-001 -3.919462803556E+000  9.562646596080E+000
  6.359638059756E-001  1.296135642401E-001 -3.880087445434E+000  9.723260971511E+000
  6.400700921502E-001  1.137632155348E-001 -3.839852007663E+000  9.871571268509E+000
  6.441999657370E-001  9.798969272445E-002 -3.798797799506E+000  1.000791248697E+001
  6.483535864586E-001  8.229762590054E-002 -3.756965520492E+000  1.013261730830E+001
  6.525311154647E-001  6.669154783096E-002 -3.714395249348E+000  1.024601587425E+001
  6.567327153465E-001  5.117589365643E-002 -3.671126433760E+000  1.034843557441E+001
  6.609585501525E-001  3.575500065230E-002 -3.627197880936E+000  1.044020084247E+001
  6.652087854034E-001  2.043310805404E-002 -3.582647748994E+000  1.052163296135E+001
  6.694835881080E-001  5.214356944916E-003 -3.537513539133E+000  1.059304987723E+001
  6.737831267789E-001 -9.897209795494E-003 -3.491832088607E+000  1.065476602256E+001
  6.781075714485E-001 -2.489764748374E-002 -3.445639564469E+000  1.070709214802E+001
  6.824570936852E-001 -3.978310956738E-002 -3.398971458088E+000  1.075033516357E+001
  6.868318666096E-001 -5.454984750403E-002 -3.351862580414E+000  1.078479798846E+001
  6.912320649114E-001 -6.919421058631E-002 -3.304347057990E+000  1.081077941021E+001
  6.956578648660E-001 -8.371264571431E-002 -3.256458329688E+000  1.082857395265E+001
  7.001094443516E-001 -9.810169711752E-002 -3.208229144151E+000  1.083847175276E+001
  7.045869828664E-001 -1.123580060279E-001 -3.159691557934E+000  1.084075844649E+001
  7.090906615461E-001 -1.264783103058E-001 -3.110876934327E+000  1.083571506329E+001
  7.136206631812E-001 -1.404594440211E-001 -3.061815942826E+000  1.082361792932E+001
  7.181771722357E-001 -1.542983369905E-001 -3.012538559254E+000  1.080473857935E+001
  7.227603748644E-001 -1.679920142734E-001 -2.963074066507E+000  1.077934367703E+001
  7.273704589315E-001 -1.815375956289E-001 -2.913451055895E+000  1.074769494361E+001
  7.320076140295E-001 -1.949322949341E-001 -2.863697429072E+000  1.071004909476E+001
  7.366720314977E-001 -2.081734195668E-001 -2.813840400531E+000  1.066665778559E+001
  7.413639044413E-001 -2.212583697548E-001 -2.763906500634E+000  1.061776756342E+001
  7.460834277508E-001 -2.341846378920E-001 -2.713921579173E+000  1.056361982844E+001
  7.508307981215E-001 -2.469498078252E-001 -2.663910809420E+000  1.050445080176E+001
  7.556062140732E-001 -2.595515541116E-001 -2.613898692667E+000  1.044049150092E+001
  7.604098759705E-001 -2.719876412500E-001 -2.563909063212E+000  1.037196772252E+001
  7.652419860431E-001 -2.842559228873E-001 -2.513965093784E+000  1.029910003182E+001
  7.701027484060E-001 -2.963543410013E-001 -2.464089301383E+000  1.022210375905E+001
  7.749923690810E-001 -3.082809250625E-001 -2.414303553503E+000  1.014118900226E+001
  7.799110560171E-001 -3.200337911760E-001 -2.364629074731E+000  1.005656063644E+001
  7.848590191124E-001 -3.316111412057E-001 -2.315086453684E+000  9.968418328712E+000
  7.898364702358E-001 -3.430112618815E-001 -2.265695650275E+000  9.876956559382E+000
  7.948436232486E-001 -3.542325238922E-001 -2.216476003281E+000  9.782364648498E+000
  7.998806940270E-001 -3.652733809647E-001 -2.167446238187E+000  9.684826787816E+000
  8.049479004846E-001 -3.761323689321E-001 -2.118624475292E+000  9.584522077836E+000
  8.100454625952E-001 -3.868081047905E-001 -2.070028238050E+000  9.481624569690E+000
  8.151736024160E-001 -3.972992857478E-001 -2.021674461630E+000  9.376303311635E+000
  8.203325441110E-001 -4.076046882646E-001 -1.973579501669E+000  9.268722399890E+000
  8.255225139746E-001 -4.177231670891E-001 -1.925759143201E+000  9.159041033579E+000
  8.307437404560E-001 -4.276536542861E-001 -1.878228609743E+000  9.047413573526E+000
  8.359964541833E-001 -4.373951582640E-001 -1.831002572512E+000  8.933989604649E+000
  8.412808879885E-001 -4.469467627976E-001 -1.784095159768E+000  8.818914001712E+000
  8.465972769320E-001 -4.563076260499E-001 -1.737519966242E+000  8.702326998191E+000
  8.519458583285E-001 -4.654769795940E-001 -1.691290062660E+000  8.584364258002E+000
  8.573268717726E-001 -4.744541274345E-001 -1.645418005316E+000  8.465156949867E+000
  8.627405591648E-001 -4.832384450311E-001 -1.599915845698E+000  8.344831824061E+000
  8.681871647376E-001 -4.918293783243E-001 -1.554795140143E+000  8.223511291330E+000
  8.736669350829E-001 -5.002264427639E-001 -1.510066959505E+000  8.101313503738E+000
  8.791801191785E-001 -5.084292223415E-001 -1.465741898821E+000  7.978352437215E+000
  8.847269684160E-001 -5.164373686279E-001 -1.421830086961E+000  7.854737975611E+000
  8.903077366283E-001 -5.242505998149E-001 -1.378341196253E+000  7.730575996014E+000
  8.959226801184E-001 -5.318686997636E-001 -1.335284452057E+000  7.605968455143E+000
  9.015720576873E-001 -5.392915170582E-001 -1.292668642290E+000  7.481013476614E+000
  9.072561306635E-001 -5.465189640668E-001 -1.250502126886E+000  7.355805438873E+000
  9.129751629322E-001 -5.535510160097E-001 -1.208792847168E+000  7.230435063617E+000
  9.187294209652E-001 -5.603877100342E-001 -1.167548335139E+000  7.104989504525E+000
  9.245191738511E-001 -5.670291442978E-001 -1.126775722676E+000  6.979552436109E+000
  9.303446933257E-001 -5.734754770592E-001 -1.086481750608E+000  6.854204142533E+000
  9.362062538036E-001 -5.797269257770E-001 -1.046672777689E+000  6.729021606227E+000
  9.421041324088E-001 -5.857837662174E-001 -1.007354789436E+000  6.604078596159E+000
  9.480386090075E-001 -5.916463315693E-001 -9.685334068432E-001  6.479445755599E+000
  9.540099662399E-001 -5.973150115687E-001 -9.302138949596E-001  6.355190689253E+000
  9.600184895530E-001 -6.027902516308E-001 -8.924011713188E-001  6.231378049636E+000
  9.660644672342E-001 -6.080725519906E-001 -8.550998142250E-001  6.108069622545E+000
  9.721481904447E-001 -6.131624668515E-001 -8.183140708843E-001  5.985324411545E+000
  9.782699532537E-001 -6.180606035426E-001 -7.820478653810E-001  5.863198721331E+000
  9.844300526731E-001 -6.227676216830E-001 -7.463048064937E-001  5.741746239887E+000
  9.906287886927E-001 -6.272842323545E-001 -7.110881953499E-001  5.621018119348E+000
  9.968664643158E-001 -6.316111972812E-001 -6.764010329161E-001  5.501063055464E+000
  1.003143385595E+000 -6.357493280167E-001 -6.422460273225E-001  5.381927365617E+000
  1.009459861670E+000 -6.396994851379E-001 -6.086256010215E-001  5.263655065289E+000
  1.015816204803E+000 -6.434625774453E-001 -5.755418977790E-001  5.146287942953E+000
  1.022212730417E+000 -6.470395611696E-001 -5.429967894991E-001  5.029865633298E+000
  1.028649757135E+000 -6.504314391840E-001 -5.109918828827E-001  4.914425688768E+000
  1.035127606818E+000 -6.536392602218E-001 -4.795285259209E-001  4.800003649354E+000
  1.041646604604E+000 -6.566641180995E-001 -4.486078142251E-001  4.686633110616E+000
  1.048207078948E+000 -6.595071509433E-001 -4.182305971951E-001  4.574345789898E+000
  1.054809361664E+000 -6.621695404211E-001 -3.883974840276E-001  4.463171590723E+000
  1.061453787962E+000 -6.646525109770E-001 -3.591088495689E-001  4.353138665340E+000
  1.068140696494E+000 -6.669573290695E-001 -3.303648400130E-001  4.244273475422E+000
  1.074870429395E+000 -6.690853024126E-001 -3.021653784498E-001  4.136600850912E+000
  1.081643332322E+000 -6.710377792185E-001 -2.745101702663E-001  4.030144047000E+000
  1.088459754505E+000 -6.728161474426E-001 -2.473987084052E-001  3.924924799261E+000
  1.095320048782E+000 -6.744218340296E-001 -2.208302784852E-001  3.820963376945E+000
  1.102224571653E+000 -6.758563041604E-001 -1.948039637858E-001  3.718278634440E+000
  1.109173683316E+000 -6.771210604992E-001 -1.693186501041E-001  3.616888060936E+000
  1.116167747721E+000 -6.782176424408E-001 -1.443730304849E-001  3.516807828294E+000
  1.123207132611E+000 -6.791476253574E-001 -1.199656098321E-001  3.418052837165E+000
  1.130292209573E+000 -6.799126198437E-001 -9.609470940407E-002  3.320636761380E+000
  1.137423354084E+000 -6.805142709615E-001 -7.275847119988E-002  3.224572090652E+000
  1.144600945560E+000 -6.809542574814E-001 -4.995486224010E-002  3.129870171611E+000
  1.151825367405E+000 -6.812342911239E-001 -2.768167874858E-002  3.036541247237E+000
  1.159097007063E+000 -6.813561157956E-001 -5.936550239891E-003  2.944594494706E+000
  1.166416256069E+000 -6.813215068247E-001  1.528305648204E-002  2.854038061714E+000
  1.173783510095E+000 -6.811322701917E-001  3.597983340889E-002  2.764879101314E+000
  1.181199169012E+000 -6.807902417567E-001  5.615662749108E-002  2.677123805317E+000
  1.188663636935E+000 -6.802972864836E-001  7.581643687408E-002  2.590777436308E+000
  1.196177322279E+000 -6.796552976590E-001  9.496240720237E-002  2.505844358326E+000
  1.203740637818E+000 -6.788661961074E-001  1.135978279864E-001  2.422328066258E+000
  1.211354000735E+000 -6.779319294012E-001  1.317261290268E-001  2.340231214004E+000
  1.219017832681E+000 -6.768544710665E-001  1.493508768925E-001  2.259555641467E+000
  1.226732559833E+000 -6.756358197834E-001  1.664757714454E-001  2.180302400409E+000
  1.234498612950E+000 -6.742779985810E-001  1.831046424099E-001  2.102471779246E+000
  1.242316427433E+000 -6.727830540278E-001  1.992414459809E-001  2.026063326822E+000
  1.250186443388E+000 -6.711530554161E-001  2.148902614659E-001  1.951075875217E+000
  1.258109105679E+000 -6.693900939413E-001  2.300552879591E-001  1.877507561646E+000
  1.266084863999E+000 -6.674962818759E-001  2.447408410406E-001  1.805355849506E+000
  1.274114172926E+000 -6.654737517380E-001  2.589513494995E-001  1.734617548602E+000
  1.282197491990E+000 -6.633246554540E-001  2.726913520759E-001  1.665288834636E+000
  1.290335285734E+000 -6.610511635172E-001  2.859654942191E-001  1.597365267977E+000
  1.298528023786E+000 -6.586554641398E-001  2.987785248584E-001  1.530841811778E+000
  1.306776180919E+000 -6.561397624010E-001  3.111352931847E-001  1.465712849487E+000
  1.315080237120E+000 -6.535062793894E-001  3.230407454383E-001  1.401972201797E+000
  1.323440677664E+000 -6.507572513412E-001  3.344999217024E-001  1.339613143067E+000
  1.331857993175E+000 -6.478949287741E-001  3.455179526994E-001  1.278628417282E+000
  1.340332679704E+000 -6.449215756160E-001  3.561000565877E-001  1.219010253569E+000
  1.348865238797E+000 -6.418394683308E-001  3.662515357573E-001  1.160750381328E+000
  1.357456177571E+000 -6.386508950402E-001  3.759777736236E-001  1.103840045002E+000
  1.366106008782E+000 -6.353581546416E-001  3.852842314168E-001  1.048270018526E+000
  1.374815250909E+000 -6.319635559241E-001  3.941764449674E-001  9.940306195013E-001
  1.383584428224E+000 -6.284694166807E-001  4.026600214852E-001  9.411117231045E-001
  1.392414070872E+000 -6.248780628191E-001  4.107406363333E-001  8.895027757833E-001
  1.401304714948E+000 -6.211918274705E-001  4.184240297949E-001  8.391928087548E-001
  1.410256902580E+000 -6.174130500965E-001  4.257160038336E-001  7.901704513383E-001
  1.419271182008E+000 -6.135440755959E-001  4.326224188482E-001  7.424239441446E-001
  1.428348107668E+000 -6.095872534104E-001  4.391491904200E-001  6.959411521455E-001
  1.437488240275E+000 -6.055449366305E-001  4.453022860556E-001  6.507095776443E-001
  1.446692146911E+000 -6.014194811022E-001  4.510877219242E-001  6.067163731642E-001
  1.455960401104E+000 -5.972132445341E-001  4.565115595911E-001  5.639483542740E-001
  1.465293582927E+000 -5.929285856067E-001  4.615799027479E-001  5.223920123626E-001
  1.474692279079E+000 -5.885678630836E-001  4.662988939417E-001  4.820335273781E-001
  1.484157082978E+000 -5.841334349250E-001  4.706747113029E-001  4.428587805405E-001
  1.493688594856E+000 -5.796276574050E-001  4.747135652752E-001  4.048533670386E-001
  1.503287421848E+000 -5.750528842320E-001  4.784216953478E-001  3.680026087177E-001
  1.512954178094E+000 -5.704114656742E-001  4.818053667928E-001  3.322915667644E-001
  1.522689484827E+000 -5.657057476891E-001  4.848708674089E-001  2.977050543926E-001
  1.532493970480E+000 -5.609380710590E-001  4.876245042739E-001  2.642276495335E-001
  1.542368270780E+000 -5.561107705327E-001  4.900726005084E-001  2.318437075308E-001
  1.552313028853E+000 -5.512261739732E-001  4.922214920522E-001  2.005373738402E-001
  1.562328895326E+000 -5.462866015129E-001  4.940775244565E-001  1.702925967327E-001
  1.572416528431E+000 -5.412943647167E-001  4.956470496938E-001  1.410931399982E-001
  1.582576594115E+000 -5.362517657530E-001  4.969364229879E-001  1.129225956450E-001
  1.592809766145E+000 -5.311610965737E-001  4.979519996677E-001  8.576439659068E-002
  1.603116726218E+000 -5.260246381037E-001  4.987001320450E-001  5.960182933776E-002
  1.613498164078E+000 -5.208446594402E-001  4.991871663215E-001  3.441804662699E-002
  1.623954777622E+000 -5.156234170620E-001  4.994194395257E-001  1.019608006012E-002
  1.634487273025E+000 -5.103631540507E-001  4.994032764832E-001 -1.308114731672E-002
  1.645096364848E+000 -5.050660993224E-001  4.991449868228E-001 -3.543080847863E-002
  1.655782776168E+000 -4.997344668719E-001  4.986508620208E-001 -5.687015994688E-002
  1.666547238688E+000 -4.943704550287E-001  4.979271724864E-001 -7.741652938391E-002
  1.677390492873E+000 -4.889762457267E-001  4.969801646906E-001 -9.708730326991E-002
  1.688313288066E+000 -4.835540037864E-001  4.958160583409E-001 -1.158999146725E-001
  1.699316382620E+000 -4.781058762111E-001  4.944410436044E-001 -1.338718311217E-001
  1.710400544029E+000 -4.726339914970E-001  4.928612783817E-001 -1.510205426025E-001
  1.721566549058E+000 -4.671404589584E-001  4.910828856341E-001 -1.673635496777E-001
  1.732815183877E+000 -4.616273680666E-001  4.891119507660E-001 -1.829183517530E-001
  1.744147244202E+000 -4.560967878053E-001  4.869545190646E-001 -1.977024354980E-001
  1.755563535430E+000 -4.505507660402E-001  4.846165931995E-001 -2.117332634351E-001
  1.767064872781E+000 -4.449913289055E-001  4.821041307836E-001 -2.250282627083E-001
  1.778652081442E+000 -4.394204802055E-001  4.794230419977E-001 -2.376048140465E-001
  1.790325996715E+000 -4.338402008334E-001  4.765791872803E-001 -2.494802409298E-001
  1.802087464166E+000 -4.282524482058E-001  4.735783750838E-001 -2.606717989750E-001
  1.813937339772E+000 -4.226591557146E-001  4.704263596999E-001 -2.711966655484E-001
  1.825876490081E+000 -4.170622321956E-001  4.671288391541E-001 -2.810719296186E-001
  1.837905792365E+000 -4.114635614139E-001  4.636914531721E-001 -2.903145818610E-001
  1.850026134778E+000 -4.058650015672E-001  4.601197812177E-001 -2.989415050216E-001
  1.862238416525E+000 -4.002683848056E-001  4.564193406051E-001 -3.069694645536E-001
  1.874543548019E+000 -3.946755167699E-001  4.525955846844E-001 -3.144150995323E-001
  1.886942451054E+000 -3.890881761463E-001  4.486539011033E-001 -3.212949138606E-001
  1.899436058973E+000 -3.835081142394E-001  4.445996101437E-001 -3.276252677698E-001
  1.912025316845E+000 -3.779370545628E-001  4.404379631350E-001 -3.334223696263E-001
  1.924711181638E+000 -3.723766924466E-001  4.361741409439E-001 -3.387022680485E-001
  1.937494622402E+000 -3.668286946637E-001  4.318132525413E-001 -3.434808443416E-001
  1.950376620452E+000 -3.612946990725E-001  4.273603336461E-001 -3.477738052554E-001
  1.963358169552E+000 -3.557763142778E-001  4.228203454461E-001 -3.515966760688E-001
  1.976440276109E+000 -3.502751193088E-001  4.181981733955E-001 -3.549647940065E-001
  1.989623959360E+000 -3.447926633151E-001  4.134986260893E-001 -3.578933019908E-001
  2.002910251577E+000 -3.393304652789E-001  4.087264342141E-001 -3.603971427297E-001
  2.016300198259E+000 -3.338900137457E-001  4.038862495740E-001 -3.624910531448E-001
  2.029794858340E+000 -3.284727665705E-001  3.989826441918E-001 -3.641895591394E-001
  2.043395304396E+000 -3.230801506825E-001  3.940201094851E-001 -3.655069707069E-001
  2.057102622856E+000 -3.177135618651E-001  3.890030555147E-001 -3.664573773790E-001
  2.070917914217E+000 -3.123743645536E-001  3.839358103067E-001 -3.670546440136E-001
  2.084842293261E+000 -3.070638916483E-001  3.788226192449E-001 -3.673124069191E-001
  2.098876889283E+000 -3.017834443445E-001  3.736676445339E-001 -3.672440703140E-001
  2.113022846310E+000 -2.965342919785E-001  3.684749647318E-001 -3.668628031176E-001
  2.127281323341E+000 -2.913176718886E-001  3.632485743491E-001 -3.661815360684E-001
  2.141653494575E+000 -2.861347892927E-001  3.579923835153E-001 -3.652129591661E-001
  2.156140549656E+000 -2.809868171805E-001  3.527102177092E-001 -3.639695194313E-001
  2.170743693911E+000 -2.758748962214E-001  3.474058175525E-001 -3.624634189786E-001
  2.185464148607E+000 -2.708001346868E-001  3.420828386654E-001 -3.607066133951E-001
  2.200303151197E+000 -2.657636083875E-001  3.367448515817E-001 -3.587108104197E-001
  2.215261955581E+000 -2.607663606254E-001  3.313953417214E-001 -3.564874689143E-001
  2.230341832367E+000 -2.558094021594E-001  3.260377094210E-001 -3.540477981206E-001
  2.245544069142E+000 -2.508937111856E-001  3.206752700169E-001 -3.514027571933E-001
  2.260869970742E+000 -2.460202333307E-001  3.153112539824E-001 -3.485630550021E-001
  2.276320859530E+000 -2.411898816598E-001  3.099488071152E-001 -3.455391501940E-001
  2.291898075679E+000 -2.364035366967E-001  3.045909907734E-001 -3.423412515053E-001
  2.307602977460E+000 -2.316620464580E-001  2.992407821596E-001 -3.389793183159E-001
  2.323436941540E+000 -2.269662264997E-001  2.939010746492E-001 -3.354630614349E-001
  2.339401363274E+000 -2.223168599771E-001  2.885746781622E-001 -3.318019441080E-001
  2.355497657016E+000 -2.177146977163E-001  2.832643195770E-001 -3.280051832372E-001
  2.371727256428E+000 -2.131604582993E-001  2.779726431829E-001 -3.240817508022E-001
  2.388091614797E+000 -2.086548281600E-001  2.727022111707E-001 -3.200403754733E-001
  2.404592205358E+000 -2.041984616933E-001  2.674555041596E-001 -3.158895444060E-001
  2.421230521622E+000 -1.997919813751E-001  2.622349217571E-001 -3.116375052062E-001
  2.438008077714E+000 -1.954359778952E-001  2.570427831530E-001 -3.072922680568E-001
  2.454926408713E+000 -1.911310103003E-001  2.518813277421E-001 -3.028616079943E-001
  2.471987071003E+000 -1.868776061495E-001  2.467527157776E-001 -2.983530673259E-001
  2.489191642624E+000 -1.826762616808E-001  2.416590290510E-001 -2.937739581773E-001
  2.506541723641E+000 -1.785274419889E-001  2.366022715982E-001 -2.891313651605E-001
  2.524038936507E+000 -1.744315812135E-001  2.315843704298E-001 -2.844321481525E-001
  2.541684926444E+000 -1.703890827395E-001  2.266071762845E-001 -2.796829451749E-001
  2.559481361827E+000 -1.664003194075E-001  2.216724644043E-001 -2.748901753655E-001
  2.577429934572E+000 -1.624656337353E-001  2.167819353293E-001 -2.700600420326E-001
  2.595532360540E+000 -1.585853381503E-001  2.119372157126E-001 -2.651985357826E-001
  2.613790379943E+000 -1.547597152323E-001  2.071398591519E-001 -2.603114377139E-001
  2.632205757760E+000 -1.509890179675E-001  2.023913470387E-001 -2.554043226670E-001
  2.650780284158E+000 -1.472734700126E-001  1.976930894233E-001 -2.504825625243E-001
  2.669515774928E+000 -1.436132659696E-001  1.930464258940E-001 -2.455513295514E-001
  2.688414071925E+000 -1.400085716717E-001  1.884526264708E-001 -2.406155997726E-001
  2.707477043518E+000 -1.364595244789E-001  1.839128925119E-001 -2.356801563748E-001
  2.726706585047E+000 -1.329662335846E-001  1.794283576328E-001 -2.307495931311E-001
  2.746104619295E+000 -1.295287803329E-001  1.750000886372E-001 -2.258283178412E-001
  2.765673096964E+000 -1.261472185461E-001  1.706290864584E-001 -2.209205557795E-001
  2.785413997161E+000 -1.228215748624E-001  1.663162871119E-001 -2.160303531486E-001
  2.805329327899E+000 -1.195518490848E-001  1.620625626582E-001 -2.111615805308E-001
  2.825421126601E+000 -1.163380145396E-001  1.578687221745E-001 -2.063179363354E-001
  2.845691460623E+000 -1.131800184463E-001  1.537355127364E-001 -2.015029502354E-001
  2.866142427776E+000 -1.100777822972E-001  1.496636204086E-001 -1.967199865914E-001
  2.886776156875E+000 -1.070312022471E-001  1.456536712438E-001 -1.919722478596E-001
  2.907594808280E+000 -1.040401495148E-001  1.417062322912E-001 -1.872627779788E-001
  2.928600574467E+000 -1.011044707931E-001  1.378218126121E-001 -1.825944657368E-001
  2.949795680597E+000 -9.822398867055E-002  1.340008643049E-001 -1.779700481110E-001
  2.971182385105E+000 -9.539850206255E-002  1.302437835379E-001 -1.733921135832E-001
  2.992762980296E+000 -9.262778665301E-002  1.265509115900E-001 -1.688631054270E-001
  3.014539792958E+000 -8.991159534595E-002  1.229225359001E-001 -1.643853249649E-001
  3.036515184988E+000 -8.724965872715E-002  1.193588911241E-001 -1.599609347960E-001
  3.058691554023E+000 -8.464168553570E-002  1.158601602003E-001 -1.555919619923E-001
  3.081071334099E+000 -8.208736314522E-002  1.124264754231E-001 -1.512803012641E-001
  3.103656996309E+000 -7.958635805483E-002  1.090579195244E-001 -1.470277180937E-001
  3.126451049484E+000 -7.713831638951E-002  1.057545267638E-001 -1.428358518372E-001
  3.149456040888E+000 -7.474286440981E-002  1.025162840268E-001 -1.387062187960E-001
  3.172674556926E+000 -7.239960903063E-002  9.934313193108E-002 -1.346402152567E-001
  3.196109223865E+000 -7.010813834890E-002  9.623496594142E-002 -1.306391205012E-001
  3.219762708576E+000 -6.786802217992E-002  9.319163749279E-002 -1.267040997871E-001
  3.243637719289E+000 -6.567881260212E-002  9.021295512163E-002 -1.228362073000E-001
  3.267737006362E+000 -6.354004450986E-002  8.729868560536E-002 -1.190363890777E-001
  3.292063363076E+000 -6.145123617416E-002  8.444855511009E-002 -1.153054859084E-001
  3.316619626434E+000 -5.941188981079E-002  8.166225034625E-002 -1.116442362026E-001
  3.341408677987E+000 -5.742149215560E-002  7.893941973212E-002 -1.080532788422E-001
  3.366433444679E+000 -5.547951504651E-002  7.627967456506E-002 -1.045331560051E-001
  3.391696899702E+000 -5.358541601197E-002  7.368259020007E-002 -1.010843159688E-001
  3.417202063379E+000 -5.173863886525E-002  7.114770723561E-002 -9.770711589308E-002
  3.442952004065E+000 -4.993861430427E-002  6.867453270616E-002 -9.440182458343E-002
  3.468949839059E+000 -4.818476051644E-002  6.626254128122E-002 -9.116862523552E-002
  3.495198735552E+000 -4.647648378801E-002  6.391117647033E-002 -8.800761816278E-002
  3.521701911582E+000 -4.481317911742E-002  6.161985183358E-002 -8.491882350737E-002
  3.548462637020E+000 -4.319423083211E-002  5.938795219705E-002 -8.190218393566E-002
  3.575484234572E+000 -4.161901320824E-002  5.721483487266E-002 -7.895756731888E-002
  3.602770080809E+000 -4.008689109267E-002  5.509983088167E-002 -7.608476939966E-002
  3.630323607217E+000 -3.859722052674E-002  5.304224618114E-002 -7.328351644497E-002
  3.658148301271E+000 -3.714934937103E-002  5.104136289265E-002 -7.055346788582E-002
  3.686247707537E+000 -3.574261793067E-002  4.909644053233E-002 -6.789421894400E-002
  3.714625428793E+000 -3.437635958034E-002  4.720671724144E-002 -6.530530324597E-002
  3.743285127184E+000 -3.304990138848E-002  4.537141101643E-002 -6.278619542373E-002
  3.772230525397E+000 -3.176256473988E-002  4.358972093762E-002 -6.033631370266E-002
  3.801465407866E+000 -3.051366595603E-002  4.186082839536E-002 -5.795502247578E-002
  3.830993622005E+000 -2.930251691248E-002  4.018389831265E-002 -5.564163486402E-002
  3.860819079470E+000 -2.812842565258E-002  3.855808036305E-002 -5.339541526169E-002
  3.890945757450E+000 -2.699069699677E-002  3.698251018275E-002 -5.121558186645E-002
  3.921377699988E+000 -2.588863314676E-002  3.545631057556E-002 -4.910130919268E-002
  3.952119019336E+000 -2.482153428387E-002  3.397859270955E-002 -4.705173056712E-002
  3.983173897337E+000 -2.378869916081E-002  3.254845730422E-002 -4.506594060550E-002
  4.014546586845E+000 -2.278942568615E-002  3.116499580669E-002 -4.314299766870E-002
  4.046241413173E+000 -2.182301150081E-002  2.982729155573E-002 -4.128192629688E-002
  4.078262775585E+000 -2.088875454576E-002  2.853442093237E-002 -3.948171961996E-002
  4.110615148813E+000 -1.998595362039E-002  2.728545449553E-002 -3.774134174251E-002
  4.143303084620E+000 -1.911390893066E-002  2.607945810155E-002 -3.605973010123E-002
  4.176331213391E+000 -1.827192262659E-002  2.491549400617E-002 -3.443579779308E-002
  4.209704245774E+000 -1.745929932817E-002  2.379262194761E-002 -3.286843587179E-002
  4.243426974351E+000 -1.667534663927E-002  2.270990020947E-002 -3.135651561085E-002
  4.277504275353E+000 -1.591937564878E-002  2.166638666215E-002 -2.989889073053E-002
  4.311941110423E+000 -1.519070141849E-002  2.066113978147E-002 -2.849439958688E-002
  4.346742528412E+000 -1.448864345700E-002  1.969321964321E-002 -2.714186732030E-002
  4.381913667228E+000 -1.381252617932E-002  1.876168889242E-002 -2.584010796146E-002
  4.417459755726E+000 -1.316167935143E-002  1.786561368626E-002 -2.458792649227E-002
  4.453386115645E+000 -1.253543851943E-002  1.700406460923E-002 -2.338412085956E-002
  4.489698163598E+000 -1.193314542280E-002  1.617611755975E-002 -2.222748393931E-002
  4.526401413105E+000 -1.135414839139E-002  1.538085460695E-002 -2.111680544914E-002
  4.563501476684E+000 -1.079780272567E-002  1.461736481683E-002 -2.005087380695E-002
  4.601004067991E+000 -1.026347105998E-002  1.388474504674E-002 -1.902847793360E-002
  4.638915004011E+000 -9.750523708441E-003  1.318210070745E-002 -1.804840899757E-002
  4.677240207311E+000 -9.258338993251E-003  1.250854649192E-002 -1.710946209987E-002
  4.715985708351E+000 -8.786303555180E-003  1.186320707022E-002 -1.621043789712E-002
  4.755157647843E+000 -8.333812646027E-003  1.124521774985E-002 -1.535014416132E-002
  4.794762279187E+000 -7.900270402957E-003  1.065372510095E-002 -1.452739727473E-002
  4.834805970953E+000 -7.485090104579E-003  1.008788754607E-002 -1.374102365829E-002
  4.875295209443E+000 -7.087694408743E-003  9.546875913951E-003 -1.298986113252E-002
  4.916236601308E+000 -6.707515572028E-003  9.029873957198E-003 -1.227276020961E-002
  4.957636876237E+000 -6.343995650969E-003  8.536078833610E-003 -1.158858531586E-002
  4.999502889720E+000 -5.996586685099E-003  8.064701551060E-003 -1.093621594362E-002
  5.041841625875E+000 -5.664750861922E-003  7.614967375967E-003 -1.031454773223E-002
  5.084660200360E+000 -5.347960663994E-003  7.186116205439E-003 -9.722493477447E-003
  5.127965863354E+000 -5.045698998309E-003  6.777402903300E-003 -9.158984069173E-003
  5.171766002619E+000 -4.757459308242E-003  6.388097600258E-003 -8.622969357456E-003
  5.216068146649E+000 -4.482745668328E-003  6.017485958615E-003 -8.113418946912E-003
  5.260879967894E+000 -4.221072862220E-003  5.664869401980E-003 -7.629322919900E-003
  5.306209286078E+000 -3.971966444162E-003  5.329565310530E-003 -7.169692489007E-003
  5.352064071605E+000 -3.734962784391E-003  5.010907182465E-003 -6.733560579554E-003
  5.398452449055E+000 -3.509609098890E-003  4.708244762383E-003 -6.319982343045E-003
  5.445382700775E+000 -3.295463463952E-003  4.420944137367E-003 -5.928035602651E-003
  5.492863270572E+000 -3.092094816041E-003  4.148387801659E-003 -5.556821232016E-003
  5.540902767504E+000 -2.899082937468E-003  3.889974690875E-003 -5.205463468810E-003
  5.589509969774E+000 -2.716018428413E-003  3.645120186767E-003 -4.873110164666E-003
  5.638693828737E+000 -2.542502665855E-003  3.413256093604E-003 -4.558932973263E-003
  5.688463473008E+000 -2.378147749996E-003  3.193830587308E-003 -4.262127478463E-003
  5.738828212699E+000 -2.222576438745E-003  2.986308138528E-003 -3.981913264588E-003
  5.789797543759E+000 -2.075422070907E-003  2.790169410863E-003 -3.717533931001E-003
  5.841381152447E+000 -1.936328478651E-003  2.604911135521E-003 -3.468257053318E-003
  5.893588919926E+000 -1.804949889917E-003  2.430045963701E-003 -3.233374093657E-003
  5.946430926988E+000 -1.680950821357E-003  2.265102298025E-003 -3.012200262438E-003
  5.999917458910E+000 -1.564005962468E-003  2.109624104371E-003 -2.804074334324E-003
  6.054059010457E+000 -1.453800051524E-003  1.963170705472E-003 -2.608358420977E-003
  6.108866291020E+000 -1.350027743935E-003  1.825316557642E-003 -2.424437703331E-003
  6.164350229902E+000 -1.252393473659E-003  1.695651012015E-003 -2.251720126163E-003
  6.220521981762E+000 -1.160611308264E-003  1.573778061653E-003 -2.089636057742E-003
  6.277392932215E+000 -1.074404798241E-003  1.459316075893E-003 -1.937637917374E-003
  6.334974703589E+000 -9.935068211487E-004  1.351897523271E-003 -1.795199773642E-003
  6.393279160860E+000 -9.176594211520E-004  1.251168684337E-003 -1.661816916165E-003
  6.452318417752E+000 -8.466136445103E-004  1.156789355668E-003 -1.537005403625E-003
  6.512104843026E+000 -7.801293715306E-004  1.068432546328E-003 -1.420301590833E-003
  6.572651066946E+000 -7.179751454979E-004  9.857841680051E-004 -1.311261637504E-003
  6.633969987942E+000 -6.599279990609E-004  9.085427200023E-004 -1.209461001394E-003
  6.696074779472E+000 -6.057732785299E-004  8.364189702208E-004 -1.114493918358E-003
  6.758978897091E+000 -5.553044665174E-004  7.691356332162E-004 -1.025972871800E-003
  6.822696085726E+000 -5.083230033247E-004  7.064270463617E-004 -9.435280539305E-004
  6.887240387180E+000 -4.646381074502E-004  6.480388450917E-004 -8.668068211041E-004
  6.952626147859E+000 -4.240665955694E-004  5.937276381407E-004 -7.954731454386E-004
  7.018868026732E+000 -3.864327023056E-004  5.432606836329E-004 -7.292070647781E-004
  7.085981003543E+000 -3.515679000849E-004  4.964155668140E-004 -6.677041329591E-004
  7.153980387268E+000 -3.193107193398E-004  4.529798801542E-004 -6.106748722036E-004
  7.222881824836E+000 -2.895065693001E-004  4.127509064856E-004 -5.578442293397E-004
  7.292701310121E+000 -2.620075595832E-004  3.755353057751E-004 -5.089510374136E-004
  7.363455193219E+000 -2.366723227685E-004  3.411488060692E-004 -4.637474841287E-004
  7.435160190001E+000 -2.133658381199E-004  3.094158990841E-004 -4.219985884057E-004
  7.507833391988E+000 -1.919592565941E-004  2.801695408525E-004 -3.834816862292E-004
  7.581492276516E+000 -1.723297272531E-004  2.532508577805E-004 -3.479859268071E-004
  7.656154717242E+000 -1.543602251777E-004  2.285088584082E-004 -3.153117799412E-004
  7.731838994973E+000 -1.379393809630E-004  2.058001511141E-004 -2.852705553759E-004
  7.808563808847E+000 -1.229613118574E-004  1.849886679502E-004 -2.576839347673E-004
  7.886348287874E+000 -1.093254545951E-004  1.659453947452E-004 -2.323835167951E-004
  7.965212002848E+000 -9.693639995738E-005  1.485481075692E-004 -2.092103758224E-004
  8.045174978646E+000 -8.570372908984E-005  1.326811156098E-004 -1.880146344007E-004
  8.126257706932E+000 -7.554185159182E-005  1.182350104706E-004 -1.686550498126E-004
  8.208481159274E+000 -6.636984538977E-005  1.051064218706E-004 -1.509986147493E-004
  8.291866800694E+000 -5.811129840106E-005  9.319777969185E-005 -1.349201721323E-004
  8.376436603664E+000 -5.069415199237E-005  8.241708229526E-005 -1.203020440039E-004
  8.462213062574E+000 -4.405054623611E-005  7.267767100440E-005 -1.070336743426E-004
  8.549219208676E+000 -3.811666696964E-005  6.389801063752E-005 -9.501128559092E-005
  8.637478625536E+000 -3.283259466421E-005  5.600147595420E-005 -8.413754862731E-005
  8.727015464999E+000 -2.814215511540E-005  4.891614387259E-005 -7.432126586556E-005
  8.817854463709E+000 -2.399277197159E-005  4.257459130657E-005 -6.547706712288E-005
  8.910020960175E+000 -2.033532112423E-005  3.691369846843E-005 -5.752511786602E-005
  9.003540912431E+000 -1.712398699068E-005  3.187445748286E-005 -5.039083941837E-005
  9.098440916308E+000 -1.431612072922E-005  2.740178616057E-005 -4.400464069307E-005
  9.194748224321E+000 -1.187210043413E-005  2.344434678522E-005 -3.830166100546E-005
  9.292490765233E+000 -9.755193368505E-006  1.995436977508E-005 -3.322152351282E-005
  9.391697164283E+000 -7.931420301267E-006  1.688748209043E-005 -2.870809883021E-005
  9.492396764138E+000 -6.369422024463E-006  1.420254026911E-005 -2.470927837685E-005
  9.594619646576E+000 -5.040328135599E-006  1.186146798501E-005 -2.117675701816E-005
  9.698396654938E+000 -3.917628178331E-006  9.829098037935E-006 -1.806582458311E-005
  9.803759417385E+000 -2.977045242549E-006  8.073018697518E-006 -1.533516585497E-005
  9.910740370981E+000 -2.196412131699E-006  6.563424337770E-006 -1.294666865401E-005
  1.001937278665E+001 -1.555550211061E-006  5.272970313624E-006 -1.086523965460E-005
  1.012969079502E+001 -1.036151055302E-006  4.176632044350E-006 -9.058627603402E-006
  1.024172941323E+001 -6.216610168874E-007  3.251568282036E-006 -7.497253631678E-006
  1.035552457272E+001 -2.971688388198E-007  2.476988555522E-006 -6.154048380934E-006
  1.047111314798E+001 -4.929643546072E-008  1.834024791187E-006 -5.004295687514E-006
  1.058853298647E+001  1.339070360863E-007  1.305607121583E-006 -4.025482597555E-006
  1.070782293953E+001  2.630676944852E-007  8.763439009583E-007 -3.197155508551E-006
  1.082902289454E+001  3.475859276128E-007  5.324059529323E-007 -2.500782257228E-006
  1.095217380826E+001  3.957317522285E-007  2.614150800568E-007 -1.919619995154E-006
  1.107731774137E+001  4.147364390140E-007  5.233686747695E-008 -1.438588713268E-006
  1.120449789442E+001  4.108803115568E-007 -1.046221865400E-007 -1.044150293976E-006
  1.133375864507E+001  3.895766387438E-007 -2.181131818567E-007 -7.241929845599E-007
  1.146514558681E+001  3.554515523076E-007 -2.957389414857E-007 -4.679211982112E-007
  1.159870556913E+001  3.124199347791E-007 -3.441437275636E-007 -2.657505589323E-007
  1.173448673928E+001  2.637572377109E-007 -3.690985324244E-007 -1.092081139416E-007
  1.187253858566E+001  2.121672055798E-007 -3.755819375008E-007  9.162358000660E-009
  1.201291198287E+001  1.598454970653E-007 -3.678565428480E-007  9.589001158505E-008
  1.215565923859E+001  1.085392122512E-007 -3.495409814395E-007  1.566616425128E-007
  1.230083414231E+001  5.960235150195E-008 -3.236775448381E-007  1.964015090420E-007
  1.244849201595E+001  1.404724910718E-008 -2.927954601826E-007  2.193463430737E-007
  1.259868976657E+001 -2.740795792990E-008 -2.589698724147E-007  2.291156322001E-007
  1.275148594119E+001 -6.429574859623E-008 -2.238766000823E-007  2.287772614751E-007
  1.290694078384E+001 -9.635943020018E-008 -1.888427476311E-007  2.209086122202E-007
  1.306511629490E+001 -1.235170346686E-007 -1.548932716228E-007  2.076532246483E-007
  1.322607629292E+001 -1.458287742453E-007 -1.227936125323E-007  1.907731411945E-007
  1.338988647898E+001 -1.634679182031E-007 -9.308851747355E-008  1.716970579077E-007
  1.355661450375E+001 -1.766949396045E-007 -6.613719214506E-008  1.515644217755E-007
  1.372633003727E+001 -1.858347699634E-007 -4.214493229299E-008  1.312656221911E-007
  1.389910484176E+001 -1.912569900097E-007 -2.119139585651E-008  1.114784346323E-007
  1.407501284743E+001 -1.933587767293E-007 -3.255686543357E-009  9.270088380997E-008
  1.425413023161E+001 -1.925504205494E-007  1.176157226623E-008  7.528070181210E-008
  1.443653550117E+001 -1.892432219982E-007  2.401898777878E-008  5.944156395858E-008
  1.462230957852E+001 -1.838395744344E-007  3.371778171791E-008  4.530629101819E-008
  1.481153589140E+001 -1.767250385079E-007  4.108761413197E-008  3.291721100167E-008
  1.500430046649E+001 -1.682622148634E-007  4.637465169439E-008  2.225387683765E-008
  1.520069202718E+001 -1.587862241728E-007  4.983168522887E-008  1.324833779782E-008
  1.540080209569E+001 -1.486016078146E-007  5.171010298698E-008  5.798162533924E-009
  1.560472509963E+001 -1.379804682973E-007  5.225352962171E-008 -2.225899768618E-010
  1.581255848342E+001 -1.271616757363E-007  5.169294575410E-008 -4.954258377616E-009
  1.602440282470E+001 -1.163509751890E-007  5.024310941291E-008 -8.544137133411E-009
  1.624036195599E+001 -1.057218392780E-007  4.810010831210E-008 -1.114052230157E-008
  1.646054309190E+001 -9.541692110734E-008  4.543988076863E-008 -1.288806940122E-008
  1.668505696224E+001 -8.554997382067E-008  4.241755289278E-008 -1.392429627006E-008
  1.691401795117E+001 -7.620811507448E-008  3.916745032867E-008 -1.437707314278E-008
  1.714754424293E+001 -6.745432699900E-008  3.580365410264E-008 -1.436295235914E-008
  1.738575797433E+001 -5.933009471362E-008  3.242098186346E-008 -1.398620093737E-008
  1.762878539445E+001 -5.185809895176E-008  2.909628778385E-008 -1.333841055218E-008
  1.787675703191E+001 -4.504489065520E-008  2.588998645348E-008 -1.249857105729E-008
  1.812980787015E+001 -3.888348734919E-008  2.284771805133E-008 -1.153350541094E-008
  1.838807753110E+001 -3.335584254950E-008  2.000208377389E-008 -1.049857552954E-008
  1.865171046781E+001 -2.843515024433E-008  1.737439176159E-008 -9.438580045888E-009
  1.892085616642E+001 -2.408795651727E-008  1.497636447131E-008 -8.388776035855E-009
  1.919566935809E+001 -2.027605953628E-008  1.281176847066E-008 -7.375967366538E-009
  1.947631024137E+001 -1.695818735204E-008  1.087793688049E-008 -6.419612293578E-009
  1.976294471571E+001 -1.409145017757E-008  9.167163089949E-009 -5.532912198398E-009
  2.005574462663E+001 -1.163257002992E-008  7.667951859213E-009 -4.723851831488E-009
  2.035488802332E+001 -9.538895802177E-009  6.366120476564E-009 -3.996169060248E-009
  2.066055942930E+001 -7.769216014098E-009  5.245748238326E-009 -3.350238875534E-009
  2.097295012706E+001 -6.284384702419E-009  4.289977183669E-009 -2.783862276698E-009
  2.129225845729E+001 -5.047778210682E-009  3.481670770184E-009 -2.292955637190E-009
  2.161869013374E+001 -4.025602094854E-009  2.803940067554E-009 -1.872140276093E-009
  2.195245857462E+001 -3.187068057995E-009  2.240549136663E-009 -1.515235266176E-009
  2.229378525140E+001 -2.504460857331E-009  1.776212623221E-009 -1.215659050385E-009
  2.264290005632E+001 -1.953114588960E-009  1.396799310501E-009 -9.667472819800E-010
  2.300004168951E+001 -1.511316750865E-009  1.089455533106E-009 -7.619955226424E-010
  2.336545806705E+001 -1.160157115263E-009  8.426620438420E-010 -5.952361076653E-010
  2.373940675129E+001 -8.833368051895E-010  6.462372398724E-010 -4.607587002374E-010
  2.412215540475E+001 -6.669511602791E-010  4.912986810515E-010 -3.533838906606E-010
  2.451398226921E+001 -4.992580779922E-010  3.701936563743E-010 -2.684987316540E-010
  2.491517667142E+001 -3.704416043909E-010  2.764082508082E-010 -2.020624139175E-010
  2.532603955735E+001 -2.723786874349E-010  2.044630028448E-010 -1.505894469673E-010
  2.574688405660E+001 -1.984152484903E-010  1.498018819063E-010 -1.111167815212E-010
  2.617803607920E+001 -1.431561151724E-010  1.086800029995E-010 -8.116034551193E-011
  2.661983494664E+001 -1.022719199041E-010  7.805427206630E-011 -5.866551120921E-011
  2.707263405971E+001 -7.232482164056E-011  5.548004741123E-011 -4.195510179881E-011
  2.753680160532E+001 -5.061386087819E-011  3.901592882098E-011 -2.967770894906E-011
  2.801272130518E+001 -3.503990923649E-011  2.713795614275E-011 -2.075834678980E-011
  2.850079320900E+001 -2.398951597344E-011  1.866381508699E-011 -1.435282304540E-011
  2.900143453541E+001 -1.623647032299E-011  1.268710537617E-011 -9.806668837889E-012
  2.951508056378E+001 -1.085957175876E-011  8.521315523354E-012 -6.619033380687E-012
  3.004218558064E+001 -7.174908709737E-012  5.652856245943E-012 -4.411612509864E-012
  3.058322388437E+001 -4.680867091015E-012  3.702315174641E-012 -2.902431635614E-012
  3.113869085248E+001 -3.014100447242E-012  2.392992291646E-012 -1.884133039031E-012
  3.170910407585E+001 -1.914771733780E-012  1.525741473237E-012 -1.206312200137E-012
  3.229500456485E+001 -1.199502817345E-012  9.591623796030E-013 -7.613955139797E-013
  3.289695803249E+001 -7.406241100758E-013  5.942438581354E-013 -4.735403020191E-013
  3.351555626047E+001 -4.504885628380E-013  3.626419536686E-013 -2.900564298080E-013
  3.415141855403E+001 -2.697896243707E-013  2.178715780059E-013 -1.748874336325E-013
  3.480519329257E+001 -1.589926462797E-013  1.287920765702E-013 -1.037397307675E-013
  3.547755958299E+001 -9.214714026383E-014  7.486665056144E-014 -6.050475204673E-014
  3.616922902393E+001 -5.248916808714E-014  4.276910488916E-014 -3.467577086177E-014
  3.688094758921E+001 -2.936682807289E-014  2.399565791043E-014 -1.951532146424E-014
  3.761349763993E+001 -1.612672600203E-014  1.321295099580E-014 -1.077815515339E-014
  3.836770007534E+001 -8.686092080811E-015  7.135434455203E-015 -5.837450188429E-015
  3.914441663347E+001 -4.585249886929E-015  3.776306206409E-015 -3.098037858485E-015
  3.994455235367E+001 -2.370371217687E-015  1.957023105394E-015 -1.609876949030E-015
  4.076905821405E+001 -1.199005058882E-015  9.923034095181E-016 -8.184282929669E-016
  4.161893395835E+001 -5.929177986407E-016  4.918487179831E-016 -4.066970055410E-016
  4.249523112779E+001 -2.863743710212E-016  2.380979512448E-016 -1.973621086023E-016
  4.339905631520E+001 -1.349633807656E-016  1.124589114184E-016 -9.344101454109E-017
  4.433157466006E+001 -6.200019736258E-017  5.177265274565E-017 -4.311693474407E-017
  4.529401360538E+001 -2.773284875837E-017  2.320626452614E-017 -1.936983958049E-017
  4.628766693861E+001 -1.206488996190E-017  1.011608468404E-017 -8.462083849952E-018
  4.731389914191E+001 -5.098652766336E-018  4.283499100153E-018 -3.590703489493E-018
  4.837415007871E+001 -2.090437249295E-018  1.759588826058E-018 -1.478022550461E-018
  4.946994004686E+001 -8.303929765042E-019  7.002707910214E-019 -5.893847803162E-019
  5.060287523143E+001 -3.191368021607E-019  2.696160570314E-019 -2.273613902599E-019
  5.177465359367E+001 -1.184849063825E-019  1.002760869054E-019 -8.471929724974E-020
  5.298707123650E+001 -4.242777174822E-020  3.596911202022E-020 -3.044426624764E-020
  5.424202929116E+001 -1.462870363036E-020  1.242255137584E-020 -1.053307276448E-020
  5.554154137419E+001 -4.847899390929E-021  4.123490340500E-021 -3.502323064723E-021
  5.688774166961E+001 -1.541240531488E-021  1.313015301566E-021 -1.117087403469E-021
  5.828289369667E+001 -4.691190292147E-022  4.002695323576E-022 -3.410954816680E-022
  5.972939983075E+001 -1.364156952516E-022  1.165699551015E-022 -9.949396280142E-023
  6.122981165190E+001 -3.781196575856E-023  3.235843891043E-023 -2.766085360286E-023
  6.278684120462E+001 -9.966220536920E-024  8.540996259896E-024 -7.312002518784E-024
  6.440337326150E+001 -2.491458903288E-024  2.138137824660E-024 -1.833140432234E-024
  6.608247869451E+001 -5.891317434476E-025  5.062709177217E-025 -4.346686075591E-025
  6.782742906960E+001 -1.313839062135E-025  1.130541250368E-025 -9.719871315486E-026
  6.964171259434E+001 -2.754828002193E-026  2.373547570358E-026 -2.043407157951E-026
  7.152905156377E+001 -5.412900781382E-027  4.669588942712E-027 -4.025344359082E-027
  7.349342146763E+001 -9.931419656358E-028  8.578105176249E-028 -7.404030274180E-028
  7.553907194217E+001 -1.695096125264E-028  1.465860013302E-028 -1.266797531422E-028
  7.767054977292E+001 -2.680524491118E-029  2.320722017685E-029 -2.007990294314E-029
  7.989272418113E+001 -3.910238609668E-030  3.389215340917E-030 -2.935943667321E-030
  8.221081465675E+001 -5.237504436703E-031  4.544651461281E-031 -3.941358016576E-031
  8.463042163523E+001 -6.409364687764E-032  5.567490235712E-032 -4.833798822207E-032
  8.715756035520E+001 -7.127640016694E-033  6.197932930631E-033 -5.387002706951E-033
  8.979869827958E+001 -7.161630986537E-034  6.233878176836E-034 -5.423973998106E-034
  9.256079651532E+001 -6.461258376266E-035  5.629860554093E-035 -4.903475078514E-035
  9.545135572765E+001 -5.199425633649E-036  4.534811398705E-036 -3.953675345679E-036
  9.847846711487E+001 -3.705028580118E-037  3.234507620862E-037 -2.822760874583E-037
  1.016508690915E+002 -2.319739525819E-038  2.027021118940E-038 -1.770668670884E-038
  1.049780104220E+002 -1.265424001497E-039  1.106744746744E-039 -9.676735690306E-040
  1.084701206579E+002 -5.959593296056E-041  5.216876082494E-041 -4.565452589111E-041
  1.121382888606E+002 -2.399283869899E-042  2.102075910665E-042 -1.841210316368E-042
  1.159945517414E+002 -8.168904481694E-044  7.162984663605E-044 -6.279437472258E-044
  1.200519925308E+002 -2.324820574629E-045  2.040205294845E-045 -1.790039299587E-045
  1.243248520934E+002 -5.460534277996E-047  4.795840988972E-047 -4.211200653349E-047
  1.288286540551E+002 -1.043949007074E-048  9.175828789879E-049 -8.063612147450E-049
  1.335803459987E+002 -1.600099997125E-050  1.407475592840E-050 -1.237825096954E-050
  1.385984591287E+002 -1.933965409480E-052  1.702400395758E-052 -1.498322561684E-052
  1.439032892205E+002 -1.810124895238E-054  1.594529326353E-054 -1.404405822692E-054
  1.495171021587E+002 -1.286132601231E-056  1.133737570807E-056 -9.992649246592E-057
  1.554643679592E+002 -6.787081070409E-059  5.986936750205E-059 -5.280468283639E-059
  1.617720278763E+002 -2.596826345287E-061  2.292194960800E-061 -2.023069611236E-061
  1.684698000514E+002 -7.015018471463E-064  6.196076794173E-064 -5.472169925265E-064
  1.755905301928E+002 -1.299238413804E-066  1.148282139963E-066 -1.014768708376E-066
  1.831705950299E+002 -1.596977758307E-069  1.412287129755E-069 -1.248847611448E-069
  1.912503678195E+002 -1.256555022118E-072  1.111892350918E-072 -9.838063926686E-073
  1.998747570544E+002 -6.079904561280E-076  5.383044134119E-076 -4.765713083874E-076
  2.090938318328E+002 -1.729811514139E-079  1.532402587430E-079 -1.357433681356E-079
  2.189635501945E+002 -2.752660898506E-083  2.439848196981E-083 -2.162455658981E-083
  2.295466102647E+002 -2.316347461380E-087  2.054201274777E-087 -1.821625315505E-087
  2.409134484547E+002 -9.678070220818E-092  8.587179837449E-092 -7.618884402594E-092
  2.531434144886E+002 -1.870164608380E-096  1.660189002305E-096 -1.473724674913E-096
  2.663261599835E+002 -1.542566017032E-101  1.370032519288E-101 -1.216749102970E-101
  2.805632861191E+002 -4.959085105070E-107  4.406478948861E-107 -3.915314403353E-107
  2.959703071532E+002 -5.603569853388E-113  4.981402647985E-113 -4.428176494770E-113
  3.126790009236E+002 -1.977977650362E-119  1.759133267811E-119 -1.564458320410E-119
  3.308402360200E+002 -1.905619040320E-126  1.695500105011E-126 -1.508512104338E-126
  3.506273893903E+002 -4.290631644016E-134  3.819102354845E-134 -3.399318298103E-134
  3.722404996260E+002 -1.887649329140E-142  1.680868527830E-142 -1.496710327952E-142
  3.959113426415E+002 -1.318678029166E-151  1.174674839664E-151 -1.046379338877E-151
  4.219096715122E+002 -1.148965126253E-161  1.023873711640E-161 -9.123877467715E-162
  4.505509359373E+002 -9.414276245563E-173  8.392307380546E-173 -7.481180900486E-173
  4.822058963204E+002 -5.205096785010E-185  4.641650849929E-185 -4.139150326222E-185
  5.173126831536E+002 -1.311836027602E-198  1.170218096654E-198 -1.043878131465E-198
  5.563920392209E+002 -9.454842603640E-214  8.436835802303E-214 -7.528374525297E-214
  6.000667421536E+002 -1.115785225160E-230  9.959520670871E-231 -8.889823147248E-231
  6.490865708786E+002 -1.101757360025E-249  9.837186035251E-250 -8.783207211321E-250
  7.043607010442E+002 -4.032692146758E-271  3.601651567791E-271 -3.216666631575E-271
  7.670001674974E+002 -2.023067694513E-295  1.807313127796E-295 -1.614561099417E-295
  8.383741345464E+002  0.000000000000E+000  0.000000000000E+000  0.000000000000E+000
  9.201853543213E+002  0.000000000000E+000  0.000000000000E+000  0.000000000000E+000
  1.014572672318E+003  0.000000000000E+000  0.000000000000E+000  0.000000000000E+000
  1.124252254996E+003  0.000000000000E+000  0.000000000000E+000  0.000000000000E+000
  1.252715205428E+003  0.000000000000E+000  0.000000000000E+000  0.000000000000E+000
  1.404508845568E+003  0.000000000000E+000  0.000000000000E+000  0.000000000000E+000
  1.585644739908E+003  0.000000000000E+000  0.000000000000E+000  0.000000000000E+000
  1.804203189488E+003  0.000000000000E+000  0.000000000000E+000  0.000000000000E+000
  2.071250249814E+003  0.000000000000E+000  0.000000000000E+000  0.000000000000E+000
  2.402266552340E+003  0.000000000000E+000  0.000000000000E+000  0.000000000000E+000
  2.819442449497E+003  0.000000000000E+000  0.000000000000E+000  0.000000000000E+000
  3.355496240167E+003  0.000000000000E+000  0.000000000000E+000  0.000000000000E+000
  4.060290442982E+003  0.000000000000E+000  0.000000000000E+000  0.000000000000E+000
  5.012860622227E+003  0.000000000000E+000  0.000000000000E+000  0.000000000000E+000
  6.344578802016E+003  0.000000000000E+000  0.000000000000E+000  0.000000000000E+000
  8.287000878586E+003  0.000000000000E+000  0.000000000000E+000  0.000000000000E+000
  1.127976970933E+004  0.000000000000E+000  0.000000000000E+000  0.000000000000E+000
  1.624316171036E+004  0.000000000000E+000  0.000000000000E+000  0.000000000000E+000
  2.538031516868E+004  0.000000000000E+000  0.000000000000E+000  0.000000000000E+000
  4.512107881524E+004  0.000000000000E+000  0.000000000000E+000  0.000000000000E+000
  1.015232606647E+005  0.000000000000E+000  0.000000000000E+000  0.000000000000E+000
  4.060950426526E+005  0.000000000000E+000  0.000000000000E+000  0.000000000000E+000
