# 1st line: number of mesh points
# abcissa wavefunction wavefunction_1st wavefunction_2nd
1000
# Principal QN=   3 , l=   1 , Occupation=   5.0000
  2.462477732966E-006  3.588057313077E-004  1.457015615776E+002 -6.226999368974E+003
  9.849959442330E-006  1.435003450762E-003  1.456555667040E+002 -6.225112416544E+003
  2.216259066178E-005  3.227934941801E-003  1.455789385444E+002 -6.221968990269E+003
  3.940061395432E-005  5.736503865850E-003  1.454717220069E+002 -6.217571329772E+003
  6.156436892224E-005  8.959176794668E-003  1.453339798898E+002 -6.211922566451E+003
  8.865429222131E-005  1.289398465335E-002  1.451657928088E+002 -6.205026719410E+003
  1.206709175794E-004  1.753852457172E-002  1.449672591036E+002 -6.196888690250E+003
  1.576148758184E-004  2.288996214100E-002  1.447384947238E+002 -6.187514256710E+003
  1.994868948811E-004  2.894503407232E-002  1.444796330951E+002 -6.176910065183E+003
  2.462877998613E-004  3.570005125280E-002  1.441908249651E+002 -6.165083622119E+003
  2.980185130383E-004  4.315090219423E-002  1.438722382295E+002 -6.152043284326E+003
  3.546800539158E-004  5.129305686909E-002  1.435240577389E+002 -6.137798248191E+003
  4.162735392647E-004  6.012157092763E-002  1.431464850868E+002 -6.122358537829E+003
  4.828001831694E-004  6.963109028945E-002  1.427397383781E+002 -6.105734992205E+003
  5.542612970792E-004  7.981585610238E-002  1.423040519805E+002 -6.087939251220E+003
  6.306582898628E-004  9.066971006073E-002  1.418396762571E+002 -6.068983740816E+003
  7.119926678676E-004  1.021861000747E-001  1.413468772820E+002 -6.048881657099E+003
  7.982660349828E-004  1.143580862821E-001  1.408259365394E+002 -6.027646949535E+003
  8.894800927067E-004  1.271783473928E-001  1.402771506051E+002 -6.005294303228E+003
  9.856366402179E-004  1.406391873567E-001  1.397008308142E+002 -5.981839120315E+003
  1.086737574451E-003  1.547325423435E-001  1.390973029114E+002 -5.957297500523E+003
  1.192784890174E-003  1.694499880260E-001  1.384669066886E+002 -5.931686220904E+003
  1.303780680078E-003  1.847827471526E-001  1.378099956071E+002 -5.905022714798E+003
  1.419727134858E-003  2.007216974005E-001  1.371269364074E+002 -5.877325050055E+003
  1.540626543307E-003  2.172573794956E-001  1.364181087060E+002 -5.848611906549E+003
  1.666481292416E-003  2.343800055877E-001  1.356839045797E+002 -5.818902553033E+003
  1.797293867468E-003  2.520794678688E-001  1.349247281402E+002 -5.788216823365E+003
  1.933066852148E-003  2.703453474205E-001  1.341409950961E+002 -5.756575092155E+003
  2.073802928647E-003  2.891669232785E-001  1.333331323068E+002 -5.723998249869E+003
  2.219504877777E-003  3.085331817008E-001  1.325015773263E+002 -5.690507677427E+003
  2.370175579090E-003  3.284328256252E-001  1.316467779396E+002 -5.656125220359E+003
  2.525818010992E-003  3.488542843031E-001  1.307691916904E+002 -5.620873162533E+003
  2.686435250879E-003  3.697857230962E-001  1.298692854035E+002 -5.584774199524E+003
  2.852030475254E-003  3.912150534209E-001  1.289475346998E+002 -5.547851411662E+003
  3.022606959872E-003  4.131299428272E-001  1.280044235074E+002 -5.510128236790E+003
  3.198168079872E-003  4.355178251984E-001  1.270404435675E+002 -5.471628442800E+003
  3.378717309917E-003  4.583659110563E-001  1.260560939372E+002 -5.432376099976E+003
  3.564258224347E-003  4.816611979587E-001  1.250518804889E+002 -5.392395553194E+003
  3.754794497325E-003  5.053904809750E-001  1.240283154087E+002 -5.351711394027E+003
  3.950329902993E-003  5.295403632255E-001  1.229859166927E+002 -5.310348432795E+003
  4.150868315631E-003  5.540972664706E-001  1.219252076432E+002 -5.268331670609E+003
  4.356413709820E-003  5.790474417367E-001  1.208467163655E+002 -5.225686271455E+003
  4.566970160612E-003  6.043769799638E-001  1.197509752655E+002 -5.182437534355E+003
  4.782541843700E-003  6.300718226627E-001  1.186385205494E+002 -5.138610865655E+003
  5.003133035593E-003  6.561177725678E-001  1.175098917256E+002 -5.094231751483E+003
  5.228748113801E-003  6.825005042715E-001  1.163656311108E+002 -5.049325730418E+003
  5.459391557015E-003  7.092055748299E-001  1.152062833394E+002 -5.003918366405E+003
  5.695067945303E-003  7.362184343242E-001  1.140323948781E+002 -4.958035221977E+003
  5.935781960296E-003  7.635244363671E-001  1.128445135458E+002 -4.911701831795E+003
  6.181538385392E-003  7.911088485430E-001  1.116431880399E+002 -4.864943676570E+003
  6.432342105956E-003  8.189568627674E-001  1.104289674688E+002 -4.817786157397E+003
  6.688198109528E-003  8.470536055583E-001  1.092024008927E+002 -4.770254570529E+003
  6.949111486034E-003  8.753841482044E-001  1.079640368719E+002 -4.722374082638E+003
  7.215087428003E-003  9.039335168231E-001  1.067144230235E+002 -4.674169706596E+003
  7.486131230784E-003  9.326867022957E-001  1.054541055877E+002 -4.625666277802E+003
  7.762248292776E-003  9.616286700713E-001  1.041836290039E+002 -4.576888431097E+003
  8.043444115654E-003  9.907443698298E-001  1.029035354965E+002 -4.527860578285E+003
  8.329724304602E-003  1.020018744995E+000  1.016143646717E+002 -4.478606886300E+003
  8.621094568555E-003  1.049436742090E+000  1.003166531257E+002 -4.429151256047E+003
  8.917560720438E-003  1.078983319924E+000  9.901093406394E+001 -4.379517301927E+003
  9.219128677417E-003  1.108643458611E+000  9.769773693266E+001 -4.329728332089E+003
  9.525804461149E-003  1.138402168401E+000  9.637758706286E+001 -4.279807329426E+003
  9.837594198038E-003  1.168244498330E+000  9.505100532673E+001 -4.229776933326E+003
  1.015450411950E-002  1.198155544673E+000  9.371850780722E+001 -4.179659422213E+003
  1.047654056222E-002  1.228120459200E+000  9.238060548083E+001 -4.129476696885E+003
  1.080370996845E-002  1.258124457229E+000  9.103780391394E+001 -4.079250264668E+003
  1.113601888623E-002  1.288152825470E+000  8.969060297292E+001 -4.029001224401E+003
  1.147347396972E-002  1.318190929657E+000  8.833949654808E+001 -3.978750252261E+003
  1.181608197948E-002  1.348224221964E+000  8.698497229181E+001 -3.928517588447E+003
  1.216384978272E-002  1.378238248207E+000  8.562751137086E+001 -3.878323024719E+003
  1.251678435364E-002  1.408218654814E+000  8.426758823298E+001 -3.828185892814E+003
  1.287489277369E-002  1.438151195586E+000  8.290567038789E+001 -3.778125053730E+003
  1.323818223191E-002  1.468021738224E+000  8.154221820268E+001 -3.728158887895E+003
  1.360666002522E-002  1.497816270630E+000  8.017768471166E+001 -3.678305286208E+003
  1.398033355872E-002  1.527520906991E+000  7.881251544051E+001 -3.628581641972E+003
  1.435921034603E-002  1.557121893623E+000  7.744714824491E+001 -3.579004843697E+003
  1.474329800963E-002  1.586605614605E+000  7.608201316327E+001 -3.529591268781E+003
  1.513260428113E-002  1.615958597171E+000  7.471753228374E+001 -3.480356778068E+003
  1.552713700165E-002  1.645167516890E+000  7.335411962514E+001 -3.431316711265E+003
  1.592690412217E-002  1.674219202620E+000  7.199218103186E+001 -3.382485883220E+003
  1.633191370382E-002  1.703100641240E+000  7.063211408227E+001 -3.333878581043E+003
  1.674217391826E-002  1.731798982166E+000  6.927430801074E+001 -3.285508562071E+003
  1.715769304806E-002  1.760301541648E+000  6.791914364278E+001 -3.237389052649E+003
  1.757847948698E-002  1.788595806862E+000  6.656699334317E+001 -3.189532747729E+003
  1.800454174044E-002  1.816669439783E+000  6.521822097680E+001 -3.141951811262E+003
  1.843588842578E-002  1.844510280861E+000  6.387318188185E+001 -3.094657877364E+003
  1.887252827273E-002  1.872106352492E+000  6.253222285507E+001 -3.047662052251E+003
  1.931447012370E-002  1.899445862292E+000  6.119568214873E+001 -3.000974916908E+003
  1.976172293425E-002  1.926517206183E+000  5.986388947901E+001 -2.954606530489E+003
  2.021429577341E-002  1.953308971282E+000  5.853716604528E+001 -2.908566434410E+003
  2.067219782411E-002  1.979809938616E+000  5.721582456011E+001 -2.862863657123E+003
  2.113543838356E-002  2.006009085658E+000  5.590016928936E+001 -2.817506719548E+003
  2.160402686371E-002  2.031895588684E+000  5.459049610212E+001 -2.772503641133E+003
  2.207797279156E-002  2.057458824974E+000  5.328709253000E+001 -2.727861946523E+003
  2.255728580967E-002  2.082688374844E+000  5.199023783535E+001 -2.683588672806E+003
  2.304197567655E-002  2.107574023523E+000  5.070020308788E+001 -2.639690377320E+003
  2.353205226706E-002  2.132105762887E+000  4.941725124944E+001 -2.596173145981E+003
  2.402752557287E-002  2.156273793040E+000  4.814163726621E+001 -2.553042602115E+003
  2.452840570292E-002  2.180068523766E+000  4.687360816806E+001 -2.510303915759E+003
  2.503470288379E-002  2.203480575842E+000  4.561340317455E+001 -2.467961813409E+003
  2.554642746023E-002  2.226500782233E+000  4.436125380697E+001 -2.426020588178E+003
  2.606358989558E-002  2.249120189159E+000  4.311738400620E+001 -2.384484110348E+003
  2.658620077221E-002  2.271330057055E+000  4.188201025564E+001 -2.343355838266E+003
  2.711427079202E-002  2.293121861418E+000  4.065534170891E+001 -2.302638829578E+003
  2.764781077690E-002  2.314487293559E+000  3.943758032183E+001 -2.262335752756E+003
  2.818683166921E-002  2.335418261249E+000  3.822892098808E+001 -2.222448898892E+003
  2.873134453224E-002  2.355906889280E+000  3.702955167827E+001 -2.182980193733E+003
  2.928136055074E-002  2.375945519947E+000  3.583965358183E+001 -2.143931209922E+003
  2.983689103139E-002  2.395526713435E+000  3.465940125122E+001 -2.105303179422E+003
  3.039794740329E-002  2.414643248148E+000  3.348896274824E+001 -2.067097006091E+003
  3.096454121851E-002  2.433288120957E+000  3.232849979167E+001 -2.029313278378E+003
  3.153668415253E-002  2.451454547392E+000  3.117816790616E+001 -1.991952282111E+003
  3.211438800486E-002  2.469135961766E+000  3.003811657161E+001 -1.955014013359E+003
  3.269766469947E-002  2.486326017254E+000  2.890848937297E+001 -1.918498191325E+003
  3.328652628537E-002  2.503018585914E+000  2.778942414976E+001 -1.882404271255E+003
  3.388098493714E-002  2.519207758663E+000  2.668105314515E+001 -1.846731457338E+003
  3.448105295547E-002  2.534887845216E+000  2.558350315408E+001 -1.811478715554E+003
  3.508674276771E-002  2.550053373975E+000  2.449689567016E+001 -1.776644786471E+003
  3.569806692844E-002  2.564699091898E+000  2.342134703097E+001 -1.742228197948E+003
  3.631503812000E-002  2.578819964321E+000  2.235696856144E+001 -1.708227277724E+003
  3.693766915309E-002  2.592411174762E+000  2.130386671497E+001 -1.674640165874E+003
  3.756597296732E-002  2.605468124689E+000  2.026214321207E+001 -1.641464827113E+003
  3.819996263183E-002  2.617986433277E+000  1.923189517616E+001 -1.608699062920E+003
  3.883965134583E-002  2.629961937130E+000  1.821321526630E+001 -1.576340523459E+003
  3.948505243923E-002  2.641390689992E+000  1.720619180667E+001 -1.544386719294E+003
  4.013617937323E-002  2.652268962433E+000  1.621090891248E+001 -1.512835032866E+003
  4.079304574093E-002  2.662593241529E+000  1.522744661213E+001 -1.481682729714E+003
  4.145566526792E-002  2.672360230514E+000  1.425588096545E+001 -1.450926969434E+003
  4.212405181296E-002  2.681566848426E+000  1.329628417792E+001 -1.420564816357E+003
  4.279821936853E-002  2.690210229738E+000  1.234872471053E+001 -1.390593249924E+003
  4.347818206155E-002  2.698287723971E+000  1.141326738531E+001 -1.361009174753E+003
  4.416395415396E-002  2.705796895298E+000  1.048997348641E+001 -1.331809430393E+003
  4.485555004336E-002  2.712735522137E+000  9.578900856502E+000 -1.302990800732E+003
  4.555298426375E-002  2.719101596720E+000  8.680103988558E+000 -1.274550023072E+003
  4.625627148608E-002  2.724893324661E+000  7.793634112901E+000 -1.246483796852E+003
  4.696542651902E-002  2.730109124500E+000  6.919539279446E+000 -1.218788792007E+003
  4.768046430958E-002  2.734747627236E+000  6.057864435161E+000 -1.191461656967E+003
  4.840139994379E-002  2.738807675838E+000  5.208651496701E+000 -1.164499026283E+003
  4.912824864743E-002  2.742288324743E+000  4.371939418242E+000 -1.137897527877E+003
  4.986102578670E-002  2.745188839331E+000  3.547764254517E+000 -1.111653789910E+003
  5.059974686895E-002  2.747508695381E+000  2.736159219122E+000 -1.085764447275E+003
  5.134442754336E-002  2.749247578501E+000  1.937154738118E+000 -1.060226147699E+003
  5.209508360169E-002  2.750405383534E+000  1.150778499010E+000 -1.035035557465E+003
  5.285173097899E-002  2.750982213937E+000  3.770554951826E-001 -1.010189366751E+003
  5.361438575437E-002  2.750978381129E+000 -3.839919341009E-001 -9.856842945837E+002
  5.438306415168E-002  2.750394403812E+000 -1.132344068050E+000 -9.615170934122E+002
  5.515778254035E-002  2.749231007248E+000 -1.867983772905E+000 -9.376845533076E+002
  5.593855743605E-002  2.747489122508E+000 -2.590896474582E+000 -9.141835057860E+002
  5.672540550155E-002  2.745169885681E+000 -3.301070135260E+000 -8.910108272643E+002
  5.751834354743E-002  2.742274637035E+000 -3.998495233742E+000 -8.681634421526E+002
  5.831738853289E-002  2.738804920136E+000 -4.683164749454E+000 -8.456383255894E+002
  5.912255756656E-002  2.734762480927E+000 -5.355074149885E+000 -8.234325058277E+002
  5.993386790726E-002  2.730149266744E+000 -6.014221381294E+000 -8.015430662778E+002
  6.075133696481E-002  2.724967425287E+000 -6.660606862507E+000 -7.799671472169E+002
  6.157498230090E-002  2.719219303539E+000 -7.294233481600E+000 -7.587019471731E+002
  6.240482162984E-002  2.712907446616E+000 -7.915106595264E+000 -7.377447239938E+002
  6.324087281946E-002  2.706034596567E+000 -8.523234030666E+000 -7.170927956088E+002
  6.408315389190E-002  2.698603691104E+000 -9.118626089577E+000 -6.967435404977E+002
  6.493168302447E-002  2.690617862271E+000 -9.701295554562E+000 -6.766943978731E+002
  6.578647855056E-002  2.682080435038E+000 -1.027125769702E+001 -6.569428675915E+002
  6.664755896041E-002  2.672994925832E+000 -1.082853028688E+001 -6.374865098020E+002
  6.751494290207E-002  2.663365040992E+000 -1.137313360364E+001 -6.183229443462E+002
  6.838864918226E-002  2.653194675146E+000 -1.190509044869E+001 -5.994498499217E+002
  6.926869676725E-002  2.642487909516E+000 -1.242442615856E+001 -5.808649630203E+002
  7.015510478375E-002  2.631249010142E+000 -1.293116861892E+001 -5.625660766555E+002
  7.104789251987E-002  2.619482426023E+000 -1.342534827915E+001 -5.445510388909E+002
  7.194707942599E-002  2.607192787181E+000 -1.390699816726E+001 -5.268177511829E+002
  7.285268511573E-002  2.594384902634E+000 -1.437615390485E+001 -5.093641665520E+002
  7.376472936684E-002  2.581063758292E+000 -1.483285372207E+001 -4.921882875933E+002
  7.468323212221E-002  2.567234514761E+000 -1.527713847226E+001 -4.752881643427E+002
  7.560821349078E-002  2.552902505061E+000 -1.570905164610E+001 -4.586618920089E+002
  7.653969374850E-002  2.538073232259E+000 -1.612863938506E+001 -4.423076085870E+002
  7.747769333938E-002  2.522752367007E+000 -1.653595049403E+001 -4.262234923646E+002
  7.842223287637E-002  2.506945745001E+000 -1.693103645289E+001 -4.104077593350E+002
  7.937333314243E-002  2.490659364338E+000 -1.731395142684E+001 -3.948586605288E+002
  8.033101509154E-002  2.473899382797E+000 -1.768475227538E+001 -3.795744792779E+002
  8.129529984966E-002  2.456672115022E+000 -1.804349855970E+001 -3.645535284233E+002
  8.226620871580E-002  2.438984029616E+000 -1.839025254842E+001 -3.497941474789E+002
  8.324376316303E-002  2.420841746157E+000 -1.872507922152E+001 -3.352946997640E+002
  8.422798483957E-002  2.402252032111E+000 -1.904804627218E+001 -3.210535695146E+002
  8.521889556978E-002  2.383221799675E+000 -1.935922410669E+001 -3.070691589861E+002
  8.621651735528E-002  2.363758102521E+000 -1.965868584200E+001 -2.933398855577E+002
  8.722087237602E-002  2.343868132464E+000 -1.994650730111E+001 -2.798641788487E+002
  8.823198299134E-002  2.323559216047E+000 -2.022276700587E+001 -2.666404778575E+002
  8.924987174107E-002  2.302838811040E+000 -2.048754616746E+001 -2.536672281328E+002
  9.027456134670E-002  2.281714502870E+000 -2.074092867414E+001 -2.409428789859E+002
  9.130607471240E-002  2.260194000964E+000 -2.098300107650E+001 -2.284658807532E+002
  9.234443492626E-002  2.238285135022E+000 -2.121385256988E+001 -2.162346821183E+002
  9.338966526132E-002  2.215995851224E+000 -2.143357497416E+001 -2.042477274997E+002
  9.444178917683E-002  2.193334208357E+000 -2.164226271066E+001 -1.925034545136E+002
  9.550083031933E-002  2.170308373882E+000 -2.184001277629E+001 -1.810002915174E+002
  9.656681252387E-002  2.146926619937E+000 -2.202692471490E+001 -1.697366552416E+002
  9.763975981519E-002  2.123197319281E+000 -2.220310058566E+001 -1.587109485149E+002
  9.871969640891E-002  2.099128941174E+000 -2.236864492877E+001 -1.479215580894E+002
  9.980664671274E-002  2.074730047211E+000 -2.252366472824E+001 -1.373668525702E+002
  1.009006353277E-001  2.050009287101E+000 -2.266826937184E+001 -1.270451804536E+002
  1.020016870494E-001  2.024975394403E+000 -2.280257060836E+001 -1.169548682796E+002
  1.031098268692E-001  1.999637182212E+000 -2.292668250206E+001 -1.070942189008E+002
  1.042250799756E-001  1.974003538815E+000 -2.304072138443E+001 -9.746150987048E+001
  1.053474717553E-001  1.948083423301E+000 -2.314480580331E+001 -8.805499195521E+001
  1.064770277946E-001  1.921885861149E+000 -2.323905646945E+001 -7.887288777059E+001
  1.076137738809E-001  1.895419939785E+000 -2.332359620050E+001 -6.991339054452E+001
  1.087577360036E-001  1.868694804110E+000 -2.339854986261E+001 -6.117466300810E+001
  1.099089403557E-001  1.841719652018E+000 -2.346404430962E+001 -5.265483641515E+001
  1.110674133350E-001  1.814503729893E+000 -2.352020832003E+001 -4.435200969089E+001
  1.122331815458E-001  1.787056328094E+000 -2.356717253177E+001 -3.626424870958E+001
  1.134062717995E-001  1.759386776440E+000 -2.360506937489E+001 -2.838958570078E+001
  1.145867111168E-001  1.731504439681E+000 -2.363403300225E+001 -2.072601878336E+001
  1.157745267286E-001  1.703418712984E+000 -2.365419921841E+001 -1.327151162602E+001
  1.169697460775E-001  1.675139017412E+000 -2.366570540675E+001 -6.023993232779E+000
  1.181723968193E-001  1.646674795424E+000 -2.366869045490E+001  1.018642148586E+000
  1.193825068243E-001  1.618035506379E+000 -2.366329467876E+001  7.858534997281E+000
  1.206001041787E-001  1.589230622066E+000 -2.364965974506E+001  1.449786037213E+001
  1.218252171865E-001  1.560269622250E+000 -2.362792859269E+001  2.093882764892E+001
  1.230578743703E-001  1.531161990251E+000 -2.359824535290E+001  2.718368014558E+001
  1.242981044731E-001  1.501917208545E+000 -2.356075526850E+001  3.323469463870E+001
  1.255459364600E-001  1.472544754406E+000 -2.351560461222E+001  3.909418077499E+001
  1.268013995194E-001  1.443054095580E+000 -2.346294060430E+001  4.476448038154E+001
  1.280645230647E-001  1.413454686004E+000 -2.340291132949E+001  5.024796667905E+001
  1.293353367356E-001  1.383755961571E+000 -2.333566565360E+001  5.554704340222E+001
  1.306138704000E-001  1.353967335936E+000 -2.326135313973E+001  6.066414383175E+001
  1.319001541553E-001  1.324098196382E+000 -2.318012396429E+001  6.560172974264E+001
  1.331942183303E-001  1.294157899740E+000 -2.309212883293E+001  7.036229027334E+001
  1.344960934863E-001  1.264155768357E+000 -2.299751889655E+001  7.494834072066E+001
  1.358058104191E-001  1.234101086141E+000 -2.289644566756E+001  7.936242126537E+001
  1.371234001607E-001  1.204003094659E+000 -2.278906093634E+001  8.360709563346E+001
  1.384488939805E-001  1.173870989300E+000 -2.267551668828E+001  8.768494969802E+001
  1.397823233874E-001  1.143713915517E+000 -2.255596502127E+001  9.159859002699E+001
  1.411237201313E-001  1.113540965134E+000 -2.243055806394E+001  9.535064238164E+001
  1.424731162050E-001  1.083361172726E+000 -2.229944789469E+001  9.894375017118E+001
  1.438305438454E-001  1.053183512080E+000 -2.216278646159E+001  1.023805728682E+002
  1.451960355357E-001  1.023016892728E+000 -2.202072550334E+001  1.056637843905E+002
  1.465696240072E-001  9.928701565661E-001 -2.187341647136E+001  1.087960714538E+002
  1.479513422405E-001  9.627520745531E-001 -2.172101045302E+001  1.117801319004E+002
  1.493412234681E-001  9.326713434889E-001 -2.156365809629E+001  1.146186730095E+002
  1.507393011753E-001  9.026365828820E-001 -2.140150953571E+001  1.173144097924E+002
  1.521456091027E-001  8.726563319013E-001 -2.123471431990E+001  1.198700632786E+002
  1.535601812478E-001  8.427390464141E-001 -2.106342134061E+001  1.222883587972E+002
  1.549830518669E-001  8.128930961133E-001 -2.088777876345E+001  1.245720242573E+002
  1.564142554766E-001  7.831267617318E-001 -2.070793396029E+001  1.267237884326E+002
  1.578538268564E-001  7.534482323475E-001 -2.052403344346E+001  1.287463792541E+002
  1.593018010499E-001  7.238656027775E-001 -2.033622280184E+001  1.306425221148E+002
  1.607582133673E-001  6.943868710625E-001 -2.014464663875E+001  1.324149381906E+002
  1.622230993867E-001  6.650199360416E-001 -1.994944851186E+001  1.340663427807E+002
  1.636964949568E-001  6.357725950176E-001 -1.975077087506E+001  1.355994436719E+002
  1.651784361984E-001  6.066525415128E-001 -1.954875502239E+001  1.370169395289E+002
  1.666689595063E-001  5.776673631150E-001 -1.934354103397E+001  1.383215183149E+002
  1.681681015517E-001  5.488245394130E-001 -1.913526772406E+001  1.395158557457E+002
  1.696758992842E-001  5.201314400225E-001 -1.892407259125E+001  1.406026137784E+002
  1.711923899335E-001  4.915953227001E-001 -1.871009177077E+001  1.415844391397E+002
  1.727176110118E-001  4.632233315462E-001 -1.849345998888E+001  1.424639618946E+002
  1.742516003158E-001  4.350224952951E-001 -1.827431051951E+001  1.432437940581E+002
  1.757943959287E-001  4.069997256921E-001 -1.805277514302E+001  1.439265282527E+002
  1.773460362227E-001  3.791618159562E-001 -1.782898410708E+001  1.445147364125E+002
  1.789065598608E-001  3.515154393279E-001 -1.760306608973E+001  1.450109685362E+002
  1.804760057990E-001  3.240671476998E-001 -1.737514816459E+001  1.454177514906E+002
  1.820544132889E-001  2.968233703308E-001 -1.714535576820E+001  1.457375878654E+002
  1.836418218792E-001  2.697904126406E-001 -1.691381266937E+001  1.459729548809E+002
  1.852382714189E-001  2.429744550845E-001 -1.668064094079E+001  1.461263033490E+002
  1.868438020586E-001  2.163815521062E-001 -1.644596093254E+001  1.462000566891E+002
  1.884584542535E-001  1.900176311684E-001 -1.620989124767E+001  1.461966099983E+002
  1.900822687655E-001  1.638884918579E-001 -1.597254871987E+001  1.461183291772E+002
  1.917152866652E-001  1.379998050659E-001 -1.573404839294E+001  1.459675501110E+002
  1.933575493349E-001  1.123571122394E-001 -1.549450350234E+001  1.457465779071E+002
  1.950090984705E-001  8.696582470474E-002 -1.525402545848E+001  1.454576861866E+002
  1.966699760840E-001  6.183122305942E-002 -1.501272383198E+001  1.451031164327E+002
  1.983402245061E-001  3.695845663176E-002 -1.477070634060E+001  1.446850773928E+002
  2.000198863884E-001  1.235254300661E-002 -1.452807883798E+001  1.442057445356E+002
  2.017090047061E-001 -1.198163238492E-002 -1.428494530410E+001  1.436672595615E+002
  2.034076227605E-001 -3.603931661301E-002 -1.404140783727E+001  1.430717299665E+002
  2.051157841813E-001 -5.981588953594E-002 -1.379756664782E+001  1.424212286571E+002
  2.068335329293E-001 -8.330686402756E-002 -1.355352005329E+001  1.417177936175E+002
  2.085609132993E-001 -1.065078861473E-001 -1.330936447504E+001  1.409634276255E+002
  2.102979699219E-001 -1.294147352540E-001 -1.306519443639E+001  1.401600980180E+002
  2.120447477670E-001 -1.520233240663E-001 -1.282110256200E+001  1.393097365032E+002
  2.138012921459E-001 -1.743296986687E-001 -1.257717957866E+001  1.384142390195E+002
  2.155676487143E-001 -1.963300384687E-001 -1.233351431728E+001  1.374754656387E+002
  2.173438634747E-001 -2.180206561022E-001 -1.209019371609E+001  1.364952405120E+002
  2.191299827795E-001 -2.393979972926E-001 -1.184730282495E+001  1.354753518579E+002
  2.209260533334E-001 -2.604586406623E-001 -1.160492481076E+001  1.344175519901E+002
  2.227321221965E-001 -2.811992974997E-001 -1.136314096389E+001  1.333235573833E+002
  2.245482367870E-001 -3.016168114820E-001 -1.112203070556E+001  1.321950487761E+002
  2.263744448840E-001 -3.217081583562E-001 -1.088167159614E+001  1.310336713079E+002
  2.282107946304E-001 -3.414704455787E-001 -1.064213934431E+001  1.298410346896E+002
  2.300573345358E-001 -3.609009119156E-001 -1.040350781699E+001  1.286187134059E+002
  2.319141134796E-001 -3.799969270037E-001 -1.016584905005E+001  1.273682469460E+002
  2.337811807137E-001 -3.987559908754E-001 -9.929233259717E+000  1.260911400635E+002
  2.356585858657E-001 -4.171757334465E-001 -9.693728854588E+000  1.247888630614E+002
  2.375463789419E-001 -4.352539139691E-001 -9.459402448291E+000  1.234628521018E+002
  2.394446103301E-001 -4.529884204508E-001 -9.226318872664E+000  1.221145095378E+002
  2.413533308032E-001 -4.703772690405E-001 -8.994541191452E+000  1.207452042668E+002
  2.432725915217E-001 -4.874186033823E-001 -8.764130714464E+000  1.193562721026E+002
  2.452024440374E-001 -5.041106939378E-001 -8.535147012144E+000  1.179490161646E+002
  2.471429402963E-001 -5.204519372788E-001 -8.307647930529E+000  1.165247072834E+002
  2.490941326418E-001 -5.364408553494E-001 -8.081689606544E+000  1.150845844200E+002
  2.510560738180E-001 -5.520760947003E-001 -7.857326483596E+000  1.136298550987E+002
  2.530288169732E-001 -5.673564256939E-001 -7.634611327446E+000  1.121616958496E+002
  2.550124156627E-001 -5.822807416826E-001 -7.413595242314E+000  1.106812526620E+002
  2.570069238527E-001 -5.968480581601E-001 -7.194327687187E+000  1.091896414456E+002
  2.590123959233E-001 -6.110575118863E-001 -6.976856492306E+000  1.076879484985E+002
  2.610288866721E-001 -6.249083599865E-001 -6.761227875803E+000  1.061772309806E+002
  2.630564513176E-001 -6.383999790249E-001 -6.547486460461E+000  1.046585173917E+002
  2.650951455027E-001 -6.515318640541E-001 -6.335675290581E+000  1.031328080526E+002
  2.671450252982E-001 -6.643036276389E-001 -6.125835848915E+000  1.016010755877E+002
  2.692061472063E-001 -6.767149988575E-001 -5.918008073679E+000  1.000642654090E+002
  2.712785681644E-001 -6.887658222781E-001 -5.712230375590E+000  9.852329619956E+001
  2.733623455485E-001 -7.004560569118E-001 -5.508539654942E+000  9.697906039616E+001
  2.754575371771E-001 -7.117857751437E-001 -5.306971318693E+000  9.543242466961E+001
  2.775642013146E-001 -7.227551616400E-001 -5.107559297544E+000  9.388423040242E+001
  2.796823966754E-001 -7.333645122331E-001 -4.910336063016E+000  9.233529416279E+001
  2.818121824272E-001 -7.436142327844E-001 -4.715332644506E+000  9.078640817422E+001
  2.839536181956E-001 -7.535048380248E-001 -4.522578646307E+000  8.923834078011E+001
  2.861067640671E-001 -7.630369503734E-001 -4.332102264602E+000  8.769183690281E+001
  2.882716805935E-001 -7.722112987349E-001 -4.143930304415E+000  8.614761849649E+001
  2.904484287958E-001 -7.810287172748E-001 -3.958088196519E+000  8.460638499342E+001
  2.926370701682E-001 -7.894901441739E-001 -3.774600014292E+000  8.306881374317E+001
  2.948376666818E-001 -7.975966203611E-001 -3.593488490540E+000  8.153556044451E+001
  2.970502807892E-001 -8.053492882262E-001 -3.414775034255E+000  8.000725956944E+001
  2.992749754281E-001 -8.127493903104E-001 -3.238479747336E+000  7.848452477933E+001
  3.015118140259E-001 -8.197982679779E-001 -3.064621441263E+000  7.696794933289E+001
  3.037608605035E-001 -8.264973600655E-001 -2.893217653724E+000  7.545810648562E+001
  3.060221792797E-001 -8.328482015131E-001 -2.724284665207E+000  7.395554988094E+001
  3.082958352758E-001 -8.388524219738E-001 -2.557837515548E+000  7.246081393261E+001
  3.105818939192E-001 -8.445117444037E-001 -2.393890020455E+000  7.097441419864E+001
  3.128804211487E-001 -8.498279836328E-001 -2.232454787998E+000  6.949684774647E+001
  3.151914834180E-001 -8.548030449161E-001 -2.073543235084E+000  6.802859350969E+001
  3.175151477009E-001 -8.594389224655E-001 -1.917165603908E+000  6.657011263616E+001
  3.198514814953E-001 -8.637376979634E-001 -1.763330978399E+000  6.512184882776E+001
  3.222005528283E-001 -8.677015390570E-001 -1.612047300661E+000  6.368422867184E+001
  3.245624302601E-001 -8.713326978344E-001 -1.463321387420E+000  6.225766196455E+001
  3.269371828894E-001 -8.746335092839E-001 -1.317158946473E+000  6.084254202623E+001
  3.293248803576E-001 -8.776063897338E-001 -1.173564593157E+000  5.943924600909E+001
  3.317255928537E-001 -8.802538352768E-001 -1.032541866843E+000  5.804813519728E+001
  3.341393911192E-001 -8.825784201760E-001 -8.940932474558E-001  5.666955529983E+001
  3.365663464529E-001 -8.845827952560E-001 -7.582201720262E-001  5.530383673639E+001
  3.390065307159E-001 -8.862696862771E-001 -6.249230512919E-001  5.395129491643E+001
  3.414600163363E-001 -8.876418922937E-001 -4.942012863395E-001  5.261223051176E+001
  3.439268763145E-001 -8.887022839990E-001 -3.660532853027E-001  5.128692972308E+001
  3.464071842282E-001 -8.894538020539E-001 -2.404764801176E-001  4.997566454046E+001
  3.489010142374E-001 -8.898994554029E-001 -1.174673433421E-001  4.867869299839E+001
  3.514084410898E-001 -8.900423195761E-001  2.978594957451E-003  4.739625942549E+001
  3.539295401259E-001 -8.898855349785E-001  1.208667302469E-001  4.612859468928E+001
  3.564643872842E-001 -8.894323051677E-001  2.362033664899E-001  4.487591643627E+001
  3.590130591069E-001 -8.886858951194E-001  3.489956990338E-001  4.363842932780E+001
  3.615756327448E-001 -8.876496294827E-001  4.592517974146E-001  4.241632527170E+001
  3.641521859632E-001 -8.863268908247E-001  5.669805880780E-001  4.120978365031E+001
  3.667427971473E-001 -8.847211178665E-001  6.721918370142E-001  4.001897154506E+001
  3.693475453076E-001 -8.828358037097E-001  7.748961323078E-001  3.884404395781E+001
  3.719665100860E-001 -8.806744940558E-001  8.751048665992E-001  3.768514402943E+001
  3.745997717609E-001 -8.782407854179E-001  9.728302194604E-001  3.654240325567E+001
  3.772474112534E-001 -8.755383233263E-001  1.068085139684E+000  3.541594170074E+001
  3.799095101331E-001 -8.725708005293E-001  1.160883327486E+000  3.430586820879E+001
  3.825861506238E-001 -8.693419551881E-001  1.251239216629E+000  3.321228061356E+001
  3.852774156096E-001 -8.658555690689E-001  1.339167956461E+000  3.213526594636E+001
  3.879833886411E-001 -8.621154657320E-001  1.424685393878E+000  3.107490064265E+001
  3.907041539409E-001 -8.581255087187E-001  1.507808055212E+000  3.003125074745E+001
  3.934397964105E-001 -8.538895997368E-001  1.588553128051E+000  2.900437211970E+001
  3.961904016361E-001 -8.494116768470E-001  1.666938442989E+000  2.799431063575E+001
  3.989560558949E-001 -8.446957126484E-001  1.742982455319E+000  2.700110239227E+001
  4.017368461617E-001 -8.397457124672E-001  1.816704226670E+000  2.602477390845E+001
  4.045328601149E-001 -8.345657125470E-001  1.888123406596E+000  2.506534232800E+001
  4.073441861437E-001 -8.291597782431E-001  1.957260214123E+000  2.412281562068E+001
  4.101709133538E-001 -8.235320022209E-001  2.024135419259E+000  2.319719278379E+001
  4.130131315750E-001 -8.176865026601E-001  2.088770324478E+000  2.228846404347E+001
  4.158709313670E-001 -8.116274214650E-001  2.151186746185E+000  2.139661105606E+001
  4.187444040269E-001 -8.053589224823E-001  2.211406996167E+000  2.052160710946E+001
  4.216336415958E-001 -7.988851897266E-001  2.269453863042E+000  1.966341732459E+001
  4.245387368658E-001 -7.922104256160E-001  2.325350593714E+000  1.882199885703E+001
  4.274597833869E-001 -7.853388492169E-001  2.379120874844E+000  1.799730109877E+001
  4.303968754741E-001 -7.782746945002E-001  2.430788814342E+000  1.718926588015E+001
  4.333501082151E-001 -7.710222086097E-001  2.480378922899E+000  1.639782767194E+001
  4.363195774768E-001 -7.635856501430E-001  2.527916095553E+000  1.562291378765E+001
  4.393053799131E-001 -7.559692874459E-001  2.573425593321E+000  1.486444458589E+001
  4.423076129724E-001 -7.481773969224E-001  2.616933024884E+000  1.412233367287E+001
  4.453263749047E-001 -7.402142613590E-001  2.658464328354E+000  1.339648810498E+001
  4.483617647698E-001 -7.320841682661E-001  2.698045753124E+000  1.268680859131E+001
  4.514138824444E-001 -7.237914082364E-001  2.735703841808E+000  1.199318969619E+001
  4.544828286302E-001 -7.153402733213E-001  2.771465412295E+000  1.131552004153E+001
  4.575687048617E-001 -7.067350554261E-001  2.805357539913E+000  1.065368250905E+001
  4.606716135142E-001 -6.979800447245E-001  2.837407539721E+000  1.000755444211E+001
  4.637916578118E-001 -6.890795280942E-001  2.867642948941E+000  9.377007847290E+000
  4.669289418353E-001 -6.800377875725E-001  2.896091509532E+000  8.761909595376E+000
  4.700835705309E-001 -6.708590988348E-001  2.922781150929E+000  8.162121621869E+000
  4.732556497182E-001 -6.615477296946E-001  2.947739972940E+000  7.577501126765E+000
  4.764452860985E-001 -6.521079386275E-001  2.970996228832E+000  7.007900773565E+000
  4.796525872639E-001 -6.425439733182E-001  2.992578308595E+000  6.453168887382E+000
  4.828776617050E-001 -6.328600692326E-001  3.012514722411E+000  5.913149652032E+000
  4.861206188205E-001 -6.230604482145E-001  3.030834084320E+000  5.387683305993E+000
  4.893815689254E-001 -6.131493171077E-001  3.047565096116E+000  4.876606337106E+000
  4.926606232602E-001 -6.031308664047E-001  3.062736531456E+000  4.379751675907E+000
  4.959578939999E-001 -5.930092689216E-001  3.076377220205E+000  3.896948887461E+000
  4.992734942630E-001 -5.827886785002E-001  3.088516033028E+000  3.428024361578E+000
  5.026075381207E-001 -5.724732287374E-001  3.099181866228E+000  2.972801501291E+000
  5.059601406064E-001 -5.620670317429E-001  3.108403626842E+000  2.531100909471E+000
  5.093314177250E-001 -5.515741769248E-001  3.116210218006E+000  2.102740573470E+000
  5.127214864626E-001 -5.409987298043E-001  3.122630524590E+000  1.687536047656E+000
  5.161304647959E-001 -5.303447308593E-001  3.127693399109E+000  1.285300633740E+000
  5.195584717022E-001 -5.196161943964E-001  3.131427647932E+000  8.958455587792E-001
  5.230056271692E-001 -5.088171074544E-001  3.133862017768E+000  5.189801507286E-001
  5.264720522050E-001 -4.979514287355E-001  3.135025182464E+000  1.545120114578E-001
  5.299578688483E-001 -4.870230875677E-001  3.134945730096E+000 -1.977528128922E-001
  5.334632001783E-001 -4.760359828974E-001  3.133652150371E+000 -5.380096643035E-001
  5.369881703256E-001 -4.649939823118E-001  3.131172822351E+000 -8.664551081292E-001
  5.405329044823E-001 -4.539009210919E-001  3.127536002480E+000 -1.183286771286E+000
  5.440975289128E-001 -4.427606012965E-001  3.122769812939E+000 -1.488703183484E+000
  5.476821709641E-001 -4.315767908759E-001  3.116902230334E+000 -1.782903621573E+000
  5.512869590774E-001 -4.203532228174E-001  3.109961074692E+000 -2.066087957097E+000
  5.549120227985E-001 -4.090935943202E-001  3.101973998809E+000 -2.338456507120E+000
  5.585574927889E-001 -3.978015660019E-001  3.092968477916E+000 -2.600209888403E+000
  5.622235008375E-001 -3.864807611349E-001  3.082971799685E+000 -2.851548874993E+000
  5.659101798716E-001 -3.751347649135E-001  3.072011054570E+000 -3.092674259292E+000
  5.696176639685E-001 -3.637671237514E-001  3.060113126489E+000 -3.323786716659E+000
  5.733460883672E-001 -3.523813446098E-001  3.047304683838E+000 -3.545086673584E+000
  5.770955894803E-001 -3.409808943543E-001  3.033612170848E+000 -3.756774179509E+000
  5.808663049055E-001 -3.295691991434E-001  3.019061799277E+000 -3.959048782301E+000
  5.846583734383E-001 -3.181496438454E-001  3.003679540448E+000 -4.152109407442E+000
  5.884719350837E-001 -3.067255714854E-001  2.987491117611E+000 -4.336154240951E+000
  5.923071310690E-001 -2.953002827212E-001  2.970521998655E+000 -4.511380616066E+000
  5.961641038558E-001 -2.838770353481E-001  2.952797389146E+000 -4.677984903707E+000
  6.000429971532E-001 -2.724590438330E-001  2.934342225705E+000 -4.836162406736E+000
  6.039439559304E-001 -2.610494788758E-001  2.915181169712E+000 -4.986107258027E+000
  6.078671264295E-001 -2.496514669995E-001  2.895338601340E+000 -5.128012322339E+000
  6.118126561791E-001 -2.382680901678E-001  2.874838613918E+000 -5.262069102012E+000
  6.157806940069E-001 -2.269023854296E-001  2.853705008619E+000 -5.388467646459E+000
  6.197713900541E-001 -2.155573445912E-001  2.831961289457E+000 -5.507396465472E+000
  6.237848957880E-001 -2.042359139140E-001  2.809630658619E+000 -5.619042446297E+000
  6.278213640166E-001 -1.929409938388E-001  2.786736012092E+000 -5.723590774493E+000
  6.318809489022E-001 -1.816754387358E-001  2.763299935609E+000 -5.821224858526E+000
  6.359638059756E-001 -1.704420566795E-001  2.739344700901E+000 -5.912126258091E+000
  6.400700921502E-001 -1.592436092483E-001  2.714892262240E+000 -5.996474616118E+000
  6.441999657370E-001 -1.480828113486E-001  2.689964253287E+000 -6.074447594439E+000
  6.483535864586E-001 -1.369623310625E-001  2.664581984227E+000 -6.146220813074E+000
  6.525311154647E-001 -1.258847895185E-001  2.638766439185E+000 -6.211967793092E+000
  6.567327153465E-001 -1.148527607856E-001  2.612538273933E+000 -6.271859903007E+000
  6.609585501525E-001 -1.038687717890E-001  2.585917813858E+000 -6.326066308663E+000
  6.652087854034E-001 -9.293530224760E-002  2.558925052213E+000 -6.374753926548E+000
  6.694835881080E-001 -8.205478463324E-002  2.531579648619E+000 -6.418087380497E+000
  6.737831267789E-001 -7.122960414993E-002  2.503900927831E+000 -6.456228961713E+000
  6.781075714485E-001 -6.046209873355E-002  2.475907878758E+000 -6.489338592062E+000
  6.824570936852E-001 -4.975455907103E-002  2.447619153718E+000 -6.517573790565E+000
  6.868318666096E-001 -3.910922863855E-002  2.419053067942E+000 -6.541089643035E+000
  6.912320649114E-001 -2.852830375824E-002  2.390227599308E+000 -6.560038774794E+000
  6.956578648660E-001 -1.801393367276E-002  2.361160388294E+000 -6.574571326389E+000
  7.001094443516E-001 -7.568220637271E-003  2.331868738161E+000 -6.584834932252E+000
  7.045869828664E-001  2.806779971799E-003  2.302369615341E+000 -6.590974702225E+000
  7.090906615461E-001  1.310905953173E-002  2.272679650036E+000 -6.593133205883E+000
  7.136206631812E-001  2.333665603281E-002  2.242815137014E+000 -6.591450459571E+000
  7.181771722357E-001  3.348765392246E-002  2.212792036598E+000 -6.586063916091E+000
  7.227603748644E-001  4.356018393476E-002  2.182625975842E+000 -6.577108456959E+000
  7.273704589315E-001  5.355242290600E-002  2.152332249886E+000 -6.564716387148E+000
  7.320076140295E-001  6.346259357665E-002  2.121925823486E+000 -6.549017432253E+000
  7.366720314977E-001  7.328896438042E-002  2.091421332702E+000 -6.530138737989E+000
  7.413639044413E-001  8.302984922085E-002  2.060833086756E+000 -6.508204871939E+000
  7.460834277508E-001  9.268360723610E-002  2.030175070034E+000 -6.483337827491E+000
  7.508307981215E-001  1.022486425522E-001  1.999460944239E+000 -6.455657029867E+000
  7.556062140732E-001  1.117234040258E-001  1.968704050678E+000 -6.425279344167E+000
  7.604098759705E-001  1.211063849761E-001  1.937917412688E+000 -6.392319085362E+000
  7.652419860431E-001  1.303961229071E-001  1.907113738181E+000 -6.356888030137E+000
  7.701027484060E-001  1.395911992211E-001  1.876305422316E+000 -6.319095430519E+000
  7.749923690810E-001  1.486902389224E-001  1.845504550276E+000 -6.279048029206E+000
  7.799110560171E-001  1.576919103134E-001  1.814722900160E+000 -6.236850076524E+000
  7.848590191124E-001  1.665949246820E-001  1.783971945969E+000 -6.192603348917E+000
  7.898364702358E-001  1.753980359827E-001  1.753262860691E+000 -6.146407168924E+000
  7.948436232486E-001  1.841000405097E-001  1.722606519473E+000 -6.098358426532E+000
  7.998806940270E-001  1.926997765639E-001  1.692013502874E+000 -6.048551601860E+000
  8.049479004846E-001  2.011961241136E-001  1.661494100196E+000 -5.997078789071E+000
  8.100454625952E-001  2.095880044497E-001  1.631058312890E+000 -5.944029721472E+000
  8.151736024160E-001  2.178743798356E-001  1.600715858016E+000 -5.889491797692E+000
  8.203325441110E-001  2.260542531518E-001  1.570476171781E+000 -5.833550108900E+000
  8.255225139746E-001  2.341266675368E-001  1.540348413111E+000 -5.776287466977E+000
  8.307437404560E-001  2.420907060230E-001  1.510341467287E+000 -5.717784433566E+000
  8.359964541833E-001  2.499454911691E-001  1.480463949624E+000 -5.658119349956E+000
  8.412808879885E-001  2.576901846896E-001  1.450724209181E+000 -5.597368367712E+000
  8.465972769320E-001  2.653239870805E-001  1.421130332511E+000 -5.535605479998E+000
  8.519458583285E-001  2.728461372424E-001  1.391690147446E+000 -5.472902553530E+000
  8.573268717726E-001  2.802559121018E-001  1.362411226894E+000 -5.409329361090E+000
  8.627405591648E-001  2.875526262289E-001  1.333300892674E+000 -5.344953614551E+000
  8.681871647376E-001  2.947356314551E-001  1.304366219351E+000 -5.279840998353E+000
  8.736669350829E-001  3.018043164880E-001  1.275614038094E+000 -5.214055203366E+000
  8.791801191785E-001  3.087581065248E-001  1.247050940541E+000 -5.147657961095E+000
  8.847269684160E-001  3.155964628656E-001  1.218683282669E+000 -5.080709078168E+000
  8.903077366283E-001  3.223188825253E-001  1.190517188660E+000 -5.013266471064E+000
  8.959226801184E-001  3.289248978446E-001  1.162558554773E+000 -4.945386201016E+000
  9.015720576873E-001  3.354140761013E-001  1.134813053203E+000 -4.877122509059E+000
  9.072561306635E-001  3.417860191209E-001  1.107286135939E+000 -4.808527851168E+000
  9.129751629322E-001  3.480403628872E-001  1.079983038603E+000 -4.739652933440E+000
  9.187294209652E-001  3.541767771537E-001  1.052908784276E+000 -4.670546747286E+000
  9.245191738511E-001  3.601949650545E-001  1.026068187312E+000 -4.601256604585E+000
  9.303446933257E-001  3.660946627162E-001  9.994658571250E-001 -4.531828172764E+000
  9.362062538036E-001  3.718756388706E-001  9.731062019564E-001 -4.462305509768E+000
  9.421041324088E-001  3.775376944675E-001  9.469934326184E-001 -4.392731098886E+000
  9.480386090075E-001  3.830806622892E-001  9.211315662093E-001 -4.323145883395E+000
  9.540099662399E-001  3.885044065657E-001  8.955244298002E-001 -4.253589300994E+000
  9.600184895530E-001  3.938088225906E-001  8.701756640908E-001 -4.184099317998E+000
  9.660644672342E-001  3.989938363392E-001  8.450887270322E-001 -4.114712463266E+000
  9.721481904447E-001  4.040594040869E-001  8.202668974163E-001 -4.045463861828E+000
  9.782699532537E-001  4.090055120298E-001  7.957132784282E-001 -3.976387268197E+000
  9.844300526731E-001  4.138321759061E-001  7.714308011628E-001 -3.907515099336E+000
  9.906287886927E-001  4.185394406191E-001  7.474222281016E-001 -3.838878467260E+000
  9.968664643158E-001  4.231273798626E-001  7.236901565512E-001 -3.770507211255E+000
  1.003143385595E+000  4.275960957465E-001  7.002370220401E-001 -3.702429929691E+000
  1.009459861670E+000  4.319457184254E-001  6.770651016753E-001 -3.634674011418E+000
  1.015816204803E+000  4.361764057276E-001  6.541765174551E-001 -3.567265666725E+000
  1.022212730417E+000  4.402883427870E-001  6.315732395406E-001 -3.500229957848E+000
  1.028649757135E+000  4.442817416756E-001  6.092570894820E-001 -3.433590829019E+000
  1.035127606818E+000  4.481568410385E-001  5.872297434021E-001 -3.367371136038E+000
  1.041646604604E+000  4.519139057301E-001  5.654927351348E-001 -3.301592675364E+000
  1.048207078948E+000  4.555532264522E-001  5.440474593189E-001 -3.236276212710E+000
  1.054809361664E+000  4.590751193938E-001  5.228951744467E-001 -3.171441511145E+000
  1.061453787962E+000  4.624799258724E-001  5.020370058681E-001 -3.107107358679E+000
  1.068140696494E+000  4.657680119771E-001  4.814739487488E-001 -3.043291595350E+000
  1.074870429395E+000  4.689397682133E-001  4.612068709838E-001 -2.980011139783E+000
  1.081643332322E+000  4.719956091487E-001  4.412365160658E-001 -2.917282015240E+000
  1.088459754505E+000  4.749359730615E-001  4.215635059079E-001 -2.855119375143E+000
  1.095320048782E+000  4.777613215893E-001  4.021883436229E-001 -2.793537528077E+000
  1.102224571653E+000  4.804721393801E-001  3.831114162572E-001 -2.732549962276E+000
  1.109173683316E+000  4.830689337447E-001  3.643329974805E-001 -2.672169369579E+000
  1.116167747721E+000  4.855522343097E-001  3.458532502324E-001 -2.612407668875E+000
  1.123207132611E+000  4.879225926733E-001  3.276722293252E-001 -2.553276029024E+000
  1.130292209573E+000  4.901805820607E-001  3.097898840041E-001 -2.494784891269E+000
  1.137423354084E+000  4.923267969823E-001  2.922060604646E-001 -2.436943991133E+000
  1.144600945560E+000  4.943618528921E-001  2.749205043290E-001 -2.379762379812E+000
  1.151825367405E+000  4.962863858475E-001  2.579328630805E-001 -2.323248445069E+000
  1.159097007063E+000  4.981010521703E-001  2.412426884579E-001 -2.267409931625E+000
  1.166416256069E+000  4.998065281086E-001  2.248494388095E-001 -2.212253961068E+000
  1.173783510095E+000  5.014035095001E-001  2.087524814078E-001 -2.157787051273E+000
  1.181199169012E+000  5.028927114354E-001  1.929510947259E-001 -2.104015135351E+000
  1.188663636935E+000  5.042748679234E-001  1.774444706760E-001 -2.050943580121E+000
  1.196177322279E+000  5.055507315563E-001  1.622317168101E-001 -1.998577204132E+000
  1.203740637818E+000  5.067210731766E-001  1.473118584848E-001 -1.946920295215E+000
  1.211354000735E+000  5.077866815435E-001  1.326838409900E-001 -1.895976627610E+000
  1.219017832681E+000  5.087483630013E-001  1.183465316428E-001 -1.845749478638E+000
  1.226732559833E+000  5.096069411472E-001  1.042987218467E-001 -1.796241644954E+000
  1.234498612950E+000  5.103632565007E-001  9.053912911798E-002 -1.747455458383E+000
  1.242316427433E+000  5.110181661731E-001  7.706639907839E-002 -1.699392801336E+000
  1.250186443388E+000  5.115725435368E-001  6.387910741633E-002 -1.652055121836E+000
  1.258109105679E+000  5.120272778967E-001  5.097576181654E-002 -1.605443448145E+000
  1.266084863999E+000  5.123832741601E-001  3.835480385913E-002 -1.559558403009E+000
  1.274114172926E+000  5.126414525084E-001  2.601461088867E-002 -1.514400217535E+000
  1.282197491990E+000  5.128027480682E-001  1.395349785415E-002 -1.469968744696E+000
  1.290335285734E+000  5.128681105834E-001  2.169719120372E-003 -1.426263472488E+000
  1.298528023786E+000  5.128385040868E-001 -9.338529748551E-003 -1.383283536737E+000
  1.306776180919E+000  5.127149065728E-001 -2.057311023279E-002 -1.341027733574E+000
  1.315080237120E+000  5.124983096691E-001 -3.153593912701E-002 -1.299494531578E+000
  1.323440677664E+000  5.121897183100E-001 -4.222898683642E-002 -1.258682083607E+000
  1.331857993175E+000  5.117901504085E-001 -5.265427569824E-002 -1.218588238309E+000
  1.340332679704E+000  5.113006365293E-001 -6.281387832770E-002 -1.179210551348E+000
  1.348865238797E+000  5.107222195618E-001 -7.270991598839E-002 -1.140546296322E+000
  1.357456177571E+000  5.100559543926E-001 -8.234455698601E-002 -1.102592475410E+000
  1.366106008782E+000  5.093029075791E-001 -9.172001508525E-002 -1.065345829734E+000
  1.374815250909E+000  5.084641570219E-001 -1.008385479493E-001 -1.028802849462E+000
  1.383584428224E+000  5.075407916384E-001 -1.097024556011E-001 -9.929597836471E-001
  1.392414070872E+000  5.065339110352E-001 -1.183140789068E-001 -9.578126498129E-001
  1.401304714948E+000  5.054446251818E-001 -1.266757980795E-001 -9.233572433014E-001
  1.410256902580E+000  5.042740540834E-001 -1.347900312045E-001 -8.895891463778E-001
  1.419271182008E+000  5.030233274538E-001 -1.426592327844E-001 -8.565037371083E-001
  1.428348107668E+000  5.016935843884E-001 -1.502858923043E-001 -8.240961980138E-001
  1.437488240275E+000  5.002859730378E-001 -1.576725328165E-001 -7.923615245076E-001
  1.446692146911E+000  4.988016502798E-001 -1.648217095441E-001 -7.612945331223E-001
  1.455960401104E+000  4.972417813935E-001 -1.717360085046E-001 -7.308898695331E-001
  1.465293582927E+000  4.956075397314E-001 -1.784180451506E-001 -7.011420163826E-001
  1.474692279079E+000  4.939001063928E-001 -1.848704630298E-001 -6.720453009127E-001
  1.484157082978E+000  4.921206698969E-001 -1.910959324629E-001 -6.435939024100E-001
  1.493688594856E+000  4.902704258554E-001 -1.970971492389E-001 -6.157818594689E-001
  1.503287421848E+000  4.883505766460E-001 -2.028768333286E-001 -5.886030770771E-001
  1.512954178094E+000  4.863623310852E-001 -2.084377276148E-001 -5.620513335298E-001
  1.522689484827E+000  4.843069041014E-001 -2.137825966398E-001 -5.361202871753E-001
  1.532493970480E+000  4.821855164083E-001 -2.189142253706E-001 -5.108034829974E-001
  1.542368270780E+000  4.799993941778E-001 -2.238354179797E-001 -4.860943590388E-001
  1.552313028853E+000  4.777497687137E-001 -2.285489966433E-001 -4.619862526679E-001
  1.562328895326E+000  4.754378761248E-001 -2.330578003557E-001 -4.384724066955E-001
  1.572416528431E+000  4.730649569988E-001 -2.373646837604E-001 -4.155459753414E-001
  1.582576594115E+000  4.706322560759E-001 -2.414725159969E-001 -3.932000300574E-001
  1.592809766145E+000  4.681410219222E-001 -2.453841795639E-001 -3.714275652078E-001
  1.603116726218E+000  4.655925066044E-001 -2.491025691983E-001 -3.502215036113E-001
  1.613498164078E+000  4.629879653637E-001 -2.526305907705E-001 -3.295747019469E-001
  1.623954777622E+000  4.603286562900E-001 -2.559711601946E-001 -3.094799560261E-001
  1.634487273025E+000  4.576158399969E-001 -2.591272023557E-001 -2.899300059350E-001
  1.645096364848E+000  4.548507792964E-001 -2.621016500510E-001 -2.709175410473E-001
  1.655782776168E+000  4.520347388740E-001 -2.648974429482E-001 -2.524352049114E-001
  1.666547238688E+000  4.491689849645E-001 -2.675175265577E-001 -2.344756000133E-001
  1.677390492873E+000  4.462547850271E-001 -2.699648512215E-001 -2.170312924179E-001
  1.688313288066E+000  4.432934074223E-001 -2.722423711167E-001 -2.000948162897E-001
  1.699316382620E+000  4.402861210877E-001 -2.743530432739E-001 -1.836586782956E-001
  1.710400544029E+000  4.372341952148E-001 -2.762998266113E-001 -1.677153618909E-001
  1.721566549058E+000  4.341388989270E-001 -2.780856809837E-001 -1.522573314909E-001
  1.732815183877E+000  4.310015009560E-001 -2.797135662457E-001 -1.372770365290E-001
  1.744147244202E+000  4.278232693212E-001 -2.811864413311E-001 -1.227669154027E-001
  1.755563535430E+000  4.246054710070E-001 -2.825072633454E-001 -1.087193993102E-001
  1.767064872781E+000  4.213493716428E-001 -2.836789866744E-001 -9.512691597790E-002
  1.778652081442E+000  4.180562351821E-001 -2.847045621063E-001 -8.198189328000E-002
  1.790325996715E+000  4.147273235825E-001 -2.855869359689E-001 -6.927676275290E-002
  1.802087464166E+000  4.113638964866E-001 -2.863290492804E-001 -5.700396300446E-002
  1.813937339772E+000  4.079672109034E-001 -2.869338369154E-001 -4.515594302005E-002
  1.825876490081E+000  4.045385208899E-001 -2.874042267838E-001 -3.372516536658E-002
  1.837905792365E+000  4.010790772337E-001 -2.877431390246E-001 -2.270410929585E-002
  1.850026134778E+000  3.975901271365E-001 -2.879534852127E-001 -1.208527374842E-002
  1.862238416525E+000  3.940729138979E-001 -2.880381675802E-001 -1.861180259509E-003
  1.874543548019E+000  3.905286766002E-001 -2.880000782505E-001  7.975624231931E-003
  1.886942451054E+000  3.869586497940E-001 -2.878420984860E-001  1.743256466954E-002
  1.899436058973E+000  3.833640631845E-001 -2.875670979486E-001  2.651703525990E-002
  1.912025316845E+000  3.797461413189E-001 -2.871779339742E-001  3.523639694556E-002
  1.924711181638E+000  3.761061032747E-001 -2.866774508590E-001  4.359797496935E-002
  1.937494622402E+000  3.724451623485E-001 -2.860684791588E-001  5.160905652840E-002
  1.950376620452E+000  3.687645257468E-001 -2.853538350008E-001  5.927688851660E-002
  1.963358169552E+000  3.650653942767E-001 -2.845363194077E-001  6.660867535383E-002
  1.976440276109E+000  3.613489620389E-001 -2.836187176338E-001  7.361157690047E-002
  1.989623959360E+000  3.576164161207E-001 -2.826037985130E-001  8.029270645561E-002
  2.002910251577E+000  3.538689362917E-001 -2.814943138185E-001  8.665912883733E-002
  2.016300198259E+000  3.501076946992E-001 -2.802929976337E-001  9.271785854337E-002
  2.029794858340E+000  3.463338555662E-001 -2.790025657351E-001  9.847585799051E-002
  2.043395304396E+000  3.425485748905E-001 -2.776257149851E-001  1.039400358309E-001
  2.057102622856E+000  3.387530001452E-001 -2.761651227367E-001  1.091172453438E-001
  2.070917914217E+000  3.349482699812E-001 -2.746234462486E-001  1.140142828999E-001
  2.084842293261E+000  3.311355139308E-001 -2.730033221102E-001  1.186378864984E-001
  2.098876889283E+000  3.273158521138E-001 -2.713073656773E-001  1.229947343725E-001
  2.113022846310E+000  3.234903949453E-001 -2.695381705182E-001  1.270914436636E-001
  2.127281323341E+000  3.196602428450E-001 -2.676983078687E-001  1.309345691600E-001
  2.141653494575E+000  3.158264859497E-001 -2.657903260978E-001  1.345306021009E-001
  2.156140549656E+000  3.119902038270E-001 -2.638167501821E-001  1.378859690410E-001
  2.170743693911E+000  3.081524651918E-001 -2.617800811898E-001  1.410070307751E-001
  2.185464148607E+000  3.043143276257E-001 -2.596827957745E-001  1.439000813207E-001
  2.200303151197E+000  3.004768372982E-001 -2.575273456766E-001  1.465713469562E-001
  2.215261955581E+000  2.966410286914E-001 -2.553161572353E-001  1.490269853123E-001
  2.230341832367E+000  2.928079243272E-001 -2.530516309079E-001  1.512730845154E-001
  2.245544069142E+000  2.889785344977E-001 -2.507361407983E-001  1.533156623801E-001
  2.260869970742E+000  2.851538569990E-001 -2.483720341948E-001  1.551606656499E-001
  2.276320859530E+000  2.813348768681E-001 -2.459616311150E-001  1.568139692817E-001
  2.291898075679E+000  2.775225661235E-001 -2.435072238600E-001  1.582813757759E-001
  2.307602977460E+000  2.737178835096E-001 -2.410110765771E-001  1.595686145456E-001
  2.323436941540E+000  2.699217742450E-001 -2.384754248300E-001  1.606813413270E-001
  2.339401363274E+000  2.661351697751E-001 -2.359024751782E-001  1.616251376263E-001
  2.355497657016E+000  2.623589875283E-001 -2.332944047646E-001  1.624055102025E-001
  2.371727256428E+000  2.585941306779E-001 -2.306533609109E-001  1.630278905835E-001
  2.388091614797E+000  2.548414879076E-001 -2.279814607222E-001  1.634976346152E-001
  2.404592205358E+000  2.511019331826E-001 -2.252807906998E-001  1.638200220393E-001
  2.421230521622E+000  2.473763255258E-001 -2.225534063626E-001  1.640002561010E-001
  2.438008077714E+000  2.436655087988E-001 -2.198013318774E-001  1.640434631826E-001
  2.454926408713E+000  2.399703114898E-001 -2.170265596980E-001  1.639546924631E-001
  2.471987071003E+000  2.362915465056E-001 -2.142310502136E-001  1.637389156014E-001
  2.489191642624E+000  2.326300109711E-001 -2.114167314064E-001  1.634010264421E-001
  2.506541723641E+000  2.289864860346E-001 -2.085854985187E-001  1.629458407422E-001
  2.524038936507E+000  2.253617366795E-001 -2.057392137296E-001  1.623780959188E-001
  2.541684926444E+000  2.217565115431E-001 -2.028797058425E-001  1.617024508146E-001
  2.559481361827E+000  2.181715427421E-001 -2.000087699818E-001  1.609234854819E-001
  2.577429934572E+000  2.146075457058E-001 -1.971281673014E-001  1.600457009836E-001
  2.595532360540E+000  2.110652190167E-001 -1.942396247035E-001  1.590735192104E-001
  2.613790379943E+000  2.075452442587E-001 -1.913448345694E-001  1.580112827136E-001
  2.632205757760E+000  2.040482858733E-001 -1.884454545010E-001  1.568632545526E-001
  2.650780284158E+000  2.005749910248E-001 -1.855431070760E-001  1.556336181569E-001
  2.669515774928E+000  1.971259894730E-001 -1.826393796145E-001  1.543264772028E-001
  2.688414071925E+000  1.937018934553E-001 -1.797358239592E-001  1.529458555036E-001
  2.707477043518E+000  1.903032975776E-001 -1.768339562692E-001  1.514956969129E-001
  2.726706585047E+000  1.869307787148E-001 -1.739352568274E-001  1.499798652429E-001
  2.746104619295E+000  1.835848959201E-001 -1.710411698625E-001  1.484021441959E-001
  2.765673096964E+000  1.802661903445E-001 -1.681531033868E-001  1.467662373093E-001
  2.785413997161E+000  1.769751851660E-001 -1.652724290479E-001  1.450757679161E-001
  2.805329327899E+000  1.737123855290E-001 -1.624004819982E-001  1.433342791192E-001
  2.825421126601E+000  1.704782784941E-001 -1.595385607794E-001  1.415452337814E-001
  2.845691460623E+000  1.672733329977E-001 -1.566879272254E-001  1.397120145312E-001
  2.866142427776E+000  1.640979998237E-001 -1.538498063815E-001  1.378379237852E-001
  2.886776156875E+000  1.609527115843E-001 -1.510253864431E-001  1.359261837880E-001
  2.907594808280E+000  1.578378827130E-001 -1.482158187115E-001  1.339799366703E-001
  2.928600574467E+000  1.547539094684E-001 -1.454222175705E-001  1.320022445261E-001
  2.949795680597E+000  1.517011699490E-001 -1.426456604811E-001  1.299960895106E-001
  2.971182385105E+000  1.486800241197E-001 -1.398871879976E-001  1.279643739588E-001
  2.992762980296E+000  1.456908138495E-001 -1.371478038035E-001  1.259099205274E-001
  3.014539792958E+000  1.427338629608E-001 -1.344284747688E-001  1.238354723600E-001
  3.036515184988E+000  1.398094772902E-001 -1.317301310285E-001  1.217436932772E-001
  3.058691554023E+000  1.369179447612E-001 -1.290536660838E-001  1.196371679933E-001
  3.081071334099E+000  1.340595354682E-001 -1.263999369246E-001  1.175184023602E-001
  3.103656996309E+000  1.312345017723E-001 -1.237697641750E-001  1.153898236407E-001
  3.126451049484E+000  1.284430784084E-001 -1.211639322624E-001  1.132537808113E-001
  3.149456040888E+000  1.256854826048E-001 -1.185831896085E-001  1.111125448974E-001
  3.172674556926E+000  1.229619142126E-001 -1.160282488452E-001  1.089683093405E-001
  3.196109223865E+000  1.202725558488E-001 -1.134997870534E-001  1.068231904004E-001
  3.219762708576E+000  1.176175730481E-001 -1.109984460254E-001  1.046792275919E-001
  3.243637719289E+000  1.149971144284E-001 -1.085248325522E-001  1.025383841592E-001
  3.267737006362E+000  1.124113118651E-001 -1.060795187339E-001  1.004025475869E-001
  3.292063363076E+000  1.098602806780E-001 -1.036630423148E-001  9.827353015105E-002
  3.316619626434E+000  1.073441198276E-001 -1.012759070417E-001  9.615306950926E-002
  3.341408677987E+000  1.048629121220E-001 -9.891858304710E-002  9.404282933225E-002
  3.366433444679E+000  1.024167244348E-001 -9.659150725521E-002  9.194439997692E-002
  3.391696899702E+000  1.000056079314E-001 -9.429508381214E-002  8.985929920199E-002
  3.417202063379E+000  9.762959830619E-002 -9.202968453895E-002  8.778897292692E-002
  3.442952004065E+000  9.528871602800E-002 -8.979564940780E-002  8.573479603447E-002
  3.468949839059E+000  9.298296659485E-002 -8.759328704056E-002  8.369807321752E-002
  3.495198735552E+000  9.071234079714E-002 -8.542287522956E-002  8.168003987035E-002
  3.521701911582E+000  8.847681498883E-002 -8.328466147975E-002  7.968186302459E-002
  3.548462637020E+000  8.627635136636E-002 -8.117886357201E-002  7.770464232977E-002
  3.575484234572E+000  8.411089825478E-002 -7.910567014661E-002  7.574941107855E-002
  3.602770080809E+000  8.198039040065E-002 -7.706524130643E-002  7.381713727615E-002
  3.630323607217E+000  7.988474927130E-002 -7.505770923887E-002  7.190872475365E-002
  3.658148301271E+000  7.782388335978E-002 -7.308317885595E-002  7.002501432463E-002
  3.686247707537E+000  7.579768849524E-002 -7.114172845137E-002  6.816678498430E-002
  3.714625428793E+000  7.380604815803E-002 -6.923341037387E-002  6.633475515030E-002
  3.743285127184E+000  7.184883379905E-002 -6.735825171570E-002  6.452958394408E-002
  3.772230525397E+000  6.992590516278E-002 -6.551625501525E-002  6.275187251160E-002
  3.801465407866E+000  6.803711061349E-002 -6.370739897264E-002  6.100216538209E-002
  3.830993622005E+000  6.618228746400E-002 -6.193163917727E-002  5.928095186309E-002
  3.860819079470E+000  6.436126230646E-002 -6.018890884591E-002  5.758866747040E-002
  3.890945757450E+000  6.257385134453E-002 -5.847911957027E-002  5.592569539074E-002
  3.921377699988E+000  6.081986072648E-002 -5.680216207276E-002  5.429236797535E-002
  3.952119019336E+000  5.909908687846E-002 -5.515790696896E-002  5.268896826237E-002
  3.983173897337E+000  5.741131683760E-002 -5.354620553567E-002  5.111573152558E-002
  4.014546586845E+000  5.575632858412E-002 -5.196689048299E-002  4.957284684722E-002
  4.046241413173E+000  5.413389137209E-002 -5.041977672926E-002  4.806045871236E-002
  4.078262775585E+000  5.254376605813E-002 -4.890466217711E-002  4.657866862206E-002
  4.110615148813E+000  5.098570542766E-002 -4.742132848964E-002  4.512753672271E-002
  4.143303084620E+000  4.945945451797E-002 -4.596954186488E-002  4.370708344862E-002
  4.176331213391E+000  4.796475093778E-002 -4.454905380746E-002  4.231729117496E-002
  4.209704245774E+000  4.650132518270E-002 -4.315960189580E-002  4.095810587807E-002
  4.243426974351E+000  4.506890094610E-002 -4.180091054358E-002  3.962943880006E-002
  4.277504275353E+000  4.366719542500E-002 -4.047269175409E-002  3.833116811459E-002
  4.311941110423E+000  4.229591962041E-002 -3.917464586594E-002  3.706314059072E-002
  4.346742528412E+000  4.095477863192E-002 -3.790646228899E-002  3.582517325162E-002
  4.381913667228E+000  3.964347194598E-002 -3.666782022904E-002  3.461705502503E-002
  4.417459755726E+000  3.836169371757E-002 -3.545838940010E-002  3.343854838226E-002
  4.453386115645E+000  3.710913304500E-002 -3.427783072294E-002  3.228939096253E-002
  4.489698163598E+000  3.588547423752E-002 -3.312579700876E-002  3.116929717974E-002
  4.526401413105E+000  3.469039707541E-002 -3.200193362697E-002  3.007795980827E-002
  4.563501476684E+000  3.352357706255E-002 -3.090587915579E-002  2.901505154517E-002
  4.601004067991E+000  3.238468567098E-002 -2.983726601491E-002  2.798022654544E-002
  4.638915004011E+000  3.127339057770E-002 -2.879572107908E-002  2.697312192793E-002
  4.677240207311E+000  3.018935589323E-002 -2.778086627195E-002  2.599335924874E-002
  4.715985708351E+000  2.913224238217E-002 -2.679231913922E-002  2.504054593978E-002
  4.755157647843E+000  2.810170767556E-002 -2.582969340052E-002  2.411427670986E-002
  4.794762279187E+000  2.709740647522E-002 -2.489259947939E-002  2.321413490584E-002
  4.834805970953E+000  2.611899074997E-002 -2.398064501073E-002  2.233969383191E-002
  4.875295209443E+000  2.516610992400E-002 -2.309343532543E-002  2.149051802458E-002
  4.916236601308E+000  2.423841105739E-002 -2.223057391181E-002  2.066616448179E-002
  4.957636876237E+000  2.333553901918E-002 -2.139166285347E-002  1.986618384422E-002
  4.999502889720E+000  2.245713665294E-002 -2.057630324362E-002  1.909012152738E-002
  5.041841625875E+000  2.160284493542E-002 -1.978409557569E-002  1.833751880316E-002
  5.084660200360E+000  2.077230312825E-002 -1.901464011033E-002  1.760791382954E-002
  5.127965863354E+000  1.996514892342E-002 -1.826753721883E-002  1.690084262781E-002
  5.171766002619E+000  1.918101858252E-002 -1.754238770336E-002  1.621584000625E-002
  5.216068146649E+000  1.841954707048E-002 -1.683879309420E-002  1.555244043006E-002
  5.260879967894E+000  1.768036818399E-002 -1.615635592449E-002  1.491017883701E-002
  5.306209286078E+000  1.696311467526E-002 -1.549467998289E-002  1.428859139882E-002
  5.352064071605E+000  1.626741837148E-002 -1.485337054491E-002  1.368721622847E-002
  5.398452449055E+000  1.559291029052E-002 -1.423203458337E-002  1.310559403360E-002
  5.445382700775E+000  1.493922075347E-002 -1.363028095898E-002  1.254326871668E-002
  5.492863270572E+000  1.430597949443E-002 -1.304772059163E-002  1.199978792269E-002
  5.540902767504E+000  1.369281576818E-002 -1.248396661354E-002  1.147470353512E-002
  5.589509969774E+000  1.309935845629E-002 -1.193863450501E-002  1.096757212166E-002
  5.638693828737E+000  1.252523617224E-002 -1.141134221393E-002  1.047795533064E-002
  5.688463473008E+000  1.197007736601E-002 -1.090171026004E-002  1.000542023992E-002
  5.738828212699E+000  1.143351042885E-002 -1.040936182515E-002  9.549539659735E-003
  5.789797543759E+000  1.091516379864E-002 -9.933922830357E-003  9.109892391417E-003
  5.841381152447E+000  1.041466606647E-002 -9.475022001565E-003  8.686063443877E-003
  5.893588919926E+000  9.931646084902E-003 -9.032290924423E-003  8.277644209943E-003
  5.946430926988E+000  9.465733078375E-003 -8.605364089948E-003  7.884232604751E-003
  5.999917458910E+000  9.016556756360E-003 -8.193878932070E-003  7.505433168485E-003
  6.054059010457E+000  8.583747429538E-003 -7.797475858301E-003  7.140857135837E-003
  6.108866291020E+000  8.166936129511E-003 -7.415798274772E-003  6.790122474653E-003
  6.164350229902E+000  7.765754732384E-003 -7.048492606843E-003  6.452853896253E-003
  6.220521981762E+000  7.379836086538E-003 -6.695208316444E-003  6.128682839989E-003
  6.277392932215E+000  7.008814144900E-003 -6.355597917322E-003  5.817247434596E-003
  6.334974703589E+000  6.652324101921E-003 -6.029316989279E-003  5.518192438912E-003
  6.393279160860E+000  6.310002535465E-003 -5.716024192471E-003  5.231169164545E-003
  6.452318417752E+000  5.981487553737E-003 -5.415381282770E-003  4.955835383014E-003
  6.512104843026E+000  5.666418947323E-003 -5.127053129125E-003  4.691855219863E-003
  6.572651066946E+000  5.364438346371E-003 -4.850707733801E-003  4.438899038213E-003
  6.633969987942E+000  5.075189382866E-003 -4.586016256298E-003  4.196643314089E-003
  6.696074779472E+000  4.798317857907E-003 -4.332653041660E-003  3.964770505843E-003
  6.758978897091E+000  4.533471913820E-003 -4.090295653817E-003  3.742968919842E-003
  6.822696085726E+000  4.280302210899E-003 -3.858624914510E-003  3.530932574511E-003
  6.887240387180E+000  4.038462108477E-003 -3.637324948245E-003  3.328361064671E-003
  6.952626147859E+000  3.807607850001E-003 -3.426083233645E-003  3.134959428021E-003
  7.018868026732E+000  3.587398751696E-003 -3.224590661453E-003  2.950438015418E-003
  7.085981003543E+000  3.377497394377E-003 -3.032541599369E-003  2.774512366506E-003
  7.153980387268E+000  3.177569817876E-003 -2.849633963765E-003  2.606903092056E-003
  7.222881824836E+000  2.987285717525E-003 -2.675569298260E-003  2.447335764232E-003
  7.292701310121E+000  2.806318642087E-003 -2.510052859024E-003  2.295540815833E-003
  7.363455193219E+000  2.634346192446E-003 -2.352793706575E-003  2.151253449364E-003
  7.435160190001E+000  2.471050220377E-003 -2.203504803760E-003  2.014213556671E-003
  7.507833391988E+000  2.316117026626E-003 -2.061903119507E-003  1.884165649636E-003
  7.581492276516E+000  2.169237557538E-003 -1.927709737846E-003  1.760858802323E-003
  7.656154717242E+000  2.030107599411E-003 -1.800649971630E-003  1.644046604747E-003
  7.731838994973E+000  1.898427969758E-003 -1.680453480306E-003  1.533487128307E-003
  7.808563808847E+000  1.773904704612E-003 -1.566854390997E-003  1.428942902762E-003
  7.886348287874E+000  1.656249241033E-003 -1.459591422142E-003  1.330180904451E-003
  7.965212002848E+000  1.545178593933E-003 -1.358408008818E-003  1.236972555359E-003
  8.045174978646E+000  1.440415526368E-003 -1.263052428887E-003  1.149093732465E-003
  8.126257706932E+000  1.341688712443E-003 -1.173277929031E-003  1.066324786686E-003
  8.208481159274E+000  1.248732891974E-003 -1.088842849715E-003  9.884505706349E-004
  8.291866800694E+000  1.161289016113E-003 -1.009510748118E-003  9.152604742977E-004
  8.376436603664E+000  1.079104383123E-003 -9.350505180198E-004  8.465484676413E-004
  8.462213062574E+000  1.001932763562E-003 -8.652365056782E-004  7.821131491009E-004
  8.549219208676E+000  9.295345141627E-004 -7.998486206919E-004  7.217577988243E-004
  8.637478625536E+000  8.616766797366E-004 -7.386724408944E-004  6.652904355047E-004
  8.727015464999E+000  7.981330824968E-004 -6.814993103305E-004  6.125238756001E-004
  8.817854463709E+000  7.386843982491E-004 -6.281264294094E-004  5.632757937152E-004
  8.910020960175E+000  6.831182189640E-004 -5.783569363702E-004  5.173687829183E-004
  9.003540912431E+000  6.312291013171E-004 -5.319999792476E-004  4.746304137694E-004
  9.098440916308E+000  5.828186008556E-004 -4.888707775834E-004  4.348932908610E-004
  9.194748224321E+000  5.376952915304E-004 -4.487906732002E-004  3.979951057024E-004
  9.292490765233E+000  4.956747704139E-004 -4.115871694238E-004  3.637786848282E-004
  9.391697164283E+000  4.565796475077E-004 -3.770939582240E-004  3.320920320677E-004
  9.492396764138E+000  4.202395206328E-004 -3.451509348259E-004  3.027883639797E-004
  9.594619646576E+000  3.864909354792E-004 -3.156041994372E-004  2.757261375384E-004
  9.698396654938E+000  3.551773309840E-004 -2.883060458276E-004  2.507690692403E-004
  9.803759417385E+000  3.261489702930E-004 -2.631149365954E-004  2.277861448990E-004
  9.910740370981E+000  2.992628576470E-004 -2.398954650525E-004  2.066516194957E-004
  1.001937278665E+001  2.743826416215E-004 -2.185183037618E-004  1.872450065601E-004
  1.012969079502E+001  2.513785052296E-004 -1.988601398566E-004  1.694510566691E-004
  1.024172941323E+001  2.301270434765E-004 -1.808035973727E-004  1.531597247611E-004
  1.035552457272E+001  2.105111290308E-004 -1.642371469192E-004  1.382661260848E-004
  1.047111314798E+001  1.924197667467E-004 -1.490550031086E-004  1.246704807114E-004
  1.058853298647E+001  1.757479378353E-004 -1.351570102537E-004  1.122780466591E-004
  1.070782293953E+001  1.603964345435E-004 -1.224485169285E-004  1.009990417873E-004
  1.082902289454E+001  1.462716862482E-004 -1.108402400629E-004  9.074855473026E-005
  1.095217380826E+001  1.332855779183E-004 -1.002481193215E-004  8.144644524281E-005
  1.107731774137E+001  1.213552619349E-004 -9.059316257438E-005  7.301723442993E-005
  1.120449789442E+001  1.104029642841E-004 -8.180128333318E-005  6.538998542412E-005
  1.133375864507E+001  1.003557861606E-004 -7.380313106817E-005  5.849817515931E-005
  1.146514558681E+001  9.114550202678E-005 -6.653391536790E-005  5.227955796561E-005
  1.159870556913E+001  8.270835517653E-005 -5.993322493070E-005  4.667602177611E-005
  1.173448673928E+001  7.498485184282E-005 -5.394484240031E-005  4.163343779420E-005
  1.187253858566E+001  6.791955487381E-005 -4.851655606904E-005  3.710150451606E-005
  1.201291198287E+001  6.146087797530E-005 -4.359996947406E-005  3.303358703964E-005
  1.215565923859E+001  5.556088148458E-005 -3.915030990398E-005  2.938655261608E-005
  1.230083414231E+001  5.017507059824E-005 -3.512623681584E-005  2.612060341422E-005
  1.244849201595E+001  4.526219692719E-005 -3.148965113508E-005  2.319910747180E-005
  1.259868976657E+001  4.078406419554E-005 -2.820550637550E-005  2.058842879986E-005
  1.275148594119E+001  3.670533883671E-005 -2.524162247176E-005  1.825775758888E-005
  1.290694078384E+001  3.299336617203E-005 -2.256850316454E-005  1.617894143744E-005
  1.306511629490E+001  2.961799278313E-005 -2.015915771943E-005  1.432631848702E-005
  1.322607629292E+001  2.655139561251E-005 -1.798892769477E-005  1.267655330071E-005
  1.338988647898E+001  2.376791824648E-005 -1.603531940257E-005  1.120847626967E-005
  1.355661450375E+001  2.124391475236E-005 -1.427784263133E-005  9.902927270279E-006
  1.372633003727E+001  1.895760135920E-005 -1.269785612032E-005  8.742604228079E-006
  1.389910484176E+001  1.688891618827E-005 -1.127842019384E-005  7.711917172468E-006
  1.407501284743E+001  1.501938715818E-005 -1.000415688101E-005  6.796848290103E-006
  1.425413023161E+001  1.333200811023E-005 -8.861117764231E-006  5.984818406265E-006
  1.443653550117E+001  1.181112312343E-005 -7.836659717111E-006  5.264560242881E-006
  1.462230957852E+001  1.044231891697E-005 -6.919328612991E-006  4.625998720909E-006
  1.481153589140E+001  9.212325170876E-006 -6.098751008068E-006  4.060138494422E-006
  1.500430046649E+001  8.108922534751E-006 -5.365533730143E-006  3.558958825029E-006
  1.520069202718E+001  7.120858039849E-006 -4.711171235785E-006  3.115315829433E-006
  1.540080209569E+001  6.237767582250E-006 -4.127960536127E-006  2.722852060761E-006
  1.560472509963E+001  5.450105104852E-006 -3.608923435266E-006  2.375913316866E-006
  1.581255848342E+001  4.749078073625E-006 -3.147735775780E-006  2.069472506795E-006
  1.602440282470E+001  4.126588819166E-006 -2.738663343852E-006  1.799060350771E-006
  1.624036195599E+001  3.575181298155E-006 -2.376504051944E-006  1.560702639875E-006
  1.646054309190E+001  3.087992820660E-006 -2.056535990288E-006  1.350863739577E-006
  1.668505696224E+001  2.658710288056E-006 -1.774470919479E-006  1.166395986680E-006
  1.691401795117E+001  2.281530492295E-006 -1.526412765160E-006  1.004494602092E-006
  1.714754424293E+001  1.951124039782E-006 -1.308820671834E-006  8.626577223620E-007
  1.738575797433E+001  1.662602481507E-006 -1.118476175842E-006  7.386511406755E-007
  1.762878539445E+001  1.411488254751E-006 -9.524540670341E-007  6.304773429816E-007
  1.787675703191E+001  1.193687069568E-006 -8.080965238799E-007  5.363484264935E-007
  1.812980787015E+001  1.005462404724E-006 -6.829901271508E-007  4.546624955796E-007
  1.838807753110E+001  8.434118117085E-007 -5.749453819274E-007  3.839831433498E-007
  1.865171046781E+001  7.044447610675E-007 -4.819784058057E-007  3.230216453585E-007
  1.892085616642E+001  5.857618015592E-007 -4.022944718528E-007  2.706215140231E-007
  1.919566935809E+001  4.848348388037E-007 -3.342731272653E-007  2.257450877839E-007
  1.947631024137E+001  3.993883751699E-007 -2.764546419273E-007  1.874618568895E-007
  1.976294471571E+001  3.273815860082E-007 -2.275275743414E-007  1.549382571446E-007
  2.005574462663E+001  2.669911382618E-007 -1.863172749456E-007  1.274286932217E-007
  2.035488802332E+001  2.165946854448E-007 -1.517751779459E-007  1.042675834446E-007
  2.066055942930E+001  1.747549975382E-007 -1.229687618918E-007  8.486224761250E-008
  2.097295012706E+001  1.402047052100E-007 -9.907208581177E-008  6.868648783446E-008
  2.129225845729E+001  1.118316547512E-007 -7.935683142250E-008  5.527473895133E-008
  2.161869013374E+001  8.866488318450E-008 -6.318380246806E-008  4.421668951749E-008
  2.195245857462E+001  6.986123223457E-008 -4.999484948999E-008  3.515229616939E-008
  2.229378525140E+001  5.469262542716E-008 -3.930520223890E-008  2.776713331143E-008
  2.264290005632E+001  4.253403481956E-008 -3.069620259120E-008  2.178803629046E-008
  2.300004168951E+001  3.285216311425E-008 -2.380843839871E-008  1.697900959997E-008
  2.336545806705E+001  2.519486362545E-008 -1.833528342819E-008  1.313738223507E-008
  2.373940675129E+001  1.918131523251E-008 -1.401685076104E-008  1.009020027220E-008
  2.412215540475E+001  1.449296257552E-008 -1.063436708881E-008  7.690852301052E-009
  2.451398226921E+001  1.086522383798E-008 -8.004973658527E-009  5.815926771224E-009
  2.491517667142E+001  8.079960013097E-009 -5.976956603847E-009  4.362301947397E-009
  2.532603955735E+001  5.958691023576E-009 -4.425405453400E-009  3.244469329045E-009
  2.574688405660E+001  4.356535869626E-009 -3.248294122945E-009  2.392090423169E-009
  2.617803607920E+001  3.156846464165E-009 -2.362974027226E-009  1.747784989061E-009
  2.661983494664E+001  2.266498255527E-009 -1.703064399522E-009  1.265146608828E-009
  2.707263405971E+001  1.611795339634E-009 -1.215720737652E-009  9.069789494006E-010
  2.753680160532E+001  1.134943653123E-009 -8.592587028818E-010  6.437436039618E-010
  2.801272130518E+001  7.910430708031E-010 -6.011079218547E-010  4.522081211537E-010
  2.850079320900E+001  5.455477931604E-010 -4.160680625586E-010  3.142808901514E-010
  2.900143453541E+001  3.721442313692E-010 -2.848383009256E-010  2.160180433541E-010
  2.951508056378E+001  2.509965601483E-010 -1.927908451803E-010  1.467865170893E-010
  3.004218558064E+001  1.673120577303E-010 -1.289594811784E-010  9.856688655748E-011
  3.058322388437E+001  1.101811085555E-010 -8.521505411469E-011  6.537954366664E-011
  3.113869085248E+001  7.165011718430E-011 -5.560129952934E-011  4.281816909597E-011
  3.170910407585E+001  4.598937970451E-011 -3.580635725673E-011  2.767519814379E-011
  3.229500456485E+001  2.912199875761E-011 -2.274752048100E-011  1.764501776862E-011
  3.289695803249E+001  1.818404409073E-011 -1.424916741388E-011  1.109187937548E-011
  3.351555626047E+001  1.119020869395E-011 -8.796284704330E-012  6.870889323249E-012
  3.415141855403E+001  6.783073760461E-012 -5.348423781798E-012  4.191873848234E-012
  3.480519329257E+001  4.047684437428E-012 -3.201255809893E-012  2.517343588163E-012
  3.547755958299E+001  2.376390755490E-012 -1.885048515769E-012  1.487153239075E-012
  3.616922902393E+001  1.371788179077E-012 -1.091338277180E-012  8.637247625921E-013
  3.688094758921E+001  7.780866478536E-013 -6.207902663500E-013  4.928511664281E-013
  3.761349763993E+001  4.333515124516E-013 -3.467201372664E-013  2.761069798821E-013
  3.836770007534E+001  2.368149176723E-013 -1.899971555205E-013  1.517559736703E-013
  3.914441663347E+001  1.268829954289E-013 -1.020747962472E-013  8.176943127589E-014
  3.994455235367E+001  6.660027190095E-014 -5.372126266820E-014  4.315849109463E-014
  4.076905821405E+001  3.421855785732E-014 -2.767358198150E-014  2.229498982831E-014
  4.161893395835E+001  1.719398939863E-014 -1.394095267456E-014  1.126239996254E-014
  4.249523112779E+001  8.441449732506E-015 -6.861576825246E-015  5.558200403665E-015
  4.339905631520E+001  4.045365986176E-015 -3.296363420188E-015  2.677273736832E-015
  4.433157466006E+001  1.890389897696E-015 -1.544111400483E-015  1.257360578475E-015
  4.529401360538E+001  8.604509369872E-016 -7.045036420983E-016  5.751280162888E-016
  4.628766693861E+001  3.810524528492E-016 -3.127173760632E-016  2.559236185278E-016
  4.731389914191E+001  1.639845097470E-016 -1.348840964900E-016  1.106556573752E-016
  4.837415007871E+001  6.848992564677E-017 -5.646198594285E-017  4.643029415289E-017
  4.946994004686E+001  2.772500930116E-017 -2.290624313307E-017  1.888034327441E-017
  5.060287523143E+001  1.086225523397E-017 -8.993657989181E-018  7.429881310291E-018
  5.177465359367E+001  4.112617397514E-018 -3.412327209488E-018  2.825301762700E-018
  5.298707123650E+001  1.502364794375E-018 -1.249124873272E-018  1.036497553625E-018
  5.424202929116E+001  5.286393192400E-019 -4.404234359853E-019  3.662360551608E-019
  5.554154137419E+001  1.788525788660E-019 -1.493032858628E-019  1.244138391043E-019
  5.688774166961E+001  5.807118934036E-020 -4.857145053685E-020  4.055737490693E-020
  5.828289369667E+001  1.805859995113E-020 -1.513330917393E-020  1.266173673316E-020
  5.972939983075E+001  5.367099425907E-021 -4.506117461618E-021  3.777583222548E-021
  6.122981165190E+001  1.521051978125E-021 -1.279392519220E-021  1.074606372958E-021
  6.278684120462E+001  4.100642214062E-022 -3.455354673683E-022  2.907733376588E-022
  6.440337326150E+001  1.048940429025E-022 -8.854355748375E-023  7.464794966555E-023
  6.608247869451E+001  2.538964224101E-023 -2.146904678526E-023  1.813241330833E-023
  6.782742906960E+001  5.798386321489E-024 -4.911320491033E-024  4.155337947028E-024
  6.964171259434E+001  1.245537038966E-024 -1.056739358583E-024  8.956221111787E-025
  7.152905156377E+001  2.508236968279E-025 -2.131499906851E-025  1.809568503802E-025
  7.349342146763E+001  4.718547502975E-026 -4.016208522044E-026  3.415253907718E-026
  7.553907194217E+001  8.261049007465E-027 -7.042391694244E-027  5.998304375188E-027
  7.767054977292E+001  1.340581774834E-027 -1.144567644763E-027  9.764189645876E-028
  7.989272418113E+001  2.007714232857E-028 -1.716720422143E-028  1.466782959554E-028
  8.221081465675E+001  2.762132273847E-029 -2.365256457413E-029  2.023957833688E-029
  8.463042163523E+001  3.473417017338E-030 -2.978609452999E-030  2.552580206943E-030
  8.715756035520E+001  3.971132675033E-031 -3.410208223412E-031  2.926680220877E-031
  8.979869827958E+001  4.104088625646E-032 -3.529232696557E-032  3.033118626723E-032
  9.256079651532E+001  3.810416235712E-033 -3.281107388793E-033  2.823779015966E-033
  9.545135572765E+001  3.157044992287E-034 -2.722079807255E-034  2.345843032202E-034
  9.847846711487E+001  2.317459358775E-035 -2.000746432305E-035  1.726493254915E-035
  1.016508690915E+002  1.495498045122E-036 -1.292747142632E-036  1.116987454282E-036
  1.049780104220E+002  8.412901775565E-038 -7.281309959610E-038  6.299316884843E-038
  1.084701206579E+002  4.088208867946E-039 -3.542591432220E-039  3.068610744268E-039
  1.121382888606E+002  1.699242113624E-040 -1.474198773002E-040  1.278501822093E-040
  1.159945517414E+002  5.976575229152E-042 -5.191043034748E-042  4.507258698311E-042
  1.200519925308E+002  1.758160199109E-043 -1.528801034805E-043  1.328952774323E-043
  1.243248520934E+002  4.271281858856E-045 -3.718176710304E-045  3.235770369073E-045
  1.288286540551E+002  8.451596972748E-047 -7.365105729557E-047  6.416589974532E-047
  1.335803459987E+002  1.341635352378E-048 -1.170394849685E-048  1.020760994722E-048
  1.385984591287E+002  1.680603011645E-050 -1.467608380166E-050  1.281318536847E-050
  1.439032892205E+002  1.631419076203E-052 -1.426091184682E-052  1.246345790950E-052
  1.495171021587E+002  1.203111083523E-054 -1.052722522191E-054  9.209556815319E-055
  1.554643679592E+002  6.594775880110E-057 -5.775964331675E-057  5.057923655887E-057
  1.617720278763E+002  2.623030338502E-059 -2.299503249796E-059  2.015553299838E-059
  1.684698000514E+002  7.372115486739E-062 -6.468732599765E-062  5.675206147115E-062
  1.755905301928E+002  1.421767394790E-064 -1.248654249305E-064  1.096469762273E-064
  1.831705950299E+002  1.821391596734E-067 -1.601009472238E-067  1.407117461591E-067
  1.912503678195E+002  1.495047540976E-070 -1.315264075818E-070  1.156968430300E-070
  1.998747570544E+002  7.553713866612E-074 -6.650839045306E-074  5.855275396261E-074
  2.090938318328E+002  2.246426545889E-077 -1.979505722328E-077  1.744136029478E-077
  2.189635501945E+002  3.740543053614E-081 -3.298668028507E-081  2.908743286699E-081
  2.295466102647E+002  3.297264837455E-085 -2.909967132570E-085  2.567962412622E-085
  2.409134484547E+002  1.444804654806E-089 -1.276041112522E-089  1.126911372794E-089
  2.531434144886E+002  2.931544971681E-094 -2.590982362514E-094  2.289838733623E-094
  2.663261599835E+002  2.542195251653E-099 -2.248434965443E-099  1.988506678557E-099
  2.805632861191E+002  8.603896002670E-105 -7.614850313810E-105  6.739154561860E-105
  2.959703071532E+002  1.024936839432E-110 -9.077148887569E-111  8.038628662094E-111
  3.126790009236E+002  3.819754486781E-117 -3.385052213452E-117  2.999698303965E-117
  3.308402360200E+002  3.891441438877E-124 -3.450718226765E-124  3.059797804793E-124
  3.506273893903E+002  9.280540238992E-132 -8.234418213899E-132  7.305981930587E-132
  3.722404996260E+002  4.332218835219E-140 -3.846115964807E-140  3.414459718576E-140
  3.959113426415E+002  3.217143223279E-149 -2.857764550229E-149  2.538467428211E-149
  4.219096715122E+002  2.985637286892E-159 -2.653560292102E-159  2.358366556496E-159
  4.505509359373E+002  2.611122347064E-170 -2.321917963873E-170  2.064705709736E-170
  4.822058963204E+002  1.544371770780E-182 -1.374014057910E-182  1.222427802042E-182
  5.173126831536E+002  4.173742650285E-196 -3.715152606586E-196  3.306902131940E-196
  5.563920392209E+002  3.233991142266E-211 -2.880006996125E-211  2.564736915979E-211
  6.000667421536E+002  4.114361391675E-228 -3.665666856131E-228  3.265869960171E-228
  6.490865708786E+002  4.392759326211E-247 -3.915398543787E-247  3.489880584542E-247
  7.043607010442E+002  1.744107831315E-268 -1.555221055176E-268  1.386779956658E-268
  7.670001674974E+002  9.524254385286E-293 -8.496152168648E-293  7.578979729845E-293
  8.383741345464E+002  0.000000000000E+000  0.000000000000E+000  0.000000000000E+000
  9.201853543213E+002  0.000000000000E+000  0.000000000000E+000  0.000000000000E+000
  1.014572672318E+003  0.000000000000E+000  0.000000000000E+000  0.000000000000E+000
  1.124252254996E+003  0.000000000000E+000  0.000000000000E+000  0.000000000000E+000
  1.252715205428E+003  0.000000000000E+000  0.000000000000E+000  0.000000000000E+000
  1.404508845568E+003  0.000000000000E+000  0.000000000000E+000  0.000000000000E+000
  1.585644739908E+003  0.000000000000E+000  0.000000000000E+000  0.000000000000E+000
  1.804203189488E+003  0.000000000000E+000  0.000000000000E+000  0.000000000000E+000
  2.071250249814E+003  0.000000000000E+000  0.000000000000E+000  0.000000000000E+000
  2.402266552340E+003  0.000000000000E+000  0.000000000000E+000  0.000000000000E+000
  2.819442449497E+003  0.000000000000E+000  0.000000000000E+000  0.000000000000E+000
  3.355496240167E+003  0.000000000000E+000  0.000000000000E+000  0.000000000000E+000
  4.060290442982E+003  0.000000000000E+000  0.000000000000E+000  0.000000000000E+000
  5.012860622227E+003  0.000000000000E+000  0.000000000000E+000  0.000000000000E+000
  6.344578802016E+003  0.000000000000E+000  0.000000000000E+000  0.000000000000E+000
  8.287000878586E+003  0.000000000000E+000  0.000000000000E+000  0.000000000000E+000
  1.127976970933E+004  0.000000000000E+000  0.000000000000E+000  0.000000000000E+000
  1.624316171036E+004  0.000000000000E+000  0.000000000000E+000  0.000000000000E+000
  2.538031516868E+004  0.000000000000E+000  0.000000000000E+000  0.000000000000E+000
  4.512107881524E+004  0.000000000000E+000  0.000000000000E+000  0.000000000000E+000
  1.015232606647E+005  0.000000000000E+000  0.000000000000E+000  0.000000000000E+000
  4.060950426526E+005  0.000000000000E+000  0.000000000000E+000  0.000000000000E+000
