# 1st line: number of mesh points
# abcissa wavefunction wavefunction_1st wavefunction_2nd
1000
# Principal QN=   3 , l=   1 , Occupation=   5.0010
  2.462477732966E-006  3.588078554309E-004  1.457024241130E+002 -6.227048494747E+003
  9.849959442330E-006  1.435011945510E-003  1.456564288765E+002 -6.225161517235E+003
  2.216259066178E-005  3.227954048441E-003  1.455798001126E+002 -6.222018049188E+003
  3.940061395432E-005  5.736537816938E-003  1.454725827300E+002 -6.217620330277E+003
  6.156436892224E-005  8.959229810582E-003  1.453348395277E+002 -6.211971491968E+003
  8.865429222131E-005  1.289406093885E-002  1.451666511226E+002 -6.205075553452E+003
  1.206709175794E-004  1.753862831252E-002  1.449681158556E+002 -6.196937416434E+003
  1.576148758184E-004  2.289009750038E-002  1.447393496779E+002 -6.187562858777E+003
  1.994868948811E-004  2.894520518779E-002  1.444804860171E+002 -6.176958527018E+003
  2.462877998613E-004  3.570026223278E-002  1.441916756227E+002 -6.165131927766E+003
  2.980185130383E-004  4.315115711478E-002  1.438730863926E+002 -6.152091418008E+003
  3.546800539158E-004  5.129335977070E-002  1.435249031801E+002 -6.137846194326E+003
  4.162735392647E-004  6.012192581209E-002  1.431473275810E+002 -6.122406281051E+003
  4.828001831694E-004  6.963150111673E-002  1.427405777034E+002 -6.105782517377E+003
  5.542612970792E-004  7.981632678764E-002  1.423048879179E+002 -6.087986543451E+003
  6.306582898628E-004  9.067024447132E-002  1.418405085910E+002 -6.069030785478E+003
  7.119926678676E-004  1.021867020274E-001  1.413477058003E+002 -6.048928439843E+003
  7.982660349828E-004  1.143587595400E-001  1.408267610334E+002 -6.027693456306E+003
  8.894800927067E-004  1.271790956632E-001  1.402779708703E+002 -6.005340520277E+003
  9.856366402179E-004  1.406400142877E-001  1.397016466499E+002 -5.981885034217E+003
  1.086737574451E-003  1.547334515222E-001  1.390981141212E+002 -5.957343098187E+003
  1.192784890174E-003  1.694509829755E-001  1.384677130804E+002 -5.931731489587E+003
  1.303780680078E-003  1.847838313300E-001  1.378107969932E+002 -5.905067642120E+003
  1.419727134858E-003  2.007228741946E-001  1.371277326049E+002 -5.877369624007E+003
  1.540626543307E-003  2.172586522246E-001  1.364188995365E+002 -5.848656115504E+003
  1.666481292416E-003  2.343813774974E-001  1.356846898701E+002 -5.818946385759E+003
  1.797293867468E-003  2.520809421304E-001  1.349255077221E+002 -5.788260269033E+003
  1.933066852148E-003  2.703469271290E-001  1.341417688063E+002 -5.756618140348E+003
  2.073802928647E-003  2.891686114510E-001  1.333338999872E+002 -5.724040890590E+003
  2.219504877777E-003  3.085349812747E-001  1.325023388244E+002 -5.690549901108E+003
  2.370175579090E-003  3.284347394569E-001  1.316475331079E+002 -5.656167017867E+003
  2.525818010992E-003  3.488563151666E-001  1.307699403872E+002 -5.620914525174E+003
  2.686435250879E-003  3.697878736817E-001  1.298700274924E+002 -5.584815119054E+003
  2.852030475254E-003  3.912173263337E-001  1.289482700500E+002 -5.547891880284E+003
  3.022606959872E-003  4.131323405870E-001  1.280051519938E+002 -5.510168247165E+003
  3.198168079872E-003  4.355203502379E-001  1.270411650706E+002 -5.471667988046E+003
  3.378717309917E-003  4.583685657207E-001  1.260568083431E+002 -5.432415173672E+003
  3.564258224347E-003  4.816639845048E-001  1.250525876895E+002 -5.392434149381E+003
  3.754794497325E-003  5.053934015708E-001  1.240290153014E+002 -5.351749507208E+003
  3.950329902993E-003  5.295434199496E-001  1.229866091808E+002 -5.310386057937E+003
  4.150868315631E-003  5.541004613119E-001  1.219258926355E+002 -5.268368803143E+003
  4.356413709820E-003  5.790507765941E-001  1.208473937766E+002 -5.225722907273E+003
  4.566970160612E-003  6.043804566460E-001  1.197516450155E+002 -5.182473669807E+003
  4.782541843700E-003  6.300754428884E-001  1.186391825640E+002 -5.138646497551E+003
  5.003133035593E-003  6.561215379652E-001  1.175105459361E+002 -5.094266877085E+003
  5.228748113801E-003  6.825044163791E-001  1.163662774540E+002 -5.049360347436E+003
  5.459391557015E-003  7.092096350961E-001  1.152069217575E+002 -5.003952472997E+003
  5.695067945303E-003  7.362226441080E-001  1.140330253186E+002 -4.958068816739E+003
  5.935781960296E-003  7.635287969385E-001  1.128451359615E+002 -4.911734913756E+003
  6.181538385392E-003  7.911133610832E-001  1.116438023887E+002 -4.864976245189E+003
  6.432342105956E-003  8.189615283697E-001  1.104295737139E+002 -4.817818212550E+003
  6.688198109528E-003  8.470584252284E-001  1.092029990023E+002 -4.770286112505E+003
  6.949111486034E-003  8.753891228616E-001  1.079646268188E+002 -4.722405112130E+003
  7.215087428003E-003  9.039386473005E-001  1.067150047855E+002 -4.674200224693E+003
  7.486131230784E-003  9.326919893414E-001  1.054546791474E+002 -4.625696285978E+003
  7.762248292776E-003  9.616341143492E-001  1.041841943482E+002 -4.576917931203E+003
  8.043444115654E-003  9.907499719205E-001  1.029040926169E+002 -4.527889572536E+003
  8.329724304602E-003  1.020024505397E+000  1.016149135639E+002 -4.478635377268E+003
  8.621094568555E-003  1.049442661220E+000  1.003171937897E+002 -4.429179246647E+003
  8.917560720438E-003  1.078989398120E+000  9.901146650364E+001 -4.379544795407E+003
  9.219128677417E-003  1.108649696131E+000  9.769826115593E+001 -4.329755332018E+003
  9.525804461149E-003  1.138408565426E+000  9.637810308130E+001 -4.279833839681E+003
  9.837594198038E-003  1.168251054964E+000  9.505151315555E+001 -4.229802958081E+003
  1.015450411950E-002  1.198162260944E+000  9.371900746509E+001 -4.179684965925E+003
  1.047654056222E-002  1.228127335062E+000  9.238109698972E+001 -4.129501764283E+003
  1.080370996845E-002  1.258131492565E+000  9.103828729899E+001 -4.079274860737E+003
  1.113601888623E-002  1.288160020090E+000  8.969107826227E+001 -4.029025354369E+003
  1.147347396972E-002  1.318198283300E+000  8.833996377273E+001 -3.978773921589E+003
  1.181608197948E-002  1.348231734303E+000  8.698543148545E+001 -3.928540802811E+003
  1.216384978272E-002  1.378245918843E+000  8.562796256975E+001 -3.878345790000E+003
  1.251678435364E-002  1.408226483286E+000  8.426803147577E+001 -3.828208215082E+003
  1.287489277369E-002  1.438159181365E+000  8.290610571546E+001 -3.778146939232E+003
  1.323818223191E-002  1.468029880718E+000  8.154264565804E+001 -3.728180343038E+003
  1.360666002522E-002  1.497824569185E+000  8.017810433974E+001 -3.678326317548E+003
  1.398033355872E-002  1.527529360891E+000  7.881292728806E+001 -3.628602256199E+003
  1.435921034603E-002  1.557130502093E+000  7.744755236033E+001 -3.579025047622E+003
  1.474329800963E-002  1.586614376811E+000  7.608240959648E+001 -3.529611069322E+003
  1.513260428113E-002  1.615967512220E+000  7.471792108602E+001 -3.480376182238E+003
  1.552713700165E-002  1.645176583834E+000  7.335450084905E+001 -3.431335726157E+003
  1.592690412217E-002  1.674228420456E+000  7.199255473102E+001 -3.382504515993E+003
  1.633191370382E-002  1.703110008910E+000  7.063248031131E+001 -3.333896838910E+003
  1.674217391826E-002  1.731808498559E+000  6.927466682513E+001 -3.285526452288E+003
  1.715769304806E-002  1.760311205602E+000  6.791949509872E+001 -3.237406582501E+003
  1.757847948698E-002  1.788605617162E+000  6.656733749747E+001 -3.189549924518E+003
  1.800454174044E-002  1.816679395165E+000  6.521855788679E+001 -3.141968642294E+003
  1.843588842578E-002  1.844520380013E+000  6.387351160524E+001 -3.094674369939E+003
  1.887252827273E-002  1.872116594052E+000  6.253254544986E+001 -3.047678213651E+003
  1.931447012370E-002  1.899456244854E+000  6.119599767311E+001 -3.000990754386E+003
  1.976172293425E-002  1.926527728290E+000  5.986419799126E+001 -2.954622051259E+003
  2.021429577341E-002  1.953319631434E+000  5.853746760371E+001 -2.908581645635E+003
  2.067219782411E-002  1.979820735269E+000  5.721611922294E+001 -2.862878565907E+003
  2.113543838356E-002  2.006020017221E+000  5.590045711466E+001 -2.817521332927E+003
  2.160402686371E-002  2.031906653525E+000  5.459077714774E+001 -2.772517966062E+003
  2.207797279156E-002  2.057470021418E+000  5.328736685350E+001 -2.727875989872E+003
  2.255728580967E-002  2.082699701172E+000  5.199050549393E+001 -2.683602441351E+003
  2.304197567655E-002  2.107585477976E+000  5.070046413836E+001 -2.639703877732E+003
  2.353205226706E-002  2.132117343664E+000  4.941750574816E+001 -2.596186384823E+003
  2.402752557287E-002  2.156285498300E+000  4.814188526902E+001 -2.553055585831E+003
  2.452840570292E-002  2.180080351627E+000  4.687384973027E+001 -2.510316650670E+003
  2.503470288379E-002  2.203492524384E+000  4.561363835089E+001 -2.467974305706E+003
  2.554642746023E-002  2.226512849495E+000  4.436148265158E+001 -2.426032843920E+003
  2.606358989558E-002  2.249132373142E+000  4.311760657260E+001 -2.384496135450E+003
  2.658620077221E-002  2.271342355721E+000  4.188222659670E+001 -2.343367638501E+003
  2.711427079202E-002  2.293134272693E+000  4.065555187686E+001 -2.302650410569E+003
  2.764781077690E-002  2.314499815329E+000  3.943778436822E+001 -2.262347119975E+003
  2.818683166921E-002  2.335430891363E+000  3.822911896381E+001 -2.222460057654E+003
  2.873134453224E-002  2.355919625551E+000  3.702974363359E+001 -2.182991149195E+003
  2.928136055074E-002  2.375958360149E+000  3.583983956631E+001 -2.143941967081E+003
  2.983689103139E-002  2.395539655307E+000  3.465958131383E+001 -2.105313743113E+003
  3.039794740329E-002  2.414656289393E+000  3.348913693728E+001 -2.067107380984E+003
  3.096454121851E-002  2.433301259241E+000  3.232866815487E+001 -2.029323468978E+003
  3.153668415253E-002  2.451467780345E+000  3.117833049064E+001 -1.991962292758E+003
  3.211438800486E-002  2.469149286984E+000  3.003827342395E+001 -1.955023848228E+003
  3.269766469947E-002  2.486339432297E+000  2.890864053923E+001 -1.918507854425E+003
  3.328652628537E-002  2.503032088308E+000  2.778956967550E+001 -1.882413766431E+003
  3.388098493714E-002  2.519221345898E+000  2.668119307547E+001 -1.846740788269E+003
  3.448105295547E-002  2.534901514748E+000  2.558363753368E+001 -1.811487885760E+003
  3.508674276771E-002  2.550067123228E+000  2.449702454335E+001 -1.776653799310E+003
  3.569806692844E-002  2.564712918260E+000  2.342147044175E+001 -1.742237056618E+003
  3.631503812000E-002  2.578833865147E+000  2.235708655352E+001 -1.708235985268E+003
  3.693766915309E-002  2.592425147375E+000  2.130397933183E+001 -1.674648725183E+003
  3.756597296732E-002  2.605482166380E+000  2.026225049700E+001 -1.641473240926E+003
  3.819996263183E-002  2.618000541305E+000  1.923199717232E+001 -1.608707333828E+003
  3.883965134583E-002  2.629976108721E+000  1.821331201677E+001 -1.576348653911E+003
  3.948505243923E-002  2.641404922341E+000  1.720628335451E+001 -1.544394711599E+003
  4.013617937323E-002  2.652283252708E+000  1.621099530076E+001 -1.512842889196E+003
  4.079304574093E-002  2.662607586864E+000  1.522752788401E+001 -1.481690452109E+003
  4.145566526792E-002  2.672374628015E+000  1.425595716423E+001 -1.450934559809E+003
  4.212405181296E-002  2.681581295172E+000  1.329635534707E+001 -1.420572276503E+003
  4.279821936853E-002  2.690224722778E+000  1.234879089378E+001 -1.390600581513E+003
  4.347818206155E-002  2.698302260328E+000  1.141332862668E+001 -1.361016379347E+003
  4.416395415396E-002  2.705811471969E+000  1.049002983026E+001 -1.331816509443E+003
  4.485555004336E-002  2.712750136092E+000  9.578952347587E+000 -1.302997755587E+003
  4.555298426375E-002  2.719116244905E+000  8.680150672092E+000 -1.274556854984E+003
  4.625627148608E-002  2.724908003998E+000  7.793676034587E+000 -1.246490506980E+003
  4.696542651902E-002  2.730123831890E+000  6.919576485532E+000 -1.218795381424E+003
  4.768046430958E-002  2.734762359555E+000  6.057896972483E+000 -1.191468126663E+003
  4.840139994379E-002  2.738822429944E+000  5.208679412726E+000 -1.164505377174E+003
  4.912824864743E-002  2.742303097472E+000  4.371962761107E+000 -1.137903760806E+003
  4.986102578670E-002  2.745203627502E+000  3.547783073072E+000 -1.111659905656E+003
  5.059974686895E-002  2.747523495796E+000  2.736173562965E+000 -1.085770446557E+003
  5.134442754336E-002  2.749262387945E+000  1.937164657625E+000 -1.060232031181E+003
  5.209508360169E-002  2.750420198777E+000  1.150784045371E+000 -1.035041325764E+003
  5.285173097899E-002  2.750997031736E+000  3.770567204286E-001 -1.010195020437E+003
  5.361438575437E-002  2.750993198230E+000 -3.839949770741E-001 -9.856898341903E+002
  5.438306415168E-002  2.750409216948E+000 -1.132351325457E+000 -9.615225194386E+002
  5.515778254035E-002  2.749245813145E+000 -1.867995190054E+000 -9.376898662247E+002
  5.593855743605E-002  2.747503917883E+000 -2.590911995857E+000 -9.141887060411E+002
  5.672540550155E-002  2.745184667245E+000 -3.301089704105E+000 -8.910159152857E+002
  5.751834354743E-002  2.742289401494E+000 -3.998518792656E+000 -8.681684183545E+002
  5.831738853289E-002  2.738819664194E+000 -4.683192239982E+000 -8.456431903763E+002
  5.912255756656E-002  2.734777201285E+000 -5.355105512611E+000 -8.234372595986E+002
  5.993386790726E-002  2.730163960104E+000 -6.014256555847E+000 -8.015477094307E+002
  6.075133696481E-002  2.724982088355E+000 -6.660645787561E+000 -7.799716801526E+002
  6.157498230090E-002  2.719233933021E+000 -7.294276094878E+000 -7.587063702991E+002
  6.240482162984E-002  2.712922039225E+000 -7.915152833551E+000 -7.377490377279E+002
  6.324087281946E-002  2.706049149024E+000 -8.523283829821E+000 -7.170970003826E+002
  6.408315389190E-002  2.698618200138E+000 -9.118679384545E+000 -6.967476367600E+002
  6.493168302447E-002  2.690632324620E+000 -9.701352279399E+000 -6.766983860930E+002
  6.578647855056E-002  2.682094847455E+000 -1.027131778492E+001 -6.569467482611E+002
  6.664755896041E-002  2.673009285084E+000 -1.082859367016E+001 -6.374902834391E+002
  6.751494290207E-002  2.663379343860E+000 -1.137320021384E+001 -6.183266114970E+002
  6.838864918226E-002  2.653208918430E+000 -1.190516021654E+001 -5.994534111630E+002
  6.926869676725E-002  2.642502090036E+000 -1.242449901403E+001 -5.808684189614E+002
  7.015510478375E-002  2.631263124738E+000 -1.293124449127E+001 -5.625694279403E+002
  7.104789251987E-002  2.619496471560E+000 -1.342542709697E+001 -5.445542861994E+002
  7.194707942599E-002  2.607206760546E+000 -1.390707985848E+001 -5.268208952328E+002
  7.285268511573E-002  2.594398800744E+000 -1.437623839681E+001 -5.093672080996E+002
  7.376472936684E-002  2.581077578091E+000 -1.483294094156E+001 -4.921912274351E+002
  7.468323212221E-002  2.567248253223E+000 -1.527722834557E+001 -4.752910033158E+002
  7.560821349078E-002  2.552916159192E+000 -1.570914409903E+001 -4.586646309918E+002
  7.653969374850E-002  2.538086799097E+000 -1.612873434303E+001 -4.423102485000E+002
  7.747769333938E-002  2.522765843628E+000 -1.653604788209E+001 -4.262260341702E+002
  7.842223287637E-002  2.506959128515E+000 -1.693113619580E+001 -4.104102040378E+002
  7.937333314243E-002  2.490672651896E+000 -1.731405344909E+001 -3.948610091755E+002
  8.033101509154E-002  2.473912571588E+000 -1.768485650127E+001 -3.795767329572E+002
  8.129529984966E-002  2.456685202276E+000 -1.804360491339E+001 -3.645556882650E+002
  8.226620871580E-002  2.438997012607E+000 -1.839036095399E+001 -3.497962146540E+002
  8.324376316303E-002  2.420854622202E+000 -1.872518960301E+001 -3.352966754832E+002
  8.422798483957E-002  2.402264798575E+000 -1.904815855367E+001 -3.210554550278E+002
  8.521889556978E-002  2.383234453967E+000 -1.935933821234E+001 -3.070709555814E+002
  8.621651735528E-002  2.363770642099E+000 -1.965880169613E+001 -2.933415945601E+002
  8.722087237602E-002  2.343880554836E+000 -1.994662482822E+001 -2.798658016188E+002
  8.823198299134E-002  2.323571518771E+000 -2.022288613072E+001 -2.666420157902E+002
  8.924987174107E-002  2.302850991726E+000 -2.048766681513E+001 -2.536686826556E+002
  9.027456134670E-002  2.281726559180E+000 -2.074105077008E+001 -2.409442515573E+002
  9.130607471240E-002  2.260205930614E+000 -2.098312454659E+001 -2.284671728613E+002
  9.234443492626E-002  2.238296935784E+000 -2.121397734049E+001 -2.162358952785E+002
  9.338966526132E-002  2.216007520924E+000 -2.143370097216E+001 -2.042488632531E+002
  9.444178917683E-002  2.193345744876E+000 -2.164238986354E+001 -1.925045144250E+002
  9.550083031933E-002  2.170319775161E+000 -2.184014101216E+001 -1.810012771734E+002
  9.656681252387E-002  2.146937883973E+000 -2.202705396254E+001 -1.697375682483E+002
  9.763975981519E-002  2.123208444129E+000 -2.220323077462E+001 -1.587117904960E+002
  9.871969640891E-002  2.099139924949E+000 -2.236877598937E+001 -1.479223306841E+002
  9.980664671274E-002  2.074740888086E+000 -2.252379659161E+001 -1.373675574306E+002
  1.009006353277E-001  2.050019983311E+000 -2.266840196999E+001 -1.270458192432E+002
  1.020016870494E-001  2.024985944241E+000 -2.280270387420E+001 -1.169554426707E+002
  1.031098268692E-001  1.999647584034E+000 -2.292681636946E+001 -1.070947305720E+002
  1.042250799756E-001  1.974013791035E+000 -2.304085578825E+001 -9.746196050516E+001
  1.053474717553E-001  1.948093524396E+000 -2.314494067942E+001 -8.805538323890E+001
  1.064770277946E-001  1.921895809657E+000 -2.323919175477E+001 -7.887322138893E+001
  1.076137738809E-001  1.895429734304E+000 -2.332373183305E+001 -6.991366818109E+001
  1.087577360036E-001  1.868704443301E+000 -2.339868578151E+001 -6.117488634234E+001
  1.099089403557E-001  1.841729134602E+000 -2.346418045513E+001 -5.265500712025E+001
  1.110674133350E-001  1.814513054653E+000 -2.352034463359E+001 -4.435212943178E+001
  1.122331815458E-001  1.787065493875E+000 -2.356730895600E+001 -3.626431914095E+001
  1.134062717995E-001  1.759395782145E+000 -2.360520585359E+001 -2.838960846515E+001
  1.145867111168E-001  1.731513284276E+000 -2.363416948045E+001 -2.072599550921E+001
  1.157745267286E-001  1.703427395495E+000 -2.365433564240E+001 -1.327144392600E+001
  1.169697460775E-001  1.675147536925E+000 -2.366584172404E+001 -6.023882701944E+000
  1.181723968193E-001  1.646683151085E+000 -2.366882661428E+001  1.018793934411E+000
  1.193825068243E-001  1.618043697393E+000 -2.366343063026E+001  7.858726483102E+000
  1.206001041787E-001  1.589238647697E+000 -2.364979544000E+001  1.449809002529E+001
  1.218252171865E-001  1.560277481821E+000 -2.362806398364E+001  2.093909396052E+001
  1.230578743703E-001  1.531169683143E+000 -2.359838039372E+001  2.718398163182E+001
  1.242981044731E-001  1.501924734196E+000 -2.356088991433E+001  3.323502984216E+001
  1.255459364600E-001  1.472552112311E+000 -2.351573881947E+001  3.909454826576E+001
  1.268013995194E-001  1.443061285290E+000 -2.346307433062E+001  4.476487875832E+001
  1.280645230647E-001  1.413461707128E+000 -2.340304453381E+001  5.024839457012E+001
  1.293353367356E-001  1.383762813770E+000 -2.333579829609E+001  5.554749946635E+001
  1.306138704000E-001  1.353974018927E+000 -2.326148518180E+001  6.066462675901E+001
  1.319001541553E-001  1.324104709937E+000 -2.318025536857E+001  6.560223825507E+001
  1.331942183303E-001  1.294164243681E+000 -2.309225956326E+001  7.036282312560E+001
  1.344960934863E-001  1.264161942562E+000 -2.299764891798E+001  7.494889670054E+001
  1.358058104191E-001  1.234107090538E+000 -2.289657494629E+001  7.936299919422E+001
  1.371234001607E-001  1.204008929227E+000 -2.278918943976E+001  8.360769436654E+001
  1.384488939805E-001  1.173876654069E+000 -2.267564438489E+001  8.768556812476E+001
  1.397823233874E-001  1.143719410567E+000 -2.255609188071E+001  9.159922707112E+001
  1.411237201313E-001  1.113546290594E+000 -2.243068405694E+001  9.535129700133E+001
  1.424731162050E-001  1.083366328773E+000 -2.229957299305E+001  9.894442135898E+001
  1.438305438454E-001  1.053188498938E+000 -2.216291063816E+001  1.023812596510E+002
  1.451960355357E-001  1.023021710668E+000 -2.202084873200E+001  1.056644858294E+002
  1.465696240072E-001  9.928748059077E-001 -2.187353872697E+001  1.087967866436E+002
  1.479513422405E-001  9.627565556588E-001 -2.172113171143E+001  1.117808599698E+002
  1.493412234681E-001  9.326756567669E-001 -2.156377833430E+001  1.146194131203E+002
  1.507393011753E-001  9.026407287850E-001 -2.140162873103E+001  1.173151611391E+002
  1.521456091027E-001  8.726603109254E-001 -2.123483245114E+001  1.198708250881E+002
  1.535601812478E-001  8.427428590986E-001 -2.106353838726E+001  1.222891303281E+002
  1.549830518669E-001  8.128967430397E-001 -2.088789470581E+001  1.245728047992E+002
  1.564142554766E-001  7.831302435233E-001 -2.070804877948E+001  1.267245773055E+002
  1.578538268564E-001  7.534515496688E-001 -2.052414712141E+001  1.287471758076E+002
  1.593018010499E-001  7.238687563336E-001 -2.033633532121E+001  1.306433257276E+002
  1.607582133673E-001  6.943898615986E-001 -2.014475798295E+001  1.324157482694E+002
  1.622230993867E-001  6.650227643425E-001 -1.994955866499E+001  1.340671587594E+002
  1.636964949568E-001  6.357752619071E-001 -1.975087982191E+001  1.356002650107E+002
  1.651784361984E-001  6.066550478532E-001 -1.954886274841E+001  1.370177657135E+002
  1.666689595063E-001  5.776697098066E-001 -1.934364752523E+001  1.383223488556E+002
  1.681681015517E-001  5.488267273939E-001 -1.913537296725E+001  1.395166901762E+002
  1.696758992842E-001  5.201334702678E-001 -1.892417657364E+001  1.406034516550E+002
  1.711923899335E-001  4.915971962218E-001 -1.871019448017E+001  1.415852800403E+002
  1.727176110118E-001  4.632250493924E-001 -1.849356141367E+001  1.424648054177E+002
  1.742516003158E-001  4.350240585502E-001 -1.827441064858E+001  1.432446398219E+002
  1.757943959287E-001  4.070011354758E-001 -1.805287396576E+001  1.439273758937E+002
  1.773460362227E-001  3.791630734236E-001 -1.782908161335E+001  1.445155855850E+002
  1.789065598608E-001  3.515165456689E-001 -1.760316226986E+001  1.450118189109E+002
  1.804760057990E-001  3.240681041390E-001 -1.737524300937E+001  1.454186027539E+002
  1.820544132889E-001  2.968241781270E-001 -1.714544926883E+001  1.457384397182E+002
  1.836418218792E-001  2.697910730866E-001 -1.691390481749E+001  1.459738070377E+002
  1.852382714189E-001  2.429749695066E-001 -1.668073172842E+001  1.461271555371E+002
  1.868438020586E-001  2.163819218643E-001 -1.644605035210E+001  1.462009086475E+002
  1.884584542535E-001  1.900178576553E-001 -1.620997929198E+001  1.461974614767E+002
  1.900822687655E-001  1.638885764995E-001 -1.597263538208E+001  1.461191799352E+002
  1.917152866652E-001  1.379997493205E-001 -1.573413366660E+001  1.459683999176E+002
  1.933575493349E-001  1.123569175977E-001 -1.549458738133E+001  1.457474265392E+002
  1.950090984705E-001  8.696549268959E-002 -1.525410793703E+001  1.454585334288E+002
  1.966699760840E-001  6.183075522534E-002 -1.501280490467E+001  1.451039620761E+002
  1.983402245061E-001  3.695785456490E-002 -1.477078600233E+001  1.446859212344E+002
  2.000198863884E-001  1.235180832441E-002 -1.452815708400E+001  1.442065863779E+002
  2.017090047061E-001 -1.198249803398E-002 -1.428502212997E+001  1.436680992114E+002
  2.034076227605E-001 -3.604031154969E-002 -1.404148323889E+001  1.430725672349E+002
  2.051157841813E-001 -5.981701205049E-002 -1.379764062142E+001  1.424220633584E+002
  2.068335329293E-001 -8.330811238004E-002 -1.355359259542E+001  1.417186255688E+002
  2.085609132993E-001 -1.065092585678E-001 -1.330943558259E+001  1.409642566463E+002
  2.102979699219E-001 -1.294162299433E-001 -1.306526410656E+001  1.401609239297E+002
  2.120447477670E-001 -1.520249391954E-001 -1.282117079233E+001  1.393105591286E+002
  2.138012921459E-001 -1.743314323802E-001 -1.257724636703E+001  1.384150581826E+002
  2.155676487143E-001 -1.963318888762E-001 -1.233357966191E+001  1.374762811641E+002
  2.173438634747E-001 -2.180226212913E-001 -1.209025761553E+001  1.364960522247E+002
  2.191299827795E-001 -2.394000753210E-001 -1.184736527811E+001  1.354761595832E+002
  2.209260533334E-001 -2.604608295604E-001 -1.160498581691E+001  1.344183555532E+002
  2.227321221965E-001 -2.812015952709E-001 -1.136320052264E+001  1.333243566093E+002
  2.245482367870E-001 -3.016192161031E-001 -1.112208881690E+001  1.321958434895E+002
  2.263744448840E-001 -3.217106677781E-001 -1.088172826042E+001  1.310344613329E+002
  2.282107946304E-001 -3.414730577268E-001 -1.064219456227E+001  1.298418198499E+002
  2.300573345358E-001 -3.609036246900E-001 -1.040356158975E+001  1.286194935244E+002
  2.319141134796E-001 -3.799997382805E-001 -1.016590137913E+001  1.273690218453E+002
  2.337811807137E-001 -3.987588985066E-001 -9.929284147025E+000  1.260919095655E+002
  2.356585858657E-001 -4.171787352609E-001 -9.693778302441E+000  1.247896269876E+002
  2.375463789419E-001 -4.352570077730E-001 -9.459450459418E+000  1.234636102731E+002
  2.394446103301E-001 -4.529916040286E-001 -9.226365450215E+000  1.221152617752E+002
  2.413533308032E-001 -4.703805401552E-001 -8.994586339004E+000  1.207459503911E+002
  2.432725915217E-001 -4.874219597765E-001 -8.764174436023E+000  1.193570119344E+002
  2.452024440374E-001 -5.041141333345E-001 -8.535189312159E+000  1.179497495250E+002
  2.471429402963E-001 -5.204554573819E-001 -8.307688813890E+000  1.165254339939E+002
  2.490941326418E-001 -5.364444538448E-001 -8.081729078591E+000  1.150853043029E+002
  2.510560738180E-001 -5.520797692565E-001 -7.857364550124E+000  1.136305679770E+002
  2.530288169732E-001 -5.673601739630E-001 -7.634647994708E+000  1.121624015479E+002
  2.550124156627E-001 -5.822845613013E-001 -7.413630517026E+000  1.106819510062E+002
  2.570069238527E-001 -5.968519467504E-001 -7.194361576530E+000  1.091903322634E+002
  2.590123959233E-001 -6.110614670567E-001 -6.976889003929E+000  1.076886316197E+002
  2.610288866721E-001 -6.249123793328E-001 -6.761259017827E+000  1.061779062375E+002
  2.630564513176E-001 -6.384040601312E-001 -6.547516241478E+000  1.046591846195E+002
  2.650951455027E-001 -6.515360044937E-001 -6.335703719654E+000  1.031334670893E+002
  2.671450252982E-001 -6.643078249759E-001 -6.125862935581E+000  1.016017262748E+002
  2.692061472063E-001 -6.767192506474E-001 -5.918033827946E+000  1.000649075917E+002
  2.712785681644E-001 -6.887701260687E-001 -5.712254807934E+000  9.852392972725E+001
  2.733623455485E-001 -7.004604102449E-001 -5.508562776310E+000  9.697968512244E+001
  2.754575371771E-001 -7.117901755558E-001 -5.306993140492E+000  9.543304045282E+001
  2.775642013146E-001 -7.227596066636E-001 -5.107579831643E+000  9.388483710592E+001
  2.796823966754E-001 -7.333689993978E-001 -4.910355321741E+000  9.233589165526E+001
  2.818121824272E-001 -7.436187596180E-001 -4.715350640630E+000  9.078699632993E+001
  2.839536181956E-001 -7.535094020545E-001 -4.522595393046E+000  8.923891947926E+001
  2.861067640671E-001 -7.630415491273E-001 -4.332117775611E+000  8.769240603175E+001
  2.882716805935E-001 -7.722159297426E-001 -4.143944593774E+000  8.614817794803E+001
  2.904484287958E-001 -7.810333780692E-001 -3.958101278726E+000  8.460693466705E+001
  2.926370701682E-001 -7.894948322919E-001 -3.774611904257E+000  8.306935354532E+001
  2.948376666818E-001 -7.976013333451E-001 -3.593499203570E+000  8.153609028874E+001
  2.970502807892E-001 -8.053540236252E-001 -3.414784586044E+000  8.000777937667E+001
  2.992749754281E-001 -8.127541456813E-001 -3.238488153954E+000  7.848503447804E+001
  3.015118140259E-001 -8.198030408863E-001 -3.064628719143E+000  7.696844885923E+001
  3.037608605035E-001 -8.265021480875E-001 -2.893223819649E+000  7.545859578362E+001
  3.060221792797E-001 -8.328530022360E-001 -2.724289736295E+000  7.395602890261E+001
  3.082958352758E-001 -8.388572329973E-001 -2.557841509237E+000  7.246128263807E+001
  3.105818939192E-001 -8.445165633413E-001 -2.393892954489E+000  7.097487255617E+001
  3.128804211487E-001 -8.498328081127E-001 -2.232456680412E+000  6.949729573263E+001
  3.151914834180E-001 -8.548078725824E-001 -2.073544104185E+000  6.802903110935E+001
  3.175151477009E-001 -8.594437509793E-001 -1.917165468259E+000  6.657053984252E+001
  3.198514814953E-001 -8.637425250038E-001 -1.763329856805E+000  6.512226564237E+001
  3.222005528283E-001 -8.677063623221E-001 -1.612045212148E+000  6.368463510457E+001
  3.245624302601E-001 -8.713375150428E-001 -1.463318351217E+000  6.225805803358E+001
  3.269371828894E-001 -8.746383181750E-001 -1.317154981995E+000  6.084292775800E+001
  3.293248803576E-001 -8.776111880692E-001 -1.173559719987E+000  5.943962143820E+001
  3.317255928537E-001 -8.802586208411E-001 -1.032536104712E+000  5.804850036642E+001
  3.341393911192E-001 -8.825831907778E-001 -8.940866162235E-001  5.666991025965E+001
  3.365663464529E-001 -8.845875487288E-001 -7.582126916639E-001  5.530418154539E+001
  3.390065307159E-001 -8.862744204798E-001 -6.249147418617E-001  5.395162964078E+001
  3.414600163363E-001 -8.876466051119E-001 -4.941921679756E-001  5.261255522519E+001
  3.439268763145E-001 -8.887069733456E-001 -3.660433781926E-001  5.128724450662E+001
  3.464071842282E-001 -8.894584658697E-001 -2.404658044826E-001  4.997596948230E+001
  3.489010142374E-001 -8.899040916574E-001 -1.174559194187E-001  4.867898819364E+001
  3.514084410898E-001 -8.900469262681E-001  2.990746936601E-003  4.739654497595E+001
  3.539295401259E-001 -8.898901101369E-001  1.208795900715E-001  4.612887070319E+001
  3.564643872842E-001 -8.894368468518E-001  2.362169139901E-001  4.487618302809E+001
  3.590130591069E-001 -8.886904014196E-001  3.490099140986E-001  4.363868661789E+001
  3.615756327448E-001 -8.876540985210E-001  4.592666600093E-001  4.241657338606E+001
  3.641521859632E-001 -8.863313207553E-001  5.669960782615E-001  4.121002272030E+001
  3.667427971473E-001 -8.847255068758E-001  6.722079349562E-001  4.001920170709E+001
  3.693475453076E-001 -8.828401500171E-001  7.749128183047E-001  3.884426535304E+001
  3.719665100860E-001 -8.806787959138E-001  8.751221210907E-001  3.768535680343E+001
  3.745997717609E-001 -8.782450411124E-001  9.728480230442E-001  3.654260755812E+001
  3.772474112534E-001 -8.755425311771E-001  1.068103473131E+000  3.541613768511E+001
  3.799095101331E-001 -8.725749588899E-001  1.160902171755E+000  3.430605603200E+001
  3.825861506238E-001 -8.693460624461E-001  1.251258552879E+000  3.321246043563E+001
  3.852774156096E-001 -8.658596236463E-001  1.339187766066E+000  3.213543793009E+001
  3.879833886411E-001 -8.621194660849E-001  1.424705658438E+000  3.107506495328E+001
  3.907041539409E-001 -8.581294533376E-001  1.507828756565E+000  3.003140755233E+001
  3.934397964105E-001 -8.538934871468E-001  1.588574248283E+000  2.900452158793E+001
  3.961904016361E-001 -8.494155056072E-001  1.666959964445E+000  2.799445293789E+001
  3.989560558949E-001 -8.446994813524E-001  1.743004360613E+000  2.700123769995E+001
  4.017368461617E-001 -8.397494197429E-001  1.816726498692E+000  2.602490239410E+001
  4.045328601149E-001 -8.345693570563E-001  1.888146028521E+000  2.506546416446E+001
  4.073441861437E-001 -8.291633586819E-001  1.957283169418E+000  2.412293098095E+001
  4.101709133538E-001 -8.235355173189E-001  2.024158691688E+000  2.319730184068E+001
  4.130131315750E-001 -8.176899511806E-001  2.088793898109E+000  2.228856696930E+001
  4.158709313670E-001 -8.116308022048E-001  2.151210605394E+000  2.139670802236E+001
  4.187444040269E-001 -8.053622342710E-001  2.211431125640E+000  2.052169828669E+001
  4.216336415958E-001 -7.988884314269E-001  2.269478247781E+000  1.966350288186E+001
  4.245387368658E-001 -7.922135961230E-001  2.325375219037E+000  1.882207896183E+001
  4.274597833869E-001 -7.853419474580E-001  2.379145726389E+000  1.799737591671E+001
  4.303968754741E-001 -7.782777194347E-001  2.430813878064E+000  1.718933557470E+001
  4.333501082151E-001 -7.710251592286E-001  2.480404185071E+000  1.639789240422E+001
  4.363195774768E-001 -7.635885254683E-001  2.527941542768E+000  1.562297371618E+001
  4.393053799131E-001 -7.559720865307E-001  2.573451212487E+000  1.486449986639E+001
  4.423076129724E-001 -7.481801188502E-001  2.616958803223E+000  1.412238445808E+001
  4.453263749047E-001 -7.402169052434E-001  2.658490253399E+000  1.339653454442E+001
  4.483617647698E-001 -7.320867332504E-001  2.698071812715E+000  1.268685083117E+001
  4.514138824444E-001 -7.237938934934E-001  2.735730024087E+000  1.199322787912E+001
  4.544828286302E-001 -7.153426780528E-001  2.771491705703E+000  1.131555430654E+001
  4.575687048617E-001 -7.067373788623E-001  2.805383933182E+000  1.065371299134E+001
  4.606716135142E-001 -6.979822861240E-001  2.837434021870E+000  1.000758127299E+001
  4.637916578118E-001 -6.890816867434E-001  2.867669509268E+000  9.377031154033E+000
  4.669289418353E-001 -6.800398627853E-001  2.896118137608E+000  8.761929501170E+000
  4.700835705309E-001 -6.708610899524E-001  2.922807836588E+000  8.162138245723E+000
  4.732556497182E-001 -6.615496360849E-001  2.947766706274E+000  7.577514583450E+000
  4.764452860985E-001 -6.521097596849E-001  2.971023000180E+000  7.007911173572E+000
  4.796525872639E-001 -6.425457084635E-001  2.992605108535E+000  6.453176336886E+000
  4.828776617050E-001 -6.328617179123E-001  3.012541541751E+000  5.913154252875E+000
  4.861206188205E-001 -6.230620099009E-001  3.030860914090E+000  5.387685155675E+000
  4.893815689254E-001 -6.131507912985E-001  3.047591927556E+000  4.876605528796E+000
  4.926606232602E-001 -6.031322526227E-001  3.062763356005E+000  4.379748298459E+000
  4.959578939999E-001 -5.930105667148E-001  3.076404029495E+000  3.896943025451E+000
  4.992734942630E-001 -5.827898874411E-001  3.088542818871E+000  3.428016095343E+000
  5.026075381207E-001 -5.724743484235E-001  3.099208620606E+000  2.972790906989E+000
  5.059601406064E-001 -5.620680617959E-001  3.108430341897E+000  2.531088059149E+000
  5.093314177250E-001 -5.515751169912E-001  3.116236886029E+000  2.102725535136E+000
  5.127214864626E-001 -5.409995795548E-001  3.122657138010E+000  1.687518885373E+000
  5.161304647959E-001 -5.303454899889E-001  3.127719950486E+000  1.285281407723E+000
  5.195584717022E-001 -5.196168626247E-001  3.131454129943E+000  8.958243254991E-001
  5.230056271692E-001 -5.088176845252E-001  3.133888423198E+000  5.189569630308E-001
  5.264720522050E-001 -4.979519144170E-001  3.135051504197E+000  1.544869186854E-001
  5.299578688483E-001 -4.870234816527E-001  3.134971961104E+000 -1.977797647668E-001
  5.334632001783E-001 -4.760362852034E-001  3.133678283706E+000 -5.380384325404E-001
  5.369881703256E-001 -4.649941926810E-001  3.131198851133E+000 -8.664856530758E-001
  5.405329044823E-001 -4.539010393915E-001  3.127561919890E+000 -1.183319056227E+000
  5.440975289128E-001 -4.427606274190E-001  3.122795612213E+000 -1.488737174484E+000
  5.476821709641E-001 -4.315767247393E-001  3.116927904748E+000 -1.782939287319E+000
  5.512869590774E-001 -4.203530643652E-001  3.109986617562E+000 -2.066125268731E+000
  5.549120227985E-001 -4.090933435223E-001  3.101999403476E+000 -2.338495438074E+000
  5.585574927889E-001 -3.978012228542E-001  3.092993737745E+000 -2.600250414225E+000
  5.622235008375E-001 -3.864803256603E-001  3.082996908054E+000 -2.851590973179E+000
  5.659101798716E-001 -3.751342371620E-001  3.072036004868E+000 -3.092717909111E+000
  5.696176639685E-001 -3.637665038007E-001  3.060137912106E+000 -3.323831898972E+000
  5.733460883672E-001 -3.523806325653E-001  3.047329298165E+000 -3.545133370679E+000
  5.770955894803E-001 -3.409800903502E-001  3.033636607267E+000 -3.756822374917E+000
  5.808663049055E-001 -3.295683033426E-001  3.019086051163E+000 -3.959098460627E+000
  5.846583734383E-001 -3.181486564406E-001  3.003703601158E+000 -4.152160554191E+000
  5.884719350837E-001 -3.067244926990E-001  2.987514980489E+000 -4.336206842356E+000
  5.923071310690E-001 -2.952991128063E-001  2.970545657026E+000 -4.511434658919E+000
  5.961641038558E-001 -2.838757745891E-001  2.952820836313E+000 -4.678040375195E+000
  6.000429971532E-001 -2.724576925458E-001  2.934365454952E+000 -4.836219294279E+000
  6.039439559304E-001 -2.610480374087E-001  2.915204174298E+000 -4.986165549119E+000
  6.078671264295E-001 -2.496499357337E-001  2.895361374505E+000 -5.128072004394E+000
  6.118126561791E-001 -2.382664695179E-001  2.874861148880E+000 -5.262130162214E+000
  6.157806940069E-001 -2.269006758444E-001  2.853727298576E+000 -5.388530071620E+000
  6.197713900541E-001 -2.155555465543E-001  2.831983327592E+000 -5.507460241890E+000
  6.237848957880E-001 -2.042340279441E-001  2.809652438096E+000 -5.619107559628E+000
  6.278213640166E-001 -1.929390204908E-001  2.786757526065E+000 -5.723657209620E+000
  6.318809489022E-001 -1.816733786011E-001  2.763321177225E+000 -5.821292599443E+000
  6.359638059756E-001 -1.704399103865E-001  2.739365663301E+000 -5.912195287785E+000
  6.400700921502E-001 -1.592413774632E-001  2.714912938567E+000 -5.996544916468E+000
  6.441999657370E-001 -1.480804947760E-001  2.689984636689E+000 -6.074519146115E+000
  6.483535864586E-001 -1.369599304457E-001  2.664602067864E+000 -6.146293595444E+000
  6.525311154647E-001 -1.258823056404E-001  2.638786216237E+000 -6.212041784140E+000
  6.567327153465E-001 -1.148501944689E-001  2.612557737603E+000 -6.271935079257E+000
  6.609585501525E-001 -1.038661238967E-001  2.585936957384E+000 -6.326142645111E+000
  6.652087854034E-001 -9.293257368376E-002  2.558943868870E+000 -6.374831396603E+000
  6.694835881080E-001 -8.205197634314E-002  2.531598131731E+000 -6.418165955926E+000
  6.737831267789E-001 -7.122671712059E-002  2.503919070780E+000 -6.456308612600E+000
  6.781075714485E-001 -6.045913399409E-002  2.475925674990E+000 -6.489419286770E+000
  6.824570936852E-001 -4.975151769298E-002  2.447636596754E+000 -6.517655495711E+000
  6.868318666096E-001 -3.910611173619E-002  2.419070151389E+000 -6.541172323469E+000
  6.912320649114E-001 -2.852511248881E-002  2.390244316864E+000 -6.560122393588E+000
  6.956578648660E-001 -1.801066923669E-002  2.361176733763E+000 -6.574655844832E+000
  7.001094443516E-001 -7.564884278357E-003  2.331884705460E+000 -6.584920309857E+000
  7.045869828664E-001  2.810186966297E-003  2.302385198511E+000 -6.591060896741E+000
  7.090906615461E-001  1.311253583102E-002  2.272694843255E+000 -6.593220173312E+000
  7.136206631812E-001  2.334020026255E-002  2.242829934604E+000 -6.591538154195E+000
  7.181771722357E-001  3.349126466480E-002  2.212806433038E+000 -6.586152290511E+000
  7.227603748644E-001  4.356385972846E-002  2.182639965778E+000 -6.577197462131E+000
  7.273704589315E-001  5.355616224658E-002  2.152345828143E+000 -6.564805972434E+000
  7.320076140295E-001  6.346639491658E-002  2.121938985076E+000 -6.549107545475E+000
  7.366720314977E-001  7.329282612944E-002  2.091434072838E+000 -6.530229325490E+000
  7.413639044413E-001  8.303376974631E-002  2.060845400861E+000 -6.508295878649E+000
  7.460834277508E-001  9.268758486332E-002  2.030186953751E+000 -6.483429197002E+000
  7.508307981215E-001  1.022526755650E-001  1.999472393443E+000 -6.455748704507E+000
  7.556062140732E-001  1.117274906670E-001  1.968715061485E+000 -6.425371265088E+000
  7.604098759705E-001  1.211105234481E-001  1.937927981466E+000 -6.392411192625E+000
  7.652419860431E-001  1.304003113728E-001  1.907123861559E+000 -6.356980262805E+000
  7.701027484060E-001  1.395954358043E-001  1.876315097193E+000 -6.319187726753E+000
  7.749923690810E-001  1.486945217087E-001  1.845513773831E+000 -6.279140326368E+000
  7.799110560171E-001  1.576962373511E-001  1.814731669862E+000 -6.236942311277E+000
  7.848590191124E-001  1.665992939832E-001  1.783980259583E+000 -6.192695457336E+000
  7.898364702358E-001  1.754024455243E-001  1.753270716289E+000 -6.146499086601E+000
  7.948436232486E-001  1.841044882343E-001  1.722613915438E+000 -6.098450088692E+000
  7.998806940270E-001  1.927042603809E-001  1.692020437911E+000 -6.048642943471E+000
  8.049479004846E-001  2.012006419008E-001  1.661500573337E+000 -5.997169744963E+000
  8.100454625952E-001  2.095925540542E-001  1.631064323500E+000 -5.944120226451E+000
  8.151736024160E-001  2.178789590755E-001  1.600721405801E+000 -5.889581786660E+000
  8.203325441110E-001  2.260588598174E-001  1.570481256790E+000 -5.833639516972E+000
  8.255225139746E-001  2.341312993922E-001  1.540353035743E+000 -5.776376229597E+000
  8.307437404560E-001  2.420953608074E-001  1.510345628296E+000 -5.717872486629E+000
  8.359964541833E-001  2.499501665989E-001  1.480467650121E+000 -5.658206629922E+000
  8.412808879885E-001  2.576948784596E-001  1.450727450635E+000 -5.597454811724E+000
  8.465972769320E-001  2.653286968658E-001  1.421133116758E+000 -5.535691025999E+000
  8.519458583285E-001  2.728508607004E-001  1.391692476683E+000 -5.472987140374E+000
  8.573268717726E-001  2.802606468736E-001  1.362413103687E+000 -5.409412928654E+000
  8.627405591648E-001  2.875573699417E-001  1.333302319954E+000 -5.345036103848E+000
  8.681871647376E-001  2.947403817238E-001  1.304367200415E+000 -5.279922351636E+000
  8.736669350829E-001  3.018090709171E-001  1.275614576605E+000 -5.214135364234E+000
  8.791801191785E-001  3.087628627109E-001  1.247051040529E+000 -5.147736874593E+000
  8.847269684160E-001  3.156012183990E-001  1.218682948522E+000 -5.080786690888E+000
  8.903077366283E-001  3.223236349922E-001  1.190516425129E+000 -5.013342731238E+000
  8.959226801184E-001  3.289296448295E-001  1.162557366964E+000 -4.945461058605E+000
  9.015720576873E-001  3.354188151889E-001  1.134811446575E+000 -4.877195915843E+000
  9.072561306635E-001  3.417907478984E-001  1.107284116299E+000 -4.808599760828E+000
  9.129751629322E-001  3.480450789467E-001  1.079980612101E+000 -4.739723301635E+000
  9.187294209652E-001  3.541814780942E-001  1.052905957399E+000 -4.670615531728E+000
  9.245191738511E-001  3.601996484843E-001  1.026064966877E+000 -4.601323765107E+000
  9.303446933257E-001  3.660993262551E-001  9.994622502729E-001 -4.531893671386E+000
  9.362062538036E-001  3.718802801522E-001  9.731022161438E-001 -4.462369310754E+000
  9.421041324088E-001  3.775423111416E-001  9.469890756096E-001 -4.392793168799E+000
  9.480386090075E-001  3.830852520241E-001  9.211268460674E-001 -4.323206191145E+000
  9.540099662399E-001  3.885089670502E-001  8.955193548780E-001 -4.253647817884E+000
  9.600184895530E-001  3.938133515370E-001  8.701702430207E-001 -4.184156017759E+000
  9.660644672342E-001  3.989983314848E-001  8.450829687161E-001 -4.114767322092E+000
  9.721481904447E-001  4.040638631968E-001  8.202608110147E-001 -4.045516858403E+000
  9.782699532537E-001  4.090099328989E-001  7.957068733489E-001 -3.976438383715E+000
  9.844300526731E-001  4.138365563614E-001  7.714240870491E-001 -3.907564317519E+000
  9.906287886927E-001  4.185437785220E-001  7.474152148202E-001 -3.838925774370E+000
  9.968664643158E-001  4.231316731111E-001  7.236828541797E-001 -3.770552596095E+000
  1.003143385595E+000  4.276003422772E-001  7.002294408542E-001 -3.702473383611E+000
  1.009459861670E+000  4.319499162158E-001  6.770572521352E-001 -3.634715528307E+000
  1.015816204803E+000  4.361805527980E-001  6.541684101923E-001 -3.567305242998E+000
  1.022212730417E+000  4.402924372027E-001  6.315648853438E-001 -3.500267592435E+000
  1.028649757135E+000  4.442857815489E-001  6.092484992831E-001 -3.433626523340E+000
  1.035127606818E+000  4.481608245304E-001  5.872209282619E-001 -3.367404893980E+000
  1.041646604604E+000  4.519178310525E-001  5.654837062285E-001 -3.301624503248E+000
  1.048207078948E+000  4.555570918696E-001  5.440382279210E-001 -3.236306119258E+000
  1.054809361664E+000  4.590789232250E-001  5.228857519168E-001 -3.171469507437E+000
  1.061453787962E+000  4.624836664923E-001  5.020274036354E-001 -3.107133458113E+000
  1.068140696494E+000  4.657716878183E-001  4.814641782973E-001 -3.043315813589E+000
  1.074870429395E+000  4.689433777676E-001  4.611969438372E-001 -2.980033494704E+000
  1.081643332322E+000  4.719991509689E-001  4.412264437722E-001 -2.917302526876E+000
  1.088459754505E+000  4.749394457623E-001  4.215533000250E-001 -2.855138065622E+000
  1.095320048782E+000  4.777647238491E-001  4.021780157028E-001 -2.793554421562E+000
  1.102224571653E+000  4.804754699421E-001  3.831009778312E-001 -2.732565084891E+000
  1.109173683316E+000  4.830721914178E-001  3.643224600447E-001 -2.672182749344E+000
  1.116167747721E+000  4.855554179701E-001  3.458426252325E-001 -2.612419335628E+000
  1.123207132611E+000  4.879257012651E-001  3.276615281420E-001 -2.553286014347E+000
  1.130292209573E+000  4.901836145971E-001  3.097791179392E-001 -2.494793228409E+000
  1.137423354084E+000  4.923297525462E-001  2.921952407263E-001 -2.436950714921E+000
  1.144600945560E+000  4.943647306368E-001  2.749096420180E-001 -2.379767526578E+000
  1.151825367405E+000  4.962891849974E-001  2.579219691765E-001 -2.323252052557E+000
  1.159097007063E+000  4.981037720216E-001  2.412317738060E-001 -2.267412038908E+000
  1.166416256069E+000  4.998091680296E-001  2.248385141073E-001 -2.212254608458E+000
  1.173783510095E+000  5.014060689313E-001  2.087415571925E-001 -2.157786280234E+000
  1.181199169012E+000  5.028951898904E-001  1.929401813622E-001 -2.104012988405E+000
  1.188663636935E+000  5.042772649882E-001  1.774335783438E-001 -2.050940100762E+000
  1.196177322279E+000  5.055530468900E-001  1.622208554930E-001 -1.998572436727E+000
  1.203740637818E+000  5.067233065111E-001  1.473010379591E-001 -1.946914284922E+000
  1.211354000735E+000  5.077888326833E-001  1.326730708139E-001 -1.895969420278E+000
  1.219017832681E+000  5.087504318232E-001  1.183358211461E-001 -1.845741120718E+000
  1.226732559833E+000  5.096089276004E-001  1.042880801213E-001 -1.796232183409E+000
  1.234498612950E+000  5.103651606058E-001  9.052856500815E-002 -1.747444940595E+000
  1.242316427433E+000  5.110199880217E-001  7.705592117246E-002 -1.699381275019E+000
  1.250186443388E+000  5.115742832912E-001  6.386872403827E-002 -1.652042634944E+000
  1.258109105679E+000  5.120289357887E-001  5.096548101831E-002 -1.605430048786E+000
  1.266084863999E+000  5.123848504904E-001  3.834463341350E-002 -1.559544139358E+000
  1.274114172926E+000  5.126429476458E-001  2.600455828266E-002 -1.514385137749E+000
  1.282197491990E+000  5.128041624483E-001  1.394357028298E-002 -1.469952896830E+000
  1.290335285734E+000  5.128694447078E-001  2.159923481986E-003 -1.426246904414E+000
  1.298528023786E+000  5.128397585218E-001 -9.348186858351E-003 -1.383266296066E+000
  1.306776180919E+000  5.127160819481E-001 -2.058262252468E-002 -1.341009867577E+000
  1.315080237120E+000  5.124994066767E-001 -3.154530062186E-002 -1.299476087113E+000
  1.323440677664E+000  5.121907377023E-001 -4.223819186850E-002 -1.258663107042E+000
  1.331857993175E+000  5.117910929973E-001 -5.266331891773E-002 -1.218568775459E+000
  1.340332679704E+000  5.113015031840E-001 -6.282275470276E-002 -1.179190647400E+000
  1.348865238797E+000  5.107230112077E-001 -7.271862080654E-002 -1.140525995776E+000
  1.357456177571E+000  5.100566720096E-001 -8.235308585498E-002 -1.102571822014E+000
  1.366106008782E+000  5.093035521995E-001 -9.172836393332E-002 -1.065324866429E+000
  1.374815250909E+000  5.084647297287E-001 -1.008467130250E-001 -1.028781618321E+000
  1.383584428224E+000  5.075412935635E-001 -1.097104334724E-001 -9.929383258259E-001
  1.392414070872E+000  5.065343433576E-001 -1.183218664597E-001 -9.577910055003E-001
  1.401304714948E+000  5.054449891254E-001 -1.266833925162E-001 -9.233354516716E-001
  1.410256902580E+000  5.042743509149E-001 -1.347974300411E-001 -8.895672455478E-001
  1.419271182008E+000  5.030235584810E-001 -1.426664338478E-001 -8.564817640978E-001
  1.428348107668E+000  5.016937509580E-001 -1.502928937287E-001 -8.240741887088E-001
  1.437488240275E+000  5.002860765328E-001 -1.576793330396E-001 -7.923395136268E-001
  1.446692146911E+000  4.988016921183E-001 -1.648283073032E-001 -7.612725541870E-001
  1.455960401104E+000  4.972417630254E-001 -1.717424028309E-001 -7.308679548406E-001
  1.465293582927E+000  4.956074626371E-001 -1.784242353646E-001 -7.011201969824E-001
  1.474692279079E+000  4.938999720805E-001 -1.848764487355E-001 -6.720236065867E-001
  1.484157082978E+000  4.921204799006E-001 -1.911017135417E-001 -6.435723616551E-001
  1.493688594856E+000  4.902701817325E-001 -1.971027258432E-001 -6.157604994831E-001
  1.503287421848E+000  4.883502799753E-001 -2.028822058749E-001 -5.885819237491E-001
  1.512954178094E+000  4.863619834642E-001 -2.084428967767E-001 -5.620304114312E-001
  1.522689484827E+000  4.843065071446E-001 -2.137875633405E-001 -5.360996195560E-001
  1.532493970480E+000  4.821850717445E-001 -2.189189907752E-001 -5.107830917842E-001
  1.542368270780E+000  4.799989034483E-001 -2.238399834870E-001 -4.860742648364E-001
  1.552313028853E+000  4.777492335698E-001 -2.285533638778E-001 -4.619664747635E-001
  1.562328895326E+000  4.754372982258E-001 -2.330619711589E-001 -4.384529630651E-001
  1.572416528431E+000  4.730643380097E-001 -2.373686601822E-001 -4.155268826598E-001
  1.582576594115E+000  4.706315976652E-001 -2.414763002865E-001 -3.931813037101E-001
  1.592809766145E+000  4.681403257601E-001 -2.453877741610E-001 -3.714092193055E-001
  1.603116726218E+000  4.655917743606E-001 -2.491059767237E-001 -3.502035510068E-001
  1.613498164078E+000  4.629871987050E-001 -2.526338140168E-001 -3.295571542545E-001
  1.623954777622E+000  4.603278568789E-001 -2.559742021170E-001 -3.094628236429E-001
  1.634487273025E+000  4.576150094892E-001 -2.591300660620E-001 -2.899132980640E-001
  1.645096364848E+000  4.548499193395E-001 -2.621043387926E-001 -2.709012657230E-001
  1.655782776168E+000  4.520338511051E-001 -2.648999601102E-001 -2.524193690267E-001
  1.666547238688E+000  4.491680710086E-001 -2.675198756494E-001 -2.344602093485E-001
  1.677390492873E+000  4.462538464954E-001 -2.699670358668E-001 -2.170163516710E-001
  1.688313288066E+000  4.432924459104E-001 -2.722443950446E-001 -2.000803291082E-001
  1.699316382620E+000  4.402851381740E-001 -2.743549103088E-001 -1.836446473097E-001
  1.710400544029E+000  4.372331924592E-001 -2.763015406640E-001 -1.677017887478E-001
  1.721566549058E+000  4.341378778688E-001 -2.780872460415E-001 -1.522442168905E-001
  1.732815183877E+000  4.310004631132E-001 -2.797149863638E-001 -1.372643802599E-001
  1.744147244202E+000  4.278222161883E-001 -2.811877206229E-001 -1.227547163798E-001
  1.755563535430E+000  4.246044040544E-001 -2.825084059741E-001 -1.087076556127E-001
  1.767064872781E+000  4.213482923151E-001 -2.836799968439E-001 -9.511562488755E-002
  1.778652081442E+000  4.180551448972E-001 -2.847054440526E-001 -8.197105132056E-002
  1.790325996715E+000  4.147262237305E-001 -2.855876939518E-001 -6.926636572936E-002
  1.802087464166E+000  4.113627884286E-001 -2.863296875753E-001 -5.699400604279E-002
  1.813937339772E+000  4.079660959705E-001 -2.869343598052E-001 -4.514642060705E-002
  1.825876490081E+000  4.045374003826E-001 -2.874046385512E-001 -3.371607138974E-002
  1.837905792365E+000  4.010779524209E-001 -2.877434439447E-001 -2.269543708316E-002
  1.850026134778E+000  3.975889992547E-001 -2.879536875456E-001 -1.207701610801E-002
  1.862238416525E+000  3.940717841507E-001 -2.880382715643E-001 -1.853329519019E-003
  1.874543548019E+000  3.905275461577E-001 -2.880000880954E-001  7.983076186385E-003
  1.886942451054E+000  3.869575197922E-001 -2.878420183663E-001  1.743962635480E-002
  1.899436058973E+000  3.833629347248E-001 -2.875669319979E-001  2.652371555780E-002
  1.912025316845E+000  3.797450154679E-001 -2.871776862791E-001  3.524270506555E-002
  1.924711181638E+000  3.761049810636E-001 -2.866771254535E-001  4.360392041182E-002
  1.937494622402E+000  3.724440447734E-001 -2.860680800192E-001  5.161464904885E-002
  1.950376620452E+000  3.687634137678E-001 -2.853533660409E-001  5.928213809060E-002
  1.963358169552E+000  3.650642888184E-001 -2.845357844741E-001  6.661359214293E-002
  1.976440276109E+000  3.613478639901E-001 -2.836181205016E-001  7.361617121907E-002
  1.989623959360E+000  3.576153263345E-001 -2.826031428818E-001  8.029698873887E-002
  2.002910251577E+000  3.538678555854E-001 -2.814936033089E-001  8.666310961019E-002
  2.016300198259E+000  3.501066238546E-001 -2.802922357839E-001  9.272154839067E-002
  2.029794858340E+000  3.463327953299E-001 -2.790017559978E-001  9.847926752830E-002
  2.043395304396E+000  3.425475259739E-001 -2.776248607249E-001  1.039431756790E-001
  2.057102622856E+000  3.387519632250E-001 -2.761642272278E-001  1.091201260993E-001
  2.070917914217E+000  3.349472456996E-001 -2.746225126724E-001  1.140169151127E-001
  2.084842293261E+000  3.311345028961E-001 -2.730023535538E-001  1.186402806471E-001
  2.098876889283E+000  3.273148549006E-001 -2.713063651319E-001  1.229969008422E-001
  2.113022846310E+000  3.234894120952E-001 -2.695371408778E-001  1.270933927246E-001
  2.127281323341E+000  3.196592748670E-001 -2.676972519293E-001  1.309363109486E-001
  2.141653494575E+000  3.158255333208E-001 -2.657892465565E-001  1.345321466004E-001
  2.156140549656E+000  3.119892669929E-001 -2.638156496370E-001  1.378873260650E-001
  2.170743693911E+000  3.081515445674E-001 -2.617789621399E-001  1.410082099518E-001
  2.185464148607E+000  3.043134235958E-001 -2.596816606192E-001  1.439010920782E-001
  2.200303151197E+000  3.004759502182E-001 -2.575261967168E-001  1.465721985096E-001
  2.215261955581E+000  2.966401588881E-001 -2.553149966734E-001  1.490276866519E-001
  2.230341832367E+000  2.928070720993E-001 -2.530504608486E-001  1.512736443961E-001
  2.245544069142E+000  2.889777001168E-001 -2.507349632502E-001  1.533160893120E-001
  2.260869970742E+000  2.851530407103E-001 -2.483708510708E-001  1.551609678901E-001
  2.276320859530E+000  2.813340788910E-001 -2.459604442339E-001  1.568141548279E-001
  2.291898075679E+000  2.775217866527E-001 -2.435060349484E-001  1.582814523601E-001
  2.307602977460E+000  2.737171227158E-001 -2.410098872704E-001  1.595685896298E-001
  2.323436941540E+000  2.699210322755E-001 -2.384742366747E-001  1.606812220995E-001
  2.339401363274E+000  2.661344467548E-001 -2.359012896340E-001  1.616249309993E-001
  2.355497657016E+000  2.623582835606E-001 -2.332932232059E-001  1.624052228104E-001
  2.371727256428E+000  2.585934458452E-001 -2.306521846295E-001  1.630275287828E-001
  2.388091614797E+000  2.548408222724E-001 -2.279802909294E-001  1.634972044843E-001
  2.404592205358E+000  2.511012867882E-001 -2.252796285288E-001  1.638195293801E-001
  2.421230521622E+000  2.473756983970E-001 -2.225522528710E-001  1.639997064410E-001
  2.438008077714E+000  2.436649009430E-001 -2.198001880495E-001  1.640428617775E-001
  2.454926408713E+000  2.399697228973E-001 -2.170254264478E-001  1.639540443004E-001
  2.471987071003E+000  2.362909771506E-001 -2.142299283871E-001  1.637382254049E-001
  2.489191642624E+000  2.326294608126E-001 -2.114156217843E-001  1.634002986762E-001
  2.506541723641E+000  2.289859550169E-001 -2.085844018191E-001  1.629450796179E-001
  2.524038936507E+000  2.253612247329E-001 -2.057381306107E-001  1.623773053992E-001
  2.541684926444E+000  2.217560185847E-001 -2.028786369052E-001  1.617016346215E-001
  2.559481361827E+000  2.181710686765E-001 -2.000077157725E-001  1.609226471026E-001
  2.577429934572E+000  2.146070904257E-001 -1.971271283147E-001  1.600448436782E-001
  2.595532360540E+000  2.110647824034E-001 -1.942386013846E-001  1.590726460192E-001
  2.613790379943E+000  2.075448261828E-001 -1.913438273166E-001  1.580103964648E-001
  2.632205757760E+000  2.040478861955E-001 -1.884444636689E-001  1.568623578704E-001
  2.650780284158E+000  2.005746095961E-001 -1.855421329774E-001  1.556327134701E-001
  2.669515774928E+000  1.971256261353E-001 -1.826384225231E-001  1.543255667528E-001
  2.688414071925E+000  1.937015480422E-001 -1.797348841120E-001  1.529449413527E-001
  2.707477043518E+000  1.903029699146E-001 -1.768330338685E-001  1.514947809533E-001
  2.726706585047E+000  1.869304686198E-001 -1.739343520435E-001  1.499789492052E-001
  2.746104619295E+000  1.835846032038E-001 -1.710402828359E-001  1.484012296573E-001
  2.765673096964E+000  1.802659148110E-001 -1.681522342298E-001  1.467653257024E-001
  2.785413997161E+000  1.769749266131E-001 -1.652715778471E-001  1.450748605374E-001
  2.805329327899E+000  1.737121437484E-001 -1.623996488161E-001  1.433333771371E-001
  2.825421126601E+000  1.704780532720E-001 -1.595377456566E-001  1.415443382447E-001
  2.845691460623E+000  1.672731241150E-001 -1.566871301820E-001  1.397111263770E-001
  2.866142427776E+000  1.640978070561E-001 -1.538490274189E-001  1.378370438467E-001
  2.886776156875E+000  1.609525347028E-001 -1.510246255456E-001  1.359253128023E-001
  2.907594808280E+000  1.578377214843E-001 -1.482150758477E-001  1.339790752857E-001
  2.928600574467E+000  1.547537636549E-001 -1.454214926947E-001  1.320013933090E-001
  2.949795680597E+000  1.517010393089E-001 -1.426449535347E-001  1.299952489528E-001
  2.971182385105E+000  1.486799084075E-001 -1.398864989100E-001  1.279635444838E-001
  2.992762980296E+000  1.456907128159E-001 -1.371471324934E-001  1.259091024968E-001
  3.014539792958E+000  1.427337763531E-001 -1.344278211451E-001  1.238346660796E-001
  3.036515184988E+000  1.398094048525E-001 -1.317294949914E-001  1.217428990025E-001
  3.058691554023E+000  1.369178862342E-001 -1.290530475256E-001  1.196363859351E-001
  3.081071334099E+000  1.340594905896E-001 -1.263993357301E-001  1.175176326896E-001
  3.103656996309E+000  1.312344702768E-001 -1.237691802226E-001  1.153890664938E-001
  3.126451049484E+000  1.284430600280E-001 -1.211633654244E-001  1.132530362936E-001
  3.149456040888E+000  1.256854770685E-001 -1.185826397519E-001  1.111118130880E-001
  3.172674556926E+000  1.229619212471E-001 -1.160277158318E-001  1.089675902959E-001
  3.196109223865E+000  1.202725751780E-001 -1.134992707403E-001  1.068224841577E-001
  3.219762708576E+000  1.176176043936E-001 -1.109979462656E-001  1.046785341725E-001
  3.243637719289E+000  1.149971575092E-001 -1.085243491944E-001  1.025377035711E-001
  3.267737006362E+000  1.124113663981E-001 -1.060790516230E-001  1.004018798277E-001
  3.292063363076E+000  1.098603463778E-001 -1.036625912918E-001  9.827287520988E-002
  3.316619626434E+000  1.073441964066E-001 -1.012754719442E-001  9.615242736908E-002
  3.341408677987E+000  1.048629992907E-001 -9.891816370893E-002  9.404219997146E-002
  3.366433444679E+000  1.024168219016E-001 -9.659110350675E-002  9.194378337087E-002
  3.391696899702E+000  1.000057154029E-001 -9.429469548019E-002  8.985869532427E-002
  3.417202063379E+000  9.762971548712E-002 -9.202931144671E-002  8.778838175034E-002
  3.442952004065E+000  9.528884262144E-002 -8.979529137482E-002  8.573421753192E-002
  3.468949839059E+000  9.298310230230E-002 -8.759294388268E-002  8.369750736257E-002
  3.495198735552E+000  9.071248531862E-002 -8.542254675876E-002  8.167948663766E-002
  3.521701911582E+000  8.847696802300E-002 -8.328434750411E-002  7.968132239020E-002
  3.548462637020E+000  8.627651261067E-002 -8.117856389555E-002  7.770411427118E-002
  3.575484234572E+000  8.411106740557E-002 -7.910538456919E-002  7.574889557469E-002
  3.602770080809E+000  8.198056715333E-002 -7.706496962363E-002  7.381663430721E-002
  3.630323607217E+000  7.988493332046E-002 -7.505745124189E-002  7.190823430080E-002
  3.658148301271E+000  7.782407439938E-002 -7.308293433147E-002  7.002453636964E-002
  3.686247707537E+000  7.579788621879E-002 -7.114149718147E-002  6.816631950905E-002
  3.714625428793E+000  7.380625225876E-002 -6.923319213595E-002  6.633430213627E-002
  3.743285127184E+000  7.184904397007E-002 -6.735804628240E-002  6.452914337173E-002
  3.772230525397E+000  6.992612109732E-002 -6.551606215438E-002  6.275144435973E-002
  3.801465407866E+000  6.803733200510E-002 -6.370721844717E-002  6.100174962715E-002
  3.830993622005E+000  6.618251400676E-002 -6.193147074529E-002  5.928054847849E-002
  3.860819079470E+000  6.436149369520E-002 -6.018875226064E-002  5.758827642579E-002
  3.890945757450E+000  6.257408727507E-002 -5.847897458012E-002  5.592531665126E-002
  3.921377699988E+000  6.082010089587E-002 -5.680202842134E-002  5.429200150096E-002
  3.952119019336E+000  5.909933098524E-002 -5.515778439519E-002  5.268861400713E-002
  3.983173897337E+000  5.741156458204E-002 -5.354609377387E-002  5.111538943699E-002
  4.014546586845E+000  5.575657966847E-002 -5.196678926303E-002  4.957251686557E-002
  4.046241413173E+000  5.413414550086E-002 -5.041968577669E-002  4.806014077015E-002
  4.078262775585E+000  5.254402293839E-002 -4.890458121340E-002  4.657836264342E-002
  4.110615148813E+000  5.098596476923E-002 -4.742125723234E-002  4.512724262292E-002
  4.143303084620E+000  4.945971603378E-002 -4.596948002789E-002  4.370680113365E-002
  4.176331213391E+000  4.796501434410E-002 -4.454900110127E-002  4.231702054108E-002
  4.209704245774E+000  4.650159019943E-002 -4.315955802780E-002  4.095784681156E-002
  4.243426974351E+000  4.506916729706E-002 -4.180087521836E-002  3.962919117689E-002
  4.277504275353E+000  4.366746283816E-002 -4.047266467378E-002  3.833093180028E-002
  4.311941110423E+000  4.229618782823E-002 -3.917462673055E-002  3.706291544017E-002
  4.346742528412E+000  4.095504737158E-002 -3.790645079681E-002  3.582495910909E-002
  4.381913667228E+000  3.964374095963E-002 -3.666781607700E-002  3.461685172413E-002
  4.417459755726E+000  3.836196275263E-002 -3.545839228420E-002  3.343835574603E-002
  4.453386115645E+000  3.710940185440E-002 -3.427784033863E-002  3.228920880363E-002
  4.489698163598E+000  3.588574257993E-002 -3.312581305143E-002  3.116912530058E-002
  4.526401413105E+000  3.469066471552E-002 -3.200195579234E-002  3.007779800137E-002
  4.563501476684E+000  3.352384377124E-002 -3.090590714038E-002  2.901489959343E-002
  4.601004067991E+000  3.238495122560E-002 -2.983729951649E-002  2.798008422258E-002
  4.638915004011E+000  3.127365476224E-002 -2.879575979711E-002  2.697298899890E-002
  4.677240207311E+000  3.018961849853E-002 -2.778090990805E-002  2.599323547023E-002
  4.715985708351E+000  2.913250320610E-002 -2.679236739764E-002  2.504043106079E-002
  4.755157647843E+000  2.810196652321E-002 -2.582974598856E-002  2.411417047224E-002
  4.794762279187E+000  2.709766315904E-002 -2.489265610787E-002  2.321403704495E-002
  4.834805970953E+000  2.611924508991E-002 -2.398070539440E-002  2.233960407726E-002
  4.875295209443E+000  2.516636174764E-002 -2.309349918345E-002  2.149043610051E-002
  4.916236601308E+000  2.423866020007E-002 -2.223064096810E-002  2.066609010819E-002
  4.957636876237E+000  2.333578532407E-002 -2.139173283716E-002  1.986611673726E-002
  4.999502889720E+000  2.245737997116E-002 -2.057637588942E-002  1.909006140026E-002
  5.041841625875E+000  2.160308512603E-002 -1.978417062428E-002  1.833746536681E-002
  5.084660200360E+000  2.077254005839E-002 -1.901471730866E-002  1.760786679346E-002
  5.127965863354E+000  1.996538246826E-002 -1.826761632051E-002  1.690080170075E-002
  5.171766002619E+000  1.918124862534E-002 -1.754246846893E-002  1.621580489701E-002
  5.216068146649E+000  1.841977350259E-002 -1.683887529145E-002  1.555241084822E-002
  5.260879967894E+000  1.768059090477E-002 -1.615643932868E-002  1.491015449363E-002
  5.306209286078E+000  1.696333359210E-002 -1.549476437703E-002  1.428857200720E-002
  5.352064071605E+000  1.626763339972E-002 -1.485345571994E-002  1.368720150482E-002
  5.398452449055E+000  1.559312135339E-002 -1.423212033837E-002  1.310558369771E-002
  5.445382700775E+000  1.493942778200E-002 -1.363036710129E-002  1.254326249255E-002
  5.492863270572E+000  1.430618242733E-002 -1.304780693705E-002  1.199978553914E-002
  5.540902767504E+000  1.369301455174E-002 -1.248405298638E-002  1.147470472640E-002
  5.589509969774E+000  1.309955304425E-002 -1.193872073819E-002  1.096757662794E-002
  5.638693828737E+000  1.252542652563E-002 -1.141142814901E-002  1.047796289856E-002
  5.688463473008E+000  1.197026345301E-002 -1.090179574726E-002  1.000543062301E-002
  5.738828212699E+000  1.143369222459E-002 -1.040944672344E-002  9.549552618864E-003
  5.789797543759E+000  1.091534128505E-002 -9.934007007294E-003  9.109907695173E-003
  5.841381152447E+000  1.041483923206E-002 -9.475105333316E-003  8.686080868898E-003
  5.893588919926E+000  9.931814924566E-003 -9.032373295675E-003  8.277663541210E-003
  5.946430926988E+000  9.465897593183E-003 -8.605445393806E-003  7.884253635841E-003
  5.999917458910E+000  9.016716953331E-003 -8.193959069932E-003  7.505455701776E-003
  6.054059010457E+000  8.583903321413E-003 -7.797554739713E-003  7.140880982673E-003
  6.108866291020E+000  8.167087734518E-003 -7.415875817267E-003  6.790147455463E-003
  6.164350229902E+000  7.765902073996E-003 -7.048568735751E-003  6.452879840631E-003
  6.220521981762E+000  7.379979193231E-003 -6.695282964697E-003  6.128709586734E-003
  6.277392932215E+000  7.008953049901E-003 -6.355671025232E-003  5.817274831705E-003
  6.334974703589E+000  6.652458842959E-003 -6.029388504309E-003  5.518220343548E-003
  6.393279160860E+000  6.310133154519E-003 -5.716094068989E-003  5.231197442959E-003
  6.452318417752E+000  5.981614096780E-003 -5.415449481794E-003  4.955863910435E-003
  6.512104843026E+000  5.666541464071E-003 -5.127119618053E-003  4.691883880361E-003
  6.572651066946E+000  5.364556890030E-003 -4.850772486142E-003  4.438927724524E-003
  6.633969987942E+000  5.075304009881E-003 -4.586079251385E-003  4.196671927418E-003
  6.696074779472E+000  4.798428627714E-003 -4.332714264362E-003  3.964798955642E-003
  6.758978897091E+000  4.533578888604E-003 -4.090355094254E-003  3.742997123563E-003
  6.822696085726E+000  4.280405455351E-003 -3.858682567753E-003  3.530960457337E-003
  6.887240387180E+000  4.038561689562E-003 -3.637380814025E-003  3.328388559236E-003
  6.952626147859E+000  3.807703836722E-003 -3.426137316056E-003  3.134986474106E-003
  7.018868026732E+000  3.587491214876E-003 -3.224642968662E-003  2.950464559642E-003
  7.085981003543E+000  3.377586406440E-003 -3.032592143326E-003  2.774538362002E-003
  7.153980387268E+000  3.177655452632E-003 -2.849682759914E-003  2.606928498139E-003
  7.222881824836E+000  2.987368049974E-003 -2.675616365263E-003  2.447360546067E-003
  7.292701310121E+000  2.806397748217E-003 -2.510098218483E-003  2.295564944089E-003
  7.363455193219E+000  2.634422149050E-003 -2.352837382768E-003  2.151276899879E-003
  7.435160190001E+000  2.471123104871E-003 -2.203546823381E-003  2.014236310108E-003
  7.507833391988E+000  2.316186916879E-003 -2.061943511412E-003  1.884187691150E-003
  7.581492276516E+000  2.169304531709E-003 -1.927748532818E-003  1.760880121223E-003
  7.656154717242E+000  2.030171735797E-003 -1.800687202143E-003  1.644067194174E-003
  7.731838994973E+000  1.898489346647E-003 -1.680489180306E-003  1.533506984912E-003
  7.808563808847E+000  1.773963400148E-003 -1.566888595695E-003  1.428962026397E-003
  7.886348287874E+000  1.656305333088E-003 -1.459624167810E-003  1.330199297870E-003
  7.965212002848E+000  1.545232159985E-003 -1.358439332603E-003  1.236990223930E-003
  8.045174978646E+000  1.440466643396E-003 -1.263082368638E-003  1.149110683891E-003
  8.126257706932E+000  1.341737456816E-003 -1.173306523131E-003  1.066341030743E-003
  8.208481159274E+000  1.248779339362E-003 -1.088870136929E-003  9.884661189237E-004
  8.291866800694E+000  1.161333241396E-003 -1.009536767449E-003  9.152753400056E-004
  8.376436603664E+000  1.079146460313E-003 -9.350753085825E-004  8.465626653213E-004
  8.462213062574E+000  1.001972765728E-003 -8.652601065730E-004  7.821266944642E-004
  8.549219208676E+000  9.295725133649E-004 -7.998710708989E-004  7.217707085477E-004
  8.637478625536E+000  8.617127469670E-004 -7.386937791729E-004  6.653027270523E-004
  8.727015464999E+000  7.981672876242E-004 -6.815195751291E-004  6.125355670589E-004
  8.817854463709E+000  7.387168099706E-004 -6.281456587859E-004  5.632869036452E-004
  8.910020960175E+000  6.831489047626E-004 -5.783751679204E-004  5.173793302158E-004
  9.003540912431E+000  6.312581274231E-004 -5.320172500415E-004  4.746404175442E-004
  9.098440916308E+000  5.828460322132E-004 -4.888871241105E-004  4.349027703254E-004
  9.194748224321E+000  5.377211917683E-004 -4.488061313215E-004  3.980040800728E-004
  9.292490765233E+000  4.956992018202E-004 -4.116017743309E-004  3.637871732384E-004
  9.391697164283E+000  4.566026710084E-004 -3.771077444040E-004  3.321000534922E-004
  9.492396764138E+000  4.202611957727E-004 -3.451639360328E-004  3.027959371684E-004
  9.594619646576E+000  3.865113204070E-004 -3.156164486680E-004  2.757332809595E-004
  9.698396654938E+000  3.551964824397E-004 -2.883175753036E-004  2.507758010331E-004
  9.803759417385E+000  3.261669435975E-004 -2.631257777469E-004  2.277924828337E-004
  9.910740370981E+000  2.992797066942E-004 -2.399056485086E-004  2.066575809410E-004
  1.001937278665E+001  2.743984188726E-004 -2.185278593423E-004  1.872506084576E-004
  1.012969079502E+001  2.513932617090E-004 -1.988690965677E-004  1.694563155129E-004
  1.024172941323E+001  2.301408287695E-004 -1.808119834045E-004  1.531646565835E-004
  1.035552457272E+001  2.105239912828E-004 -1.642449896463E-004  1.382707464458E-004
  1.047111314798E+001  1.924317526639E-004 -1.490623290914E-004  1.246748046931E-004
  1.058853298647E+001  1.757590926867E-004 -1.351638452425E-004  1.122820888624E-004
  1.070782293953E+001  1.604068021644E-004 -1.224548858676E-004  1.010028163326E-004
  1.082902289454E+001  1.462813090442E-004 -1.108461670970E-004  9.075207525982E-005
  1.095217380826E+001  1.332944968717E-004 -1.002536278016E-004  8.144972492565E-005
  1.107731774137E+001  1.213635166110E-004 -9.059827506594E-005  7.302028596786E-005
  1.120449789442E+001  1.104105928392E-004 -8.180602162332E-005  6.539282105920E-005
  1.133375864507E+001  1.003628253513E-004 -7.380751617422E-005  5.850080668223E-005
  1.146514558681E+001  9.115198722031E-005 -6.653796754592E-005  5.228199672459E-005
  1.159870556913E+001  8.271432036200E-005 -5.993696368438E-005  4.667827868630E-005
  1.173448673928E+001  7.499032964410E-005 -5.394828649003E-005  4.163552334720E-005
  1.187253858566E+001  6.792457656343E-005 -4.851972352124E-005  3.710342878951E-005
  1.201291198287E+001  6.146547348972E-005 -4.360287759068E-005  3.303535970674E-005
  1.215565923859E+001  5.556507944082E-005 -3.915297527224E-005  2.938818295489E-005
  1.230083414231E+001  5.017889831184E-005 -3.512867531820E-005  2.612210031675E-005
  1.244849201595E+001  4.526568043163E-005 -3.149187795944E-005  2.320047945279E-005
  1.259868976657E+001  4.078722826302E-005 -2.820753602580E-005  2.058968400525E-005
  1.275148594119E+001  3.670820700048E-005 -2.524346877886E-005  1.825890380401E-005
  1.290694078384E+001  3.299596075011E-005 -2.257017929755E-005  1.617998609494E-005
  1.306511629490E+001  2.962033490353E-005 -2.016067619748E-005  1.432726867444E-005
  1.322607629292E+001  2.655350523991E-005 -1.799030039926E-005  1.267741576797E-005
  1.338988647898E+001  2.376981421030E-005 -1.603655759002E-005  1.120925743630E-005
  1.355661450375E+001  2.124561477629E-005 -1.427895694673E-005  9.903633232575E-006
  1.372633003727E+001  1.895912209201E-005 -1.269885661117E-005  8.743240766241E-006
  1.389910484176E+001  1.689027323591E-005 -1.127931632474E-005  7.712489757685E-006
  1.407501284743E+001  1.502059511713E-005 -1.000495754897E-005  6.797362091727E-006
  1.425413023161E+001  1.333308060187E-005 -8.861831314580E-006  5.985278299098E-006
  1.443653550117E+001  1.181207282949E-005 -7.837293960065E-006  5.264970814613E-006
  1.462230957852E+001  1.044315761584E-005 -6.919890840833E-006  4.626364279764E-006
  1.481153589140E+001  9.213063774636E-006 -6.099248012932E-006  4.060463077027E-006
  1.500430046649E+001  8.109571126893E-006 -5.365971822339E-006  3.559246204549E-006
  1.520069202718E+001  7.121425913418E-006 -4.711556262632E-006  3.115569523975E-006
  1.540080209569E+001  6.238263278332E-006 -4.128297901232E-006  2.723075342062E-006
  1.560472509963E+001  5.450536451223E-006 -3.609218118176E-006  2.376109219257E-006
  1.581255848342E+001  4.749452223406E-006 -3.147992351937E-006  2.069643836441E-006
  1.602440282470E+001  4.126912289315E-006 -2.738886004763E-006  1.799209695159E-006
  1.624036195599E+001  3.575460007648E-006 -2.376696625487E-006  1.560832377525E-006
  1.646054309190E+001  3.088232128191E-006 -2.056701961057E-006  1.350976049953E-006
  1.668505696224E+001  2.658915029102E-006 -1.774613449077E-006  1.166492860240E-006
  1.691401795117E+001  2.281705015411E-006 -1.526534712347E-006  1.004577850463E-006
  1.714754424293E+001  1.951272241964E-006 -1.308924612428E-006  8.627289885607E-007
  1.738575797433E+001  1.662727842514E-006 -1.118564422295E-006  7.387119093427E-007
  1.762878539445E+001  1.411593870256E-006 -9.525286875842E-007  6.305289505709E-007
  1.787675703191E+001  1.193775683032E-006 -8.081593612020E-007  5.363920713590E-007
  1.812980787015E+001  1.005536437900E-006 -6.830428164216E-007  4.546992479104E-007
  1.838807753110E+001  8.434733937066E-007 -5.749893682407E-007  3.840139548985E-007
  1.865171046781E+001  7.044957558976E-007 -4.820149608714E-007  3.230473589144E-007
  1.892085616642E+001  5.858038341219E-007 -4.023247099261E-007  2.706428725832E-007
  1.919566935809E+001  4.848693192856E-007 -3.342980202615E-007  2.257627433803E-007
  1.947631024137E+001  3.994165218287E-007 -2.764750336854E-007  1.874763790353E-007
  1.976294471571E+001  3.274044463443E-007 -2.275441940123E-007  1.549501408667E-007
  2.005574462663E+001  2.670096085871E-007 -1.863307494878E-007  1.274383666547E-007
  2.035488802332E+001  2.166095288735E-007 -1.517860437215E-007  1.042754149652E-007
  2.066055942930E+001  1.747668604364E-007 -1.229774753672E-007  8.486855250052E-008
  2.097295012706E+001  1.402141321519E-007 -9.907903337258E-008  6.869153445304E-008
  2.129225845729E+001  1.118391020402E-007 -7.936233832305E-008  5.527875444361E-008
  2.161869013374E+001  8.867073100510E-008 -6.318814094127E-008  4.421986502367E-008
  2.195245857462E+001  6.986579550798E-008 -4.999824605078E-008  3.515479157280E-008
  2.229378525140E+001  5.469616345032E-008 -3.930784421925E-008  2.776908152683E-008
  2.264290005632E+001  4.253675976925E-008 -3.069824394953E-008  2.178954711211E-008
  2.300004168951E+001  3.285424750194E-008 -2.381000484963E-008  1.698017313043E-008
  2.336545806705E+001  2.519644678887E-008 -1.833647694118E-008  1.313827191848E-008
  2.373940675129E+001  1.918250895011E-008 -1.401775347795E-008  1.009087555799E-008
  2.412215540475E+001  1.449385588834E-008 -1.063504471083E-008  7.691360965639E-009
  2.451398226921E+001  1.086588716110E-008 -8.005478352763E-009  5.816306926102E-009
  2.491517667142E+001  8.080448615439E-009 -5.977329478847E-009  4.362583762328E-009
  2.532603955735E+001  5.959047950741E-009 -4.425678651097E-009  3.244676498908E-009
  2.574688405660E+001  4.356794379690E-009 -3.248492572331E-009  2.392241406313E-009
  2.617803607920E+001  3.157032041258E-009 -2.363116902370E-009  1.747894043905E-009
  2.661983494664E+001  2.266630260550E-009 -1.703166321517E-009  1.265224654037E-009
  2.707263405971E+001  1.611888351953E-009 -1.215792756836E-009  9.070342713077E-010
  2.753680160532E+001  1.135008551446E-009 -8.593090943023E-010  6.437824330182E-010
  2.801272130518E+001  7.910878960407E-010 -6.011428235297E-010  4.522350972169E-010
  2.850079320900E+001  5.455784307571E-010 -4.160919827191E-010  3.142994344048E-010
  2.900143453541E+001  3.721649456586E-010 -2.848545171731E-010  2.160306526145E-010
  2.951508056378E+001  2.510104086242E-010 -1.928017154039E-010  1.467949942981E-010
  3.004218558064E+001  1.673212088990E-010 -1.289666832019E-010  9.857251937126E-011
  3.058322388437E+001  1.101870832012E-010 -8.521976841180E-011  6.538324131597E-011
  3.113869085248E+001  7.165396947472E-011 -5.560434697555E-011  4.282056607563E-011
  3.170910407585E+001  4.599183158275E-011 -3.580830178218E-011  2.767673185374E-011
  3.229500456485E+001  2.912353848742E-011 -2.274874465315E-011  1.764598594692E-011
  3.289695803249E+001  1.818499763116E-011 -1.424992740052E-011  1.109248205184E-011
  3.351555626047E+001  1.119079073803E-011 -8.796749730384E-012  6.871259068948E-012
  3.415141855403E+001  6.783423751918E-012 -5.348704079277E-012  4.192097295548E-012
  3.480519329257E+001  4.047891640040E-012 -3.201422144716E-012  2.517476527000E-012
  3.547755958299E+001  2.376511455922E-012 -1.885145635830E-012  1.487231055846E-012
  3.616922902393E+001  1.371857318433E-012 -1.091394037295E-012  8.637695510896E-013
  3.688094758921E+001  7.781255665769E-013 -6.208217250864E-013  4.928764970507E-013
  3.761349763993E+001  4.333730258200E-013 -3.467375658343E-013  2.761210472040E-013
  3.836770007534E+001  2.368265873751E-013 -1.900066303200E-013  1.517636393107E-013
  3.914441663347E+001  1.268892024321E-013 -1.020798467613E-013  8.177352695983E-014
  3.994455235367E+001  6.660350655226E-014 -5.372390028085E-014  4.316063496357E-014
  4.076905821405E+001  3.422020803658E-014 -2.767493042034E-014  2.229608832550E-014
  4.161893395835E+001  1.719481279500E-014 -1.394162691130E-014  1.126295044679E-014
  4.249523112779E+001  8.441851206086E-015 -6.861906245764E-015  5.558469949356E-015
  4.339905631520E+001  4.045557081467E-015 -3.296520536342E-015  2.677402572621E-015
  4.433157466006E+001  1.890478601079E-015 -1.544184476572E-015  1.257420628026E-015
  4.529401360538E+001  8.604910472685E-016 -7.045367508093E-016  5.751552797230E-016
  4.628766693861E+001  3.810701009951E-016 -3.127319717455E-016  2.559356620001E-016
  4.731389914191E+001  1.639920562463E-016 -1.348903496136E-016  1.106608274730E-016
  4.837415007871E+001  6.849305778687E-017 -5.646458614035E-017  4.643244826382E-017
  4.946994004686E+001  2.772626938965E-017 -2.290729114811E-017  1.888121318570E-017
  5.060287523143E+001  1.086274592371E-017 -8.994066837769E-018  7.430221328050E-018
  5.177465359367E+001  4.112802071354E-018 -3.412481357454E-018  2.825430201023E-018
  5.298707123650E+001  1.502431860728E-018 -1.249180952492E-018  1.036544366227E-018
  5.424202929116E+001  5.286627816572E-019 -4.404430887182E-019  3.662524903299E-019
  5.554154137419E+001  1.788604717175E-019 -1.493099084126E-019  1.244193873214E-019
  5.688774166961E+001  5.807373773077E-020 -4.857359237496E-020  4.055917244709E-020
  5.828289369667E+001  1.805938807875E-020 -1.513397266487E-020  1.266229453201E-020
  5.972939983075E+001  5.367332395742E-021 -4.506313908168E-021  3.777748656539E-021
  6.122981165190E+001  1.521117651852E-021 -1.279447985782E-021  1.074653161179E-021
  6.278684120462E+001  4.100818341353E-022 -3.455503661174E-022  2.907859259685E-022
  6.440337326150E+001  1.048985251104E-022 -8.854735489406E-023  7.465116336305E-023
  6.608247869451E+001  2.539072169219E-023 -2.146996271006E-023  1.813318967131E-023
  6.782742906960E+001  5.798631621345E-024 -4.911528942236E-024  4.155514910963E-024
  6.964171259434E+001  1.245589474852E-024 -1.056783983265E-024  8.956600530566E-025
  7.152905156377E+001  2.508342057958E-025 -2.131589471208E-025  1.809644769691E-025
  7.349342146763E+001  4.718744271990E-026 -4.016376460358E-026  3.415397121427E-026
  7.553907194217E+001  8.261391915309E-027 -7.042684768612E-027  5.998554663579E-027
  7.767054977292E+001  1.340637169247E-027 -1.144615054028E-027  9.764595100890E-028
  7.989272418113E+001  2.007796825470E-028 -1.716791204478E-028  1.466843578668E-028
  8.221081465675E+001  2.762245406059E-029 -2.365353541061E-029  2.024041091462E-029
  8.463042163523E+001  3.473558673906E-030 -2.978731173134E-030  2.552684732878E-030
  8.715756035520E+001  3.971293950120E-031 -3.410346978451E-031  2.926799532391E-031
  8.979869827958E+001  4.104254613947E-032 -3.529375686236E-032  3.033241738440E-032
  9.256079651532E+001  3.810569724068E-033 -3.281239773683E-033  2.823893141677E-033
  9.545135572765E+001  3.157171658300E-034 -2.722189190046E-034  2.345937445647E-034
  9.847846711487E+001  2.317551978071E-035 -2.000826509067E-035  1.726562457230E-035
  1.016508690915E+002  1.495557586458E-036 -1.292798680926E-036  1.117032046908E-036
  1.049780104220E+002  8.413235474596E-038 -7.281599136256E-038  6.299567383177E-038
  1.084701206579E+002  4.088370434436E-039 -3.542731599563E-039  3.068732303212E-039
  1.121382888606E+002  1.699309027305E-040 -1.474256888009E-040  1.278552278552E-040
  1.159945517414E+002  5.976809752203E-042 -5.191246939499E-042  4.507435927091E-042
  1.200519925308E+002  1.758228952921E-043 -1.528860875652E-043  1.329004842601E-043
  1.243248520934E+002  4.271448327779E-045 -3.718321749048E-045  3.235896702516E-045
  1.288286540551E+002  8.451925280704E-047 -7.365392063628E-047  6.416839638858E-047
  1.335803459987E+002  1.341687301188E-048 -1.170440201941E-048  1.020800578930E-048
  1.385984591287E+002  1.680667880349E-050 -1.467665066868E-050  1.281368062974E-050
  1.439032892205E+002  1.631481852370E-052 -1.426146095067E-052  1.246393811640E-052
  1.495171021587E+002  1.203157239089E-054 -1.052762932169E-054  9.209910547007E-055
  1.554643679592E+002  6.595028133559E-057 -5.776185385327E-057  5.058117336109E-057
  1.617720278763E+002  2.623130381908E-059 -2.299590997619E-059  2.015630251328E-059
  1.684698000514E+002  7.372395871530E-062 -6.468978739064E-062  5.675422192849E-062
  1.755905301928E+002  1.421821320624E-064 -1.248701629123E-064  1.096511385257E-064
  1.831705950299E+002  1.821460494670E-067 -1.601070057107E-067  1.407170730059E-067
  1.912503678195E+002  1.495103946386E-070 -1.315313715807E-070  1.157012111555E-070
  1.998747570544E+002  7.553998127582E-074 -6.651089409758E-074  5.855495884152E-074
  2.090938318328E+002  2.246510873093E-077 -1.979580051496E-077  1.744201540041E-077
  2.189635501945E+002  3.740683127283E-081 -3.298791587932E-081  2.908852269842E-081
  2.295466102647E+002  3.297388020065E-085 -2.910075872316E-085  2.568058395690E-085
  2.409134484547E+002  1.444858507269E-089 -1.276088685003E-089  1.126953394774E-089
  2.531434144886E+002  2.931653995349E-094 -2.591078739683E-094  2.289923926027E-094
  2.663261599835E+002  2.542289589863E-099 -2.248518417306E-099  1.988580496240E-099
  2.805632861191E+002  8.604214609353E-105 -7.615132340519E-105  6.739404196014E-105
  2.959703071532E+002  1.024974715434E-110 -9.077484376679E-111  8.038925810470E-111
  3.126790009236E+002  3.819895362417E-117 -3.385177072822E-117  2.999808963562E-117
  3.308402360200E+002  3.891584680839E-124 -3.450845260344E-124  3.059910460031E-124
  3.506273893903E+002  9.280881210489E-132 -8.234720780848E-132  7.306250410127E-132
  3.722404996260E+002  4.332377713969E-140 -3.846257028909E-140  3.414584962042E-140
  3.959113426415E+002  3.217261000639E-149 -2.857869179208E-149  2.538560374374E-149
  4.219096715122E+002  2.985746403201E-159 -2.653657278661E-159  2.358452759824E-159
  4.505509359373E+002  2.611217619242E-170 -2.322002688948E-170  2.064781053896E-170
  4.822058963204E+002  1.544428031058E-182 -1.374064114819E-182  1.222472338843E-182
  5.173126831536E+002  4.173894464201E-196 -3.715287746104E-196  3.307022426760E-196
  5.563920392209E+002  3.234108600977E-211 -2.880111602227E-211  2.564830074683E-211
  6.000667421536E+002  4.114510613996E-228 -3.665799809390E-228  3.265988416858E-228
  6.490865708786E+002  4.392918429088E-247 -3.915540361046E-247  3.490006993023E-247
  7.043607010442E+002  1.744170919410E-268 -1.555277312205E-268  1.386830121892E-268
  7.670001674974E+002  9.524598467800E-293 -8.496459115233E-293  7.579253546717E-293
  8.383741345464E+002  0.000000000000E+000  0.000000000000E+000  0.000000000000E+000
  9.201853543213E+002  0.000000000000E+000  0.000000000000E+000  0.000000000000E+000
  1.014572672318E+003  0.000000000000E+000  0.000000000000E+000  0.000000000000E+000
  1.124252254996E+003  0.000000000000E+000  0.000000000000E+000  0.000000000000E+000
  1.252715205428E+003  0.000000000000E+000  0.000000000000E+000  0.000000000000E+000
  1.404508845568E+003  0.000000000000E+000  0.000000000000E+000  0.000000000000E+000
  1.585644739908E+003  0.000000000000E+000  0.000000000000E+000  0.000000000000E+000
  1.804203189488E+003  0.000000000000E+000  0.000000000000E+000  0.000000000000E+000
  2.071250249814E+003  0.000000000000E+000  0.000000000000E+000  0.000000000000E+000
  2.402266552340E+003  0.000000000000E+000  0.000000000000E+000  0.000000000000E+000
  2.819442449497E+003  0.000000000000E+000  0.000000000000E+000  0.000000000000E+000
  3.355496240167E+003  0.000000000000E+000  0.000000000000E+000  0.000000000000E+000
  4.060290442982E+003  0.000000000000E+000  0.000000000000E+000  0.000000000000E+000
  5.012860622227E+003  0.000000000000E+000  0.000000000000E+000  0.000000000000E+000
  6.344578802016E+003  0.000000000000E+000  0.000000000000E+000  0.000000000000E+000
  8.287000878586E+003  0.000000000000E+000  0.000000000000E+000  0.000000000000E+000
  1.127976970933E+004  0.000000000000E+000  0.000000000000E+000  0.000000000000E+000
  1.624316171036E+004  0.000000000000E+000  0.000000000000E+000  0.000000000000E+000
  2.538031516868E+004  0.000000000000E+000  0.000000000000E+000  0.000000000000E+000
  4.512107881524E+004  0.000000000000E+000  0.000000000000E+000  0.000000000000E+000
  1.015232606647E+005  0.000000000000E+000  0.000000000000E+000  0.000000000000E+000
  4.060950426526E+005  0.000000000000E+000  0.000000000000E+000  0.000000000000E+000
