# 1st line: number of mesh points
# abcissa wavefunction wavefunction_1st wavefunction_2nd
1000
# Principal QN=   4 , l=   0 , Occupation=   2.0000
  2.462477732966E-006  1.870606407549E+001 -7.500432230819E+002  2.658614004347E+004
  9.849959442330E-006  1.870052387029E+001 -7.498468479424E+002  2.657815841318E+004
  2.216259066178E-005  1.869129329688E+001 -7.495196827458E+002  2.656486175651E+004
  3.940061395432E-005  1.867837700508E+001 -7.490619173980E+002  2.654625915662E+004
  6.156436892224E-005  1.866178149851E+001 -7.484738174721E+002  2.652236331486E+004
  8.865429222131E-005  1.864151512854E+001 -7.477557239133E+002  2.649319053573E+004
  1.206709175794E-004  1.861758808639E+001 -7.469080526607E+002  2.645876070756E+004
  1.576148758184E-004  1.859001239366E+001 -7.459312941868E+002  2.641909727897E+004
  1.994868948811E-004  1.855880189103E+001 -7.448260129535E+002  2.637422723115E+004
  2.462877998613E-004  1.852397222535E+001 -7.435928467888E+002  2.632418104602E+004
  2.980185130383E-004  1.848554083507E+001 -7.422325061818E+002  2.626899267021E+004
  3.546800539158E-004  1.844352693400E+001 -7.407457734995E+002  2.620869947513E+004
  4.162735392647E-004  1.839795149342E+001 -7.391335021254E+002  2.614334221291E+004
  4.828001831694E-004  1.834883722270E+001 -7.373966155222E+002  2.607296496861E+004
  5.542612970792E-004  1.829620854826E+001 -7.355361062188E+002  2.599761510847E+004
  6.306582898628E-004  1.824009159105E+001 -7.335530347250E+002  2.591734322446E+004
  7.119926678676E-004  1.818051414253E+001 -7.314485283741E+002  2.583220307520E+004
  7.982660349828E-004  1.811750563917E+001 -7.292237800956E+002  2.574225152327E+004
  8.894800927067E-004  1.805109713556E+001 -7.268800471209E+002  2.564754846910E+004
  9.856366402179E-004  1.798132127610E+001 -7.244186496229E+002  2.554815678147E+004
  1.086737574451E-003  1.790821226539E+001 -7.218409692917E+002  2.544414222478E+004
  1.192784890174E-003  1.783180583730E+001 -7.191484478500E+002  2.533557338316E+004
  1.303780680078E-003  1.775213922279E+001 -7.163425855088E+002  2.522252158159E+004
  1.419727134858E-003  1.766925111655E+001 -7.134249393667E+002  2.510506080412E+004
  1.540626543307E-003  1.758318164244E+001 -7.103971217560E+002  2.498326760933E+004
  1.666481292416E-003  1.749397231787E+001 -7.072607985360E+002  2.485722104314E+004
  1.797293867468E-003  1.740166601714E+001 -7.040176873390E+002  2.472700254912E+004
  1.933066852148E-003  1.730630693369E+001 -7.006695557695E+002  2.459269587649E+004
  2.073802928647E-003  1.720794054153E+001 -6.972182195603E+002  2.445438698584E+004
  2.219504877777E-003  1.710661355570E+001 -6.936655406886E+002  2.431216395282E+004
  2.370175579090E-003  1.700237389188E+001 -6.900134254538E+002  2.416611686988E+004
  2.525818010992E-003  1.689527062532E+001 -6.862638225218E+002  2.401633774626E+004
  2.686435250879E-003  1.678535394893E+001 -6.824187209368E+002  2.386292040634E+004
  2.852030475254E-003  1.667267513082E+001 -6.784801481054E+002  2.370596038654E+004
  3.022606959872E-003  1.655728647115E+001 -6.744501677543E+002  2.354555483090E+004
  3.198168079872E-003  1.643924125848E+001 -6.703308778661E+002  2.338180238548E+004
  3.378717309917E-003  1.631859372565E+001 -6.661244085957E+002  2.321480309182E+004
  3.564258224347E-003  1.619539900521E+001 -6.618329201702E+002  2.304465827950E+004
  3.754794497325E-003  1.606971308447E+001 -6.574586007753E+002  2.287147045806E+004
  3.950329902993E-003  1.594159276033E+001 -6.530036644323E+002  2.269534320840E+004
  4.150868315631E-003  1.581109559372E+001 -6.484703488677E+002  2.251638107378E+004
  4.356413709820E-003  1.567827986405E+001 -6.438609133782E+002  2.233468945066E+004
  4.566970160612E-003  1.554320452334E+001 -6.391776366960E+002  2.215037447946E+004
  4.782541843700E-003  1.540592915040E+001 -6.344228148548E+002  2.196354293546E+004
  5.003133035593E-003  1.526651390499E+001 -6.295987590621E+002  2.177430211997E+004
  5.228748113801E-003  1.512501948200E+001 -6.247077935790E+002  2.158275975187E+004
  5.459391557015E-003  1.498150706572E+001 -6.197522536105E+002  2.138902385976E+004
  5.695067945303E-003  1.483603828434E+001 -6.147344832105E+002  2.119320267486E+004
  5.935781960296E-003  1.468867516457E+001 -6.096568332032E+002  2.099540452470E+004
  6.181538385392E-003  1.453948008665E+001 -6.045216591234E+002  2.079573772792E+004
  6.432342105956E-003  1.438851573952E+001 -5.993313191797E+002  2.059431049012E+004
  6.688198109528E-003  1.423584507652E+001 -5.940881722419E+002  2.039123080111E+004
  6.949111486034E-003  1.408153127144E+001 -5.887945758562E+002  2.018660633354E+004
  7.215087428003E-003  1.392563767501E+001 -5.834528842899E+002  1.998054434305E+004
  7.486131230784E-003  1.376822777198E+001 -5.780654466089E+002  1.977315157022E+004
  7.762248292776E-003  1.360936513869E+001 -5.726346047893E+002  1.956453414423E+004
  8.043444115654E-003  1.344911340132E+001 -5.671626918659E+002  1.935479748852E+004
  8.329724304602E-003  1.328753619473E+001 -5.616520301208E+002  1.914404622847E+004
  8.621094568555E-003  1.312469712202E+001 -5.561049293115E+002  1.893238410128E+004
  8.917560720438E-003  1.296065971481E+001 -5.505236849436E+002  1.871991386806E+004
  9.219128677417E-003  1.279548739426E+001 -5.449105765880E+002  1.850673722838E+004
  9.525804461149E-003  1.262924343294E+001 -5.392678662444E+002  1.829295473719E+004
  9.837594198038E-003  1.246199091751E+001 -5.335977967547E+002  1.807866572437E+004
  1.015450411950E-002  1.229379271224E+001 -5.279025902646E+002  1.786396821695E+004
  1.047654056222E-002  1.212471142343E+001 -5.221844467388E+002  1.764895886394E+004
  1.080370996845E-002  1.195480936480E+001 -5.164455425275E+002  1.743373286412E+004
  1.113601888623E-002  1.178414852374E+001 -5.106880289882E+002  1.721838389660E+004
  1.147347396972E-002  1.161279052861E+001 -5.049140311622E+002  1.700300405437E+004
  1.181608197948E-002  1.144079661695E+001 -4.991256465076E+002  1.678768378079E+004
  1.216384978272E-002  1.126822760477E+001 -4.933249436902E+002  1.657251180925E+004
  1.251678435364E-002  1.109514385680E+001 -4.875139614316E+002  1.635757510581E+004
  1.287489277369E-002  1.092160525780E+001 -4.816947074170E+002  1.614295881506E+004
  1.323818223191E-002  1.074767118495E+001 -4.758691572616E+002  1.592874620910E+004
  1.360666002522E-002  1.057340048125E+001 -4.700392535373E+002  1.571501863982E+004
  1.398033355872E-002  1.039885143002E+001 -4.642069048603E+002  1.550185549433E+004
  1.435921034603E-002  1.022408173045E+001 -4.583739850374E+002  1.528933415367E+004
  1.474329800963E-002  1.004914847425E+001 -4.525423322750E+002  1.507752995478E+004
  1.513260428113E-002  9.874108123370E+000 -4.467137484472E+002  1.486651615582E+004
  1.552713700165E-002  9.699016488808E+000 -4.408899984252E+002  1.465636390463E+004
  1.592690412217E-002  9.523928710471E+000 -4.350728094670E+002  1.444714221058E+004
  1.633191370382E-002  9.348899238143E+000 -4.292638706671E+002  1.423891791960E+004
  1.674217391826E-002  9.173981813502E+000 -4.234648324655E+002  1.403175569254E+004
  1.715769304806E-002  8.999229453208E+000 -4.176773062169E+002  1.382571798669E+004
  1.757847948698E-002  8.824694433037E+000 -4.119028638174E+002  1.362086504053E+004
  1.800454174044E-002  8.650428273064E+000 -4.061430373900E+002  1.341725486165E+004
  1.843588842578E-002  8.476481723869E+000 -4.003993190263E+002  1.321494321779E+004
  1.887252827273E-002  8.302904753762E+000 -3.946731605852E+002  1.301398363103E+004
  1.931447012370E-002  8.129746537009E+000 -3.889659735470E+002  1.281442737496E+004
  1.976172293425E-002  7.957055443041E+000 -3.832791289206E+002  1.261632347488E+004
  2.021429577341E-002  7.784879026626E+000 -3.776139572055E+002  1.241971871096E+004
  2.067219782411E-002  7.613264018989E+000 -3.719717484040E+002  1.222465762431E+004
  2.113543838356E-002  7.442256319855E+000 -3.663537520856E+002  1.203118252579E+004
  2.160402686371E-002  7.271900990397E+000 -3.607611774993E+002  1.183933350765E+004
  2.207797279156E-002  7.102242247057E+000 -3.551951937350E+002  1.164914845789E+004
  2.255728580967E-002  6.933323456236E+000 -3.496569299306E+002  1.146066307711E+004
  2.304197567655E-002  6.765187129799E+000 -3.441474755238E+002  1.127391089805E+004
  2.353205226706E-002  6.597874921393E+000 -3.386678805483E+002  1.108892330747E+004
  2.402752557287E-002  6.431427623546E+000 -3.332191559704E+002  1.090572957046E+004
  2.452840570292E-002  6.265885165507E+000 -3.278022740663E+002  1.072435685704E+004
  2.503470288379E-002  6.101286611820E+000 -3.224181688374E+002  1.054483027095E+004
  2.554642746023E-002  5.937670161580E+000 -3.170677364626E+002  1.036717288050E+004
  2.606358989558E-002  5.775073148369E+000 -3.117518357846E+002  1.019140575155E+004
  2.658620077221E-002  5.613532040812E+000 -3.064712888298E+002  1.001754798229E+004
  2.711427079202E-002  5.453082443755E+000 -3.012268813590E+002  9.845616739945E+003
  2.764781077690E-002  5.293759100006E+000 -2.960193634469E+002  9.675627299102E+003
  2.818683166921E-002  5.135595892635E+000 -2.908494500900E+002  9.507593081757E+003
  2.873134453224E-002  4.978625847779E+000 -2.857178218388E+002  9.341525698836E+003
  2.928136055074E-002  4.822881137944E+000 -2.806251254547E+002  9.177434993154E+003
  2.983689103139E-002  4.668393085756E+000 -2.755719745872E+002  9.015329083691E+003
  3.039794740329E-002  4.515192168146E+000 -2.705589504727E+002  8.855214411091E+003
  3.096454121851E-002  4.363308020926E+000 -2.655866026493E+002  8.697095784278E+003
  3.153668415253E-002  4.212769443738E+000 -2.606554496890E+002  8.540976428080E+003
  3.211438800486E-002  4.063604405343E+000 -2.557659799437E+002  8.386858031768E+003
  3.269766469947E-002  3.915840049217E+000 -2.509186523031E+002  8.234740798405E+003
  3.328652628537E-002  3.769502699432E+000 -2.461138969634E+002  8.084623494894E+003
  3.388098493714E-002  3.624617866799E+000 -2.413521162053E+002  7.936503502643E+003
  3.448105295547E-002  3.481210255230E+000 -2.366336851774E+002  7.790376868727E+003
  3.508674276771E-002  3.339303768314E+000 -2.319589526866E+002  7.646238357463E+003
  3.569806692844E-002  3.198921516060E+000 -2.273282419905E+002  7.504081502289E+003
  3.631503812000E-002  3.060085821806E+000 -2.227418515924E+002  7.363898657865E+003
  3.693766915309E-002  2.922818229244E+000 -2.182000560365E+002  7.225681052283E+003
  3.756597296732E-002  2.787139509565E+000 -2.137031067011E+002  7.089418839317E+003
  3.819996263183E-002  2.653069668682E+000 -2.092512325892E+002  6.955101150596E+003
  3.883965134583E-002  2.520627954514E+000 -2.048446411152E+002  6.822716147636E+003
  3.948505243923E-002  2.389832864323E+000 -2.004835188848E+002  6.692251073630E+003
  4.013617937323E-002  2.260702152068E+000 -1.961680324682E+002  6.563692304911E+003
  4.079304574093E-002  2.133252835769E+000 -1.918983291643E+002  6.437025402024E+003
  4.145566526792E-002  2.007501204860E+000 -1.876745377559E+002  6.312235160308E+003
  4.212405181296E-002  1.883462827517E+000 -1.834967692529E+002  6.189305659918E+003
  4.279821936853E-002  1.761152557943E+000 -1.793651176233E+002  6.068220315227E+003
  4.347818206155E-002  1.640584543603E+000 -1.752796605120E+002  5.948961923520E+003
  4.416395415396E-002  1.521772232381E+000 -1.712404599437E+002  5.831512712923E+003
  4.485555004336E-002  1.404728379675E+000 -1.672475630115E+002  5.715854389498E+003
  4.555298426375E-002  1.289465055382E+000 -1.633010025492E+002  5.601968183451E+003
  4.625627148608E-002  1.175993650805E+000 -1.594007977860E+002  5.489834894387E+003
  4.696542651902E-002  1.064324885438E+000 -1.555469549839E+002  5.379434935559E+003
  4.768046430958E-002  9.544688136438E-001 -1.517394680566E+002  5.270748377069E+003
  4.840139994379E-002  8.464348312118E-001 -1.479783191686E+002  5.163754987962E+003
  4.912824864743E-002  7.402316817878E-001 -1.442634793154E+002  5.058434277170E+003
  4.986102578670E-002  6.358674631786E-001 -1.405949088829E+002  4.954765533278E+003
  5.059974686895E-002  5.333496335226E-001 -1.369725581862E+002  4.852727863059E+003
  5.134442754336E-002  4.326850173285E-001 -1.333963679874E+002  4.752300228750E+003
  5.209508360169E-002  3.338798113790E-001 -1.298662699922E+002  4.653461484043E+003
  5.285173097899E-002  2.369395905006E-001 -1.263821873245E+002  4.556190408758E+003
  5.361438575437E-002  1.418693132010E-001 -1.229440349798E+002  4.460465742175E+003
  5.438306415168E-002  4.867332717499E-002 -1.195517202558E+002  4.366266215012E+003
  5.515778254035E-002 -4.264462531737E-002 -1.162051431620E+002  4.273570580016E+003
  5.593855743605E-002 -1.320814021967E-001 -1.129041968063E+002  4.182357641175E+003
  5.672540550155E-002 -2.196344564304E-001 -1.096487677608E+002  4.092606281521E+003
  5.751834354743E-002 -3.053018310126E-001 -1.064387364048E+002  4.004295489529E+003
  5.831738853289E-002 -3.890821540530E-001 -1.032739772467E+002  3.917404384101E+003
  5.912255756656E-002 -4.709746339674E-001 -1.001543592243E+002  3.831912238141E+003
  5.993386790726E-002 -5.509790547623E-001 -9.707974598378E+001  3.747798500716E+003
  6.075133696481E-002 -6.290957714063E-001 -9.404999613834E+001  3.665042817812E+003
  6.157498230090E-002 -7.053257052789E-001 -9.106496350578E+001  3.583625051692E+003
  6.240482162984E-002 -7.796703396893E-001 -8.812449732642E+001  3.503525298866E+003
  6.324087281946E-002 -8.521317154535E-001 -8.522844246118E+001  3.424723906687E+003
  6.408315389190E-002 -9.227124265222E-001 -8.237663957068E+001  3.347201488586E+003
  6.493168302447E-002 -9.914156156477E-001 -7.956892527574E+001  3.270938937974E+003
  6.578647855056E-002 -1.058244970080E+000 -7.680513229976E+001  3.195917440815E+003
  6.664755896041E-002 -1.123204717281E+000 -7.408508959379E+001  3.122118486907E+003
  6.751494290207E-002 -1.186299620646E+000 -7.140862244481E+001  3.049523879893E+003
  6.838864918226E-002 -1.247534975223E+000 -6.877555256777E+001  2.978115746026E+003
  6.926869676725E-002 -1.306916603413E+000 -6.618569818232E+001  2.907876541715E+003
  7.015510478375E-002 -1.364450850649E+000 -6.363887407475E+001  2.838789059892E+003
  7.104789251987E-002 -1.420144581033E+000 -6.113489164586E+001  2.770836435227E+003
  7.194707942599E-002 -1.474005172928E+000 -5.867355894567E+001  2.704002148215E+003
  7.285268511573E-002 -1.526040514486E+000 -5.625468069558E+001  2.638270028198E+003
  7.376472936684E-002 -1.576258999107E+000 -5.387805829876E+001  2.573624255325E+003
  7.468323212221E-002 -1.624669520815E+000 -5.154348983969E+001  2.510049361515E+003
  7.560821349078E-002 -1.671281469543E+000 -4.925077007347E+001  2.447530230450E+003
  7.653969374850E-002 -1.716104726309E+000 -4.699969040581E+001  2.386052096637E+003
  7.747769333938E-002 -1.759149658288E+000 -4.479003886449E+001  2.325600543587E+003
  7.842223287637E-002 -1.800427113750E+000 -4.262160006300E+001  2.266161501145E+003
  7.937333314243E-002 -1.839948416873E+000 -4.049415515737E+001  2.207721242027E+003
  8.033101509154E-002 -1.877725362407E+000 -3.840748179670E+001  2.150266377581E+003
  8.129529984966E-002 -1.913770210195E+000 -3.636135406842E+001  2.093783852851E+003
  8.226620871580E-002 -1.948095679527E+000 -3.435554243899E+001  2.038260940951E+003
  8.324376316303E-002 -1.980714943332E+000 -3.238981369072E+001  1.983685236821E+003
  8.422798483957E-002 -2.011641622197E+000 -3.046393085568E+001  1.930044650394E+003
  8.521889556978E-002 -2.040889778198E+000 -2.857765314716E+001  1.877327399220E+003
  8.621651735528E-002 -2.068473908552E+000 -2.673073588975E+001  1.825522000593E+003
  8.722087237602E-002 -2.094408939073E+000 -2.492293044841E+001  1.774617263225E+003
  8.823198299134E-002 -2.118710217430E+000 -2.315398415755E+001  1.724602278505E+003
  8.924987174107E-002 -2.141393506203E+000 -2.142364025048E+001  1.675466411387E+003
  9.027456134670E-002 -2.162474975735E+000 -1.973163779022E+001  1.627199290955E+003
  9.130607471240E-002 -2.181971196775E+000 -1.807771160194E+001  1.579790800699E+003
  9.234443492626E-002 -2.199899132907E+000 -1.646159220796E+001  1.533231068541E+003
  9.338966526132E-002 -2.216276132769E+000 -1.488300576566E+001  1.487510456662E+003
  9.444178917683E-002 -2.231119922061E+000 -1.334167400900E+001  1.442619551153E+003
  9.550083031933E-002 -2.244448595328E+000 -1.183731419403E+001  1.398549151542E+003
  9.656681252387E-002 -2.256280607539E+000 -1.036963904907E+001  1.355290260227E+003
  9.763975981519E-002 -2.266634765451E+000 -8.938356729829E+000  1.312834071848E+003
  9.871969640891E-002 -2.275530218754E+000 -7.543170780051E+000  1.271171962640E+003
  9.980664671274E-002 -2.282986451016E+000 -6.183780098013E+000  1.230295479795E+003
  1.009006353277E-001 -2.289023270413E+000 -4.859878909271E+000  1.190196330870E+003
  1.020016870494E-001 -2.293660800262E+000 -3.571156746000E+000  1.150866373261E+003
  1.031098268692E-001 -2.296919469351E+000 -2.317298433227E+000  1.112297603787E+003
  1.042250799756E-001 -2.298820002074E+000 -1.097984082253E+000  1.074482148406E+003
  1.053474717553E-001 -2.299383408381E+000  8.711090851645E-002  1.037412252084E+003
  1.064770277946E-001 -2.298630973540E+000  1.238315845090E+000  1.001080268851E+003
  1.076137738809E-001 -2.296584247725E+000  2.355964721594E+000  9.654786520663E+002
  1.087577360036E-001 -2.293265035433E+000  3.440396196000E+000  9.305999449075E+002
  1.099089403557E-001 -2.288695384741E+000  4.491953557769E+000  8.964367711180E+002
  1.110674133350E-001 -2.282897576405E+000  5.510984687309E+000  8.629818260209E+002
  1.122331815458E-001 -2.275894112817E+000  6.497842007201E+000  8.302278678228E+002
  1.134062717995E-001 -2.267707706822E+000  7.452882425150E+000  7.981677092221E+002
  1.145867111168E-001 -2.258361270410E+000  8.376467268689E+000  7.667942093390E+002
  1.157745267286E-001 -2.247877903292E+000  9.268962211629E+000  7.361002659782E+002
  1.169697460775E-001 -2.236280881363E+000  1.013073719235E+001  7.060788082381E+002
  1.181723968193E-001 -2.223593645075E+000  1.096216632399E+001  6.767227894777E+002
  1.193825068243E-001 -2.209839787717E+000  1.176362779666E+001  6.480251806477E+002
  1.206001041787E-001 -2.195043043627E+000  1.253550377181E+001  6.199789639978E+002
  1.218252171865E-001 -2.179227276334E+000  1.327818026891E+001  5.925771271626E+002
  1.230578743703E-001 -2.162416466652E+000  1.399204704464E+001  5.658126576337E+002
  1.242981044731E-001 -2.144634700735E+000  1.467749746478E+001  5.396785376216E+002
  1.255459364600E-001 -2.125906158093E+000  1.533492836902E+001  5.141677393086E+002
  1.268013995194E-001 -2.106255099609E+000  1.596473992898E+001  4.892732204952E+002
  1.280645230647E-001 -2.085705855534E+000  1.656733549964E+001  4.649879206396E+002
  1.293353367356E-001 -2.064282813503E+000  1.714312146451E+001  4.413047572890E+002
  1.306138704000E-001 -2.042010406562E+000  1.769250707481E+001  4.182166229001E+002
  1.319001541553E-001 -2.018913101233E+000  1.821590428303E+001  3.957163820470E+002
  1.331942183303E-001 -1.995015385618E+000  1.871372757110E+001  3.737968690095E+002
  1.344960934863E-001 -1.970341757565E+000  1.918639377356E+001  3.524508857387E+002
  1.358058104191E-001 -1.944916712898E+000  1.963432189616E+001  3.316712001922E+002
  1.371234001607E-001 -1.918764733728E+000  2.005793293009E+001  3.114505450323E+002
  1.384488939805E-001 -1.891910276858E+000  2.045764966228E+001  2.917816166783E+002
  1.397823233874E-001 -1.864377762287E+000  2.083389648226E+001  2.726570747050E+002
  1.411237201313E-001 -1.836191561834E+000  2.118709918575E+001  2.540695415768E+002
  1.424731162050E-001 -1.807375987882E+000  2.151768477548E+001  2.360116027077E+002
  1.438305438454E-001 -1.777955282266E+000  2.182608125968E+001  2.184758068361E+002
  1.451960355357E-001 -1.747953605297E+000  2.211271744852E+001  2.014546667022E+002
  1.465696240072E-001 -1.717395024955E+000  2.237802274895E+001  1.849406600169E+002
  1.479513422405E-001 -1.686303506244E+000  2.262242695831E+001  1.689262307089E+002
  1.493412234681E-001 -1.654702900720E+000  2.284636005715E+001  1.534037904378E+002
  1.507393011753E-001 -1.622616936212E+000  2.305025200155E+001  1.383657203580E+002
  1.521456091027E-001 -1.590069206732E+000  2.323453251541E+001  1.238043731229E+002
  1.535601812478E-001 -1.557083162595E+000  2.339963088307E+001  1.097120751117E+002
  1.549830518669E-001 -1.523682100738E+000  2.354597574259E+001  9.608112886819E+001
  1.564142554766E-001 -1.489889155276E+000  2.367399488010E+001  8.290381573436E+001
  1.578538268564E-001 -1.455727288265E+000  2.378411502557E+001  7.017239866623E+001
  1.593018010499E-001 -1.421219280708E+000  2.387676165032E+001  5.787912521660E+001
  1.607582133673E-001 -1.386387723803E+000  2.395235876668E+001  4.601623067043E+001
  1.622230993867E-001 -1.351255010421E+000  2.401132872999E+001  3.457594131817E+001
  1.636964949568E-001 -1.315843326854E+000  2.405409204349E+001  2.355047785286E+001
  1.651784361984E-001 -1.280174644798E+000  2.408106716610E+001  1.293205887636E+001
  1.666689595063E-001 -1.244270713610E+000  2.409267032371E+001  2.712904500833E+000
  1.681681015517E-001 -1.208153052819E+000  2.408931532401E+001 -7.114759968822E+000
  1.696758992842E-001 -1.171842944905E+000  2.407141337524E+001 -1.655870028514E+001
  1.711923899335E-001 -1.135361428353E+000  2.403937290913E+001 -2.562666945457E+001
  1.727176110118E-001 -1.098729290970E+000  2.399359940822E+001 -3.432640389337E+001
  1.742516003158E-001 -1.061967063477E+000  2.393449523780E+001 -4.266561955602E+001
  1.757943959287E-001 -1.025095013384E+000  2.386245948271E+001 -5.065200804859E+001
  1.773460362227E-001 -9.881331391305E-001  2.377788778915E+001 -5.829323273932E+001
  1.789065598608E-001 -9.511011645079E-001  2.368117221173E+001 -6.559692487834E+001
  1.804760057990E-001 -9.140185333570E-001  2.357270106589E+001 -7.257067973784E+001
  1.820544132889E-001 -8.769044045424E-001  2.345285878587E+001 -7.922205278361E+001
  1.836418218792E-001 -8.397776472005E-001  2.332202578831E+001 -8.555855588862E+001
  1.852382714189E-001 -8.026568362632E-001  2.318057834166E+001 -9.158765359857E+001
  1.868438020586E-001 -7.655602482530E-001  2.302888844152E+001 -9.731675945899E+001
  1.884584542535E-001 -7.285058573489E-001  2.286732369187E+001 -1.027532324129E+002
  1.900822687655E-001 -6.915113317196E-001  2.269624719240E+001 -1.079043732779E+002
  1.917152866652E-001 -6.545940301226E-001  2.251601743201E+001 -1.127774213098E+002
  1.933575493349E-001 -6.177709987647E-001  2.232698818829E+001 -1.173795508616E+002
  1.950090984705E-001 -5.810589684212E-001  2.212950843338E+001 -1.217178681442E+002
  1.966699760840E-001 -5.444743518099E-001  2.192392224587E+001 -1.257994080944E+002
  1.983402245061E-001 -5.080332412151E-001  2.171056872898E+001 -1.296311313575E+002
  2.000198863884E-001 -4.717514063589E-001  2.148978193485E+001 -1.332199213898E+002
  2.017090047061E-001 -4.356442925124E-001  2.126189079503E+001 -1.365725816840E+002
  2.034076227605E-001 -3.997270188452E-001  2.102721905706E+001 -1.396958331245E+002
  2.051157841813E-001 -3.640143770055E-001  2.078608522711E+001 -1.425963114744E+002
  2.068335329293E-001 -3.285208299257E-001  2.053880251860E+001 -1.452805649983E+002
  2.085609132993E-001 -2.932605108501E-001  2.028567880673E+001 -1.477550522233E+002
  2.102979699219E-001 -2.582472225762E-001  2.002701658888E+001 -1.500261398414E+002
  2.120447477670E-001 -2.234944369053E-001  1.976311295066E+001 -1.521001007537E+002
  2.138012921459E-001 -1.890152942963E-001  1.949425953769E+001 -1.539831122589E+002
  2.155676487143E-001 -1.548226037158E-001  1.922074253278E+001 -1.556812543861E+002
  2.173438634747E-001 -1.209288426795E-001  1.894284263856E+001 -1.572005083735E+002
  2.191299827795E-001 -8.734615747705E-002  1.866083506532E+001 -1.585467552911E+002
  2.209260533334E-001 -5.408636357560E-002  1.837498952399E+001 -1.597257748093E+002
  2.227321221965E-001 -2.116094619410E-002  1.808557022406E+001 -1.607432441106E+002
  2.245482367870E-001  1.141893895687E-002  1.779283587630E+001 -1.616047369438E+002
  2.263744448840E-001  4.364246477687E-002  1.749703970012E+001 -1.623157228202E+002
  2.282107946304E-001  7.549913172525E-002  1.719842943547E+001 -1.628815663477E+002
  2.300573345358E-001  1.069787666250E-001  1.689724735895E+001 -1.633075267032E+002
  2.319141134796E-001  1.380715213274E-001  1.659373030417E+001 -1.635987572376E+002
  2.337811807137E-001  1.687678712437E-001  1.628810968601E+001 -1.637603052142E+002
  2.356585858657E-001  1.990586137496E-001  1.598061152867E+001 -1.637971116738E+002
  2.375463789419E-001  2.289348664700E-001  1.567145649733E+001 -1.637140114258E+002
  2.394446103301E-001  2.583880654488E-001  1.536085993329E+001 -1.635157331604E+002
  2.413533308032E-001  2.874099632099E-001  1.504903189223E+001 -1.632068996778E+002
  2.432725915217E-001  3.159926267163E-001  1.473617718565E+001 -1.627920282322E+002
  2.452024440374E-001  3.441284352315E-001  1.442249542514E+001 -1.622755309838E+002
  2.471429402963E-001  3.718100780905E-001  1.410818106930E+001 -1.616617155570E+002
  2.490941326418E-001  3.990305523840E-001  1.379342347324E+001 -1.609547856982E+002
  2.510560738180E-001  4.257831605624E-001  1.347840694035E+001 -1.601588420304E+002
  2.530288169732E-001  4.520615079645E-001  1.316331077630E+001 -1.592778828988E+002
  2.550124156627E-001  4.778595002753E-001  1.284830934493E+001 -1.583158053028E+002
  2.570069238527E-001  5.031713409177E-001  1.253357212600E+001 -1.572764059104E+002
  2.590123959233E-001  5.279915283840E-001  1.221926377459E+001 -1.561633821488E+002
  2.610288866721E-001  5.523148535092E-001  1.190554418190E+001 -1.549803333675E+002
  2.630564513176E-001  5.761363966927E-001  1.159256853746E+001 -1.537307620688E+002
  2.650951455027E-001  5.994515250707E-001  1.128048739243E+001 -1.524180751997E+002
  2.671450252982E-001  6.222558896436E-001  1.096944672387E+001 -1.510455855025E+002
  2.692061472063E-001  6.445454223623E-001  1.065958799998E+001 -1.496165129169E+002
  2.712785681644E-001  6.663163331770E-001  1.035104824590E+001 -1.481339860306E+002
  2.733623455485E-001  6.875651070499E-001  1.004396011025E+001 -1.466010435728E+002
  2.754575371771E-001  7.082885009372E-001  9.738451931929E+000 -1.450206359466E+002
  2.775642013146E-001  7.284835407420E-001  9.434647807392E+000 -1.433956267944E+002
  2.796823966754E-001  7.481475182399E-001  9.132667658024E+000 -1.417287945943E+002
  2.818121824272E-001  7.672779879814E-001  8.832627297632E+000 -1.400228342801E+002
  2.839536181956E-001  7.858727641716E-001  8.534638499903E+000 -1.382803588832E+002
  2.861067640671E-001  8.039299175309E-001  8.238809065727E+000 -1.365039011911E+002
  2.882716805935E-001  8.214477721364E-001  7.945242890303E+000 -1.346959154188E+002
  2.904484287958E-001  8.384249022478E-001  7.654040029921E+000 -1.328587788891E+002
  2.926370701682E-001  8.548601291179E-001  7.365296768349E+000 -1.309947937180E+002
  2.948376666818E-001  8.707525177887E-001  7.079105682743E+000 -1.291061885027E+002
  2.970502807892E-001  8.861013738762E-001  6.795555709005E+000 -1.271951200069E+002
  2.992749754281E-001  9.009062403421E-001  6.514732206527E+000 -1.252636748421E+002
  3.015118140259E-001  9.151668942553E-001  6.236717022270E+000 -1.233138711408E+002
  3.037608605035E-001  9.288833435432E-001  5.961588554101E+000 -1.213476602188E+002
  3.060221792797E-001  9.420558237328E-001  5.689421813371E+000 -1.193669282240E+002
  3.082958352758E-001  9.546847946835E-001  5.420288486668E+000 -1.173734977692E+002
  3.105818939192E-001  9.667709373093E-001  5.154256996718E+000 -1.153691295464E+002
  3.128804211487E-001  9.783151502936E-001  4.891392562409E+000 -1.133555239207E+002
  3.151914834180E-001  9.893185467948E-001  4.631757257899E+000 -1.113343225008E+002
  3.175151477009E-001  9.997824511423E-001  4.375410070797E+000 -1.093071096855E+002
  3.198514814953E-001  1.009708395525E+000  4.122406959405E+000 -1.072754141838E+002
  3.222005528283E-001  1.019098116669E+000  3.872800908995E+000 -1.052407105065E+002
  3.245624302601E-001  1.027953552509E+000  3.626641987131E+000 -1.032044204296E+002
  3.269371828894E-001  1.036276838844E+000  3.383977398028E+000 -1.011679144258E+002
  3.293248803576E-001  1.044070305991E+000  3.144851535945E+000 -9.913251306619E+001
  3.317255928537E-001  1.051336475421E+000  2.909306037624E+000 -9.709948838739E+001
  3.341393911192E-001  1.058078056390E+000  2.677379833789E+000 -9.507006522715E+001
  3.365663464529E-001  1.064297942553E+000  2.449109199705E+000 -9.304542252502E+001
  3.390065307159E-001  1.069999208571E+000  2.224527804823E+000 -9.102669458902E+001
  3.414600163363E-001  1.075185106703E+000  2.003666761532E+000 -8.901497232740E+001
  3.439268763145E-001  1.079859063387E+000  1.786554673033E+000 -8.701130444544E+001
  3.464071842282E-001  1.084024675803E+000  1.573217680360E+000 -8.501669860715E+001
  3.489010142374E-001  1.087685708432E+000  1.363679508585E+000 -8.303212256185E+001
  3.514084410898E-001  1.090846089588E+000  1.157961512221E+000 -8.105850523579E+001
  3.539295401259E-001  1.093509907948E+000  9.560827198643E-001 -7.909673778901E+001
  3.564643872842E-001  1.095681409057E+000  7.580598781023E-001 -7.714767463775E+001
  3.590130591069E-001  1.097364991821E+000  5.639074947252E-001 -7.521213444292E+001
  3.615756327448E-001  1.098565204989E+000  3.736378812710E-001 -7.329090106499E+001
  3.641521859632E-001  1.099286743613E+000  1.872611949421E-001 -7.138472448601E+001
  3.667427971473E-001  1.099534445493E+000  4.785479928892E-003 -6.949432169937E+001
  3.693475453076E-001  1.099313287606E+000 -1.737832918237E-001 -6.762037756809E+001
  3.719665100860E-001  1.098628382523E+000 -3.484411803692E-001 -6.576354565225E+001
  3.745997717609E-001  1.097484974806E+000 -5.191862379958E-001 -6.392444900675E+001
  3.772474112534E-001  1.095888437382E+000 -6.860184699100E-001 -6.210368094987E+001
  3.799095101331E-001  1.093844267919E+000 -8.489397953291E-001 -6.030180580400E+001
  3.825861506238E-001  1.091358085166E+000 -1.007954008949E+000 -5.851935960918E+001
  3.852774156096E-001  1.088435625292E+000 -1.163066742752E+000 -5.675685081072E+001
  3.879833886411E-001  1.085082738203E+000 -1.314285428118E+000 -5.501476092175E+001
  3.907041539409E-001  1.081305383845E+000 -1.461619258204E+000 -5.329354516191E+001
  3.934397964105E-001  1.077109628500E+000 -1.605079150573E+000 -5.159363307319E+001
  3.961904016361E-001  1.072501641055E+000 -1.744677710017E+000 -4.991542911404E+001
  3.989560558949E-001  1.067487689271E+000 -1.880429191567E+000 -4.825931323283E+001
  4.017368461617E-001  1.062074136037E+000 -2.012349463650E+000 -4.662564142180E+001
  4.045328601149E-001  1.056267435611E+000 -2.140455971365E+000 -4.501474625258E+001
  4.073441861437E-001  1.050074129851E+000 -2.264767699864E+000 -4.342693739436E+001
  4.101709133538E-001  1.043500844440E+000 -2.385305137794E+000 -4.186250211590E+001
  4.130131315750E-001  1.036554285104E+000 -2.502090240804E+000 -4.032170577224E+001
  4.158709313670E-001  1.029241233822E+000 -2.615146395073E+000 -3.880479227743E+001
  4.187444040269E-001  1.021568545029E+000 -2.724498380858E+000 -3.731198456410E+001
  4.216336415958E-001  1.013543141825E+000 -2.830172336030E+000 -3.584348503103E+001
  4.245387368658E-001  1.005172012169E+000 -2.932195719605E+000 -3.439947597955E+001
  4.274597833869E-001  9.964622050835E-001 -3.030597275232E+000 -3.298012003994E+001
  4.303968754741E-001  9.874208268576E-001 -3.125406994650E+000 -3.158556058849E+001
  4.333501082151E-001  9.780550372506E-001 -3.216656081092E+000 -3.021592215641E+001
  4.363195774768E-001  9.683720457040E-001 -3.304376912629E+000 -2.887131083110E+001
  4.393053799131E-001  9.583791075588E-001 -3.388603005466E+000 -2.755181465096E+001
  4.423076129724E-001  9.480835202828E-001 -3.469368977164E+000 -2.625750399423E+001
  4.453263749047E-001  9.374926197073E-001 -3.546710509803E+000 -2.498843196271E+001
  4.483617647698E-001  9.266137762784E-001 -3.620664313084E+000 -2.374463476111E+001
  4.514138824444E-001  9.154543913217E-001 -3.691268087372E+000 -2.252613207261E+001
  4.544828286302E-001  9.040218933250E-001 -3.758560486683E+000 -2.133292743121E+001
  4.575687048617E-001  8.923237342399E-001 -3.822581081625E+000 -2.016500859154E+001
  4.606716135142E-001  8.803673858045E-001 -3.883370322305E+000 -1.902234789661E+001
  4.637916578118E-001  8.681603358903E-001 -3.940969501198E+000 -1.790490264393E+001
  4.669289418353E-001  8.557100848737E-001 -3.995420716004E+000 -1.681261545054E+001
  4.700835705309E-001  8.430241420365E-001 -4.046766832509E+000 -1.574541461722E+001
  4.732556497182E-001  8.301100219961E-001 -4.095051447441E+000 -1.470321449237E+001
  4.764452860985E-001  8.169752411677E-001 -4.140318851368E+000 -1.368591583576E+001
  4.796525872639E-001  8.036273142623E-001 -4.182613991631E+000 -1.269340618244E+001
  4.828776617050E-001  7.900737508197E-001 -4.221982435345E+000 -1.172556020713E+001
  4.861206188205E-001  7.763220517822E-001 -4.258470332480E+000 -1.078224008910E+001
  4.893815689254E-001  7.623797061085E-001 -4.292124379045E+000 -9.863295877895E+000
  4.926606232602E-001  7.482541874312E-001 -4.322991780401E+000 -8.968565859809E+000
  4.959578939999E-001  7.339529507598E-001 -4.351120214718E+000 -8.097876925365E+000
  4.992734942630E-001  7.194834292313E-001 -4.376557796601E+000 -7.251044937711E+000
  5.026075381207E-001  7.048530309102E-001 -4.399353040916E+000 -6.427875102005E+000
  5.059601406064E-001  6.900691356406E-001 -4.419554826831E+000 -5.628162335727E+000
  5.093314177250E-001  6.751390919509E-001 -4.437212362103E+000 -4.851691639883E+000
  5.127214864626E-001  6.600702140155E-001 -4.452375147638E+000 -4.098238470997E+000
  5.161304647959E-001  6.448697786723E-001 -4.465092942335E+000 -3.367569113783E+000
  5.195584717022E-001  6.295450225007E-001 -4.475415728269E+000 -2.659441054352E+000
  5.230056271692E-001  6.141031389595E-001 -4.483393676203E+000 -1.973603353794E+000
  5.264720522050E-001  5.985512755879E-001 -4.489077111488E+000 -1.309797021940E+000
  5.299578688483E-001  5.828965312705E-001 -4.492516480356E+000 -6.677553910958E-001
  5.334632001783E-001  5.671459535679E-001 -4.493762316636E+000 -4.720448952651E-002
  5.369881703256E-001  5.513065361148E-001 -4.492865208930E+000  5.521365855649E-001
  5.405329044823E-001  5.353852160858E-001 -4.489875768253E+000  1.130555295819E+000
  5.440975289128E-001  5.193888717320E-001 -4.484844596186E+000  1.688345290539E+000
  5.476821709641E-001  5.033243199875E-001 -4.477822253549E+000  2.225806036833E+000
  5.512869590774E-001  4.871983141488E-001 -4.468859229625E+000  2.743242451386E+000
  5.549120227985E-001  4.710175416267E-001 -4.458005911957E+000  3.240964534155E+000
  5.585574927889E-001  4.547886217724E-001 -4.445312556740E+000  3.719287004309E+000
  5.622235008375E-001  4.385181037785E-001 -4.430829259835E+000  4.178528938742E+000
  5.659101798716E-001  4.222124646556E-001 -4.414605928418E+000  4.619013413466E+000
  5.696176639685E-001  4.058781072846E-001 -4.396692253291E+000  5.041067148220E+000
  5.733460883672E-001  3.895213585461E-001 -4.377137681867E+000  5.445020154630E+000
  5.770955894803E-001  3.731484675274E-001 -4.355991391863E+000  5.831205388228E+000
  5.808663049055E-001  3.567656038059E-001 -4.333302265692E+000  6.199958404674E+000
  5.846583734383E-001  3.403788558114E-001 -4.309118865604E+000  6.551617020498E+000
  5.884719350837E-001  3.239942292655E-001 -4.283489409557E+000  6.886520978671E+000
  5.923071310690E-001  3.076176456992E-001 -4.256461747862E+000  7.205011619335E+000
  5.961641038558E-001  2.912549410490E-001 -4.228083340593E+000  7.507431555982E+000
  6.000429971532E-001  2.749118643294E-001 -4.198401235786E+000  7.794124357390E+000
  6.039439559304E-001  2.585940763845E-001 -4.167462048435E+000  8.065434235607E+000
  6.078671264295E-001  2.423071487156E-001 -4.135311940293E+000  8.321705740252E+000
  6.118126561791E-001  2.260565623860E-001 -4.101996600485E+000  8.563283459415E+000
  6.157806940069E-001  2.098477070024E-001 -4.067561226949E+000  8.790511727407E+000
  6.197713900541E-001  1.936858797713E-001 -4.032050508692E+000  9.003734339611E+000
  6.237848957880E-001  1.775762846308E-001 -3.995508608891E+000  9.203294274659E+000
  6.278213640166E-001  1.615240314560E-001 -3.957979148814E+000  9.389533424167E+000
  6.318809489022E-001  1.455341353390E-001 -3.919505192593E+000  9.562792330216E+000
  6.359638059756E-001  1.296115159394E-001 -3.880129232821E+000  9.723409930795E+000
  6.400700921502E-001  1.137609969078E-001 -3.839893176992E+000  9.871723313352E+000
  6.441999657370E-001  9.798730537837E-002 -3.798838334773E+000  1.000806747664E+001
  6.483535864586E-001  8.229507153150E-002 -3.757005406115E+000  1.013277510101E+001
  6.525311154647E-001  6.668882822330E-002 -3.714434470176E+000  1.024617632719E+001
  6.567327153465E-001  5.117301068234E-002 -3.671164975086E+000  1.034859854387E+001
  6.609585501525E-001  3.575195627125E-002 -3.627235728513E+000  1.044036618391E+001
  6.652087854034E-001  2.042990431210E-002 -3.582684889042E+000  1.052180052948E+001
  6.694835881080E-001  5.210995974123E-003 -3.537549958357E+000  1.059321952613E+001
  6.737831267789E-001 -9.900725778000E-003 -3.491867774204E+000  1.065493760579E+001
  6.781075714485E-001 -2.490131617657E-002 -3.445674504142E+000  1.070726551871E+001
  6.824570936852E-001 -3.978692858585E-002 -3.399005640057E+000  1.075051017457E+001
  6.868318666096E-001 -5.455381438124E-002 -3.351895993427E+000  1.078497449242E+001
  6.912320649114E-001 -6.919832277422E-002 -3.304379691334E+000  1.081095725973E+001
  6.956578648660E-001 -8.371690058500E-002 -3.256490173197E+000  1.082875300040E+001
  7.001094443516E-001 -9.810609196447E-002 -3.208260188218E+000  1.083865185163E+001
  7.045869828664E-001 -1.123625380674E-001 -3.159721793521E+000  1.084093944971E+001
  7.090906615461E-001 -1.264829766783E-001 -3.110906352970E+000  1.083589682454E+001
  7.136206631812E-001 -1.404642417929E-001 -3.061844536647E+000  1.082380030294E+001
  7.181771722357E-001 -1.543032631553E-001 -3.012566320967E+000  1.080492142040E+001
  7.227603748644E-001 -1.679970657542E-001 -2.963100989426E+000  1.077952684150E+001
  7.273704589315E-001 -1.815427692795E-001 -2.913477133939E+000  1.074787828851E+001
  7.320076140295E-001 -1.949375875411E-001 -2.863722656773E+000  1.071023247830E+001
  7.366720314977E-001 -2.081788278517E-001 -2.813864773038E+000  1.066684106729E+001
  7.413639044413E-001 -2.212638903758E-001 -2.763930013718E+000  1.061795060430E+001
  7.460834277508E-001 -2.341902674463E-001 -2.713944229231E+000  1.056380249111E+001
  7.508307981215E-001 -2.469555428511E-001 -2.663932593479E+000  1.050463295059E+001
  7.556062140732E-001 -2.595573910909E-001 -2.613919608384E+000  1.044067300216E+001
  7.604098759705E-001 -2.719935766101E-001 -2.563929108880E+000  1.037214844447E+001
  7.652419860431E-001 -2.842619530038E-001 -2.513984268330E+000  1.029927984492E+001
  7.701027484060E-001 -2.963604622004E-001 -2.464107604369E+000  1.022228253604E+001
  7.749923690810E-001 -3.082871336237E-001 -2.414320985129E+000  1.014136661830E+001
  7.799110560171E-001 -3.200400833344E-001 -2.364645635828E+000  1.005673696923E+001
  7.848590191124E-001 -3.316175131549E-001 -2.315102145718E+000  9.968593258643E+000
  7.898364702358E-001 -3.430177097763E-001 -2.265710475342E+000  9.877129969608E+000
  7.948436232486E-001 -3.542390438512E-001 -2.216489964104E+000  9.782536425079E+000
  7.998806940270E-001 -3.652799690735E-001 -2.167459338111E+000  9.684996819821E+000
  8.049479004846E-001 -3.761390212458E-001 -2.118636718282E+000  9.584690257448E+000
  8.100454625952E-001 -3.868148173368E-001 -2.070039628683E+000  9.481790792304E+000
  8.151736024160E-001 -3.973060545302E-001 -2.021685005090E+000  9.376467475955E+000
  8.203325441110E-001 -4.076115092650E-001 -1.973589203741E+000  9.268884408017E+000
  8.255225139746E-001 -4.177300362710E-001 -1.925768010262E+000  9.159200791097E+000
  8.307437404560E-001 -4.276605675980E-001 -1.878236648754E+000  9.047570989578E+000
  8.359964541833E-001 -4.374021116420E-001 -1.831009791009E+000  8.934144592013E+000
  8.412808879885E-001 -4.469537521688E-001 -1.784101565853E+000  8.819066476866E+000
  8.465972769320E-001 -4.563146473357E-001 -1.737525568573E+000  8.702476881375E+000
  8.519458583285E-001 -4.654840287131E-001 -1.691294870437E+000  8.584511473274E+000
  8.573268717726E-001 -4.744612003061E-001 -1.645422028274E+000  8.465301425152E+000
  8.627405591648E-001 -4.832455375783E-001 -1.599919094091E+000  8.344973491193E+000
  8.681871647376E-001 -4.918364864770E-001 -1.554797624733E+000  8.223650086093E+000
  8.736669350829E-001 -5.002335624623E-001 -1.510068691548E+000  8.101449365891E+000
  8.791801191785E-001 -5.084363495393E-001 -1.465742890053E+000  7.978485310522E+000
  8.847269684160E-001 -5.164444992954E-001 -1.421830349585E+000  7.854867807856E+000
  8.903077366283E-001 -5.242577299423E-001 -1.378340742920E+000  7.730702739017E+000
  8.959226801184E-001 -5.318758253640E-001 -1.335283295855E+000  7.606092064762E+000
  9.015720576873E-001 -5.392986341710E-001 -1.292666796727E+000  7.481133912748E+000
  9.072561306635E-001 -5.465260687611E-001 -1.250499605870E+000  7.355922665454E+000
  9.129751629322E-001 -5.535581043868E-001 -1.208789664993E+000  7.230549048603E+000
  9.187294209652E-001 -5.603947782312E-001 -1.167544506470E+000  7.105100219876E+000
  9.245191738511E-001 -5.670361884905E-001 -1.126771262526E+000  6.979659857767E+000
  9.303446933257E-001 -5.734824934651E-001 -1.086476674325E+000  6.854308250393E+000
  9.362062538036E-001 -5.797339106586E-001 -1.046667100934E+000  6.729122384101E+000
  9.421041324088E-001 -5.857907158848E-001 -1.007348528166E+000  6.604176031737E+000
  9.480386090075E-001 -5.916532423833E-001 -9.685265772937E-001  6.479539840404E+000
  9.540099662399E-001 -5.973218799436E-001 -9.302065136234E-001  6.355281418589E+000
  9.600184895530E-001 -6.027970740372E-001 -8.923932549279E-001  6.231465422532E+000
  9.660644672342E-001 -6.080793249582E-001 -8.550913797306E-001  6.108153641699E+000
  9.721481904447E-001 -6.131691869719E-001 -8.183051354378E-001  5.985405083254E+000
  9.782699532537E-001 -6.180672674715E-001 -7.820384463140E-001  5.863276055424E+000
  9.844300526731E-001 -6.227742261434E-001 -7.462949212984E-001  5.741820249652E+000
  9.906287886927E-001 -6.272907741385E-001 -7.110778616594E-001  5.621088821452E+000
  9.968664643158E-001 -6.316176732529E-001 -6.763902684845E-001  5.501130469875E+000
  1.003143385595E+000 -6.357557351144E-001 -6.422348500052E-001  5.381991515514E+000
  1.009459861670E+000 -6.397058203762E-001 -6.086140287553E-001  5.263715976978E+000
  1.015816204803E+000 -6.434688379175E-001 -5.755299485626E-001  5.146345645772E+000
  1.022212730417E+000 -6.470457440496E-001 -5.429844813733E-001  5.029920159521E+000
  1.028649757135E+000 -6.504375417284E-001 -5.109792339113E-001  4.914477073511E+000
  1.035127606818E+000 -6.536452797718E-001 -4.795155541711E-001  4.800051930471E+000
  1.041646604604E+000 -6.566700520826E-001 -4.485945377483E-001  4.686678328598E+000
  1.048207078948E+000 -6.595129968751E-001 -4.182170340082E-001  4.574387987766E+000
  1.054809361664E+000 -6.621752959069E-001 -3.883836520943E-001  4.463210813923E+000
  1.061453787962E+000 -6.646581737133E-001 -3.590947667812E-001  4.353174961632E+000
  1.068140696494E+000 -6.669628968456E-001 -3.303505241729E-001  4.244306894773E+000
  1.074870429395E+000 -6.690907731116E-001 -3.021508472516E-001  4.136631445379E+000
  1.081643332322E+000 -6.710431508188E-001 -2.744954412791E-001  4.030171870624E+000
  1.088459754505E+000 -6.728214180187E-001 -2.473837990557E-001  3.924949907947E+000
  1.095320048782E+000 -6.744270017533E-001 -2.208152060408E-001  3.820985828351E+000
  1.102224571653E+000 -6.758613673016E-001 -1.947887453383E-001  3.718298487863E+000
  1.109173683316E+000 -6.771260174269E-001 -1.693033025535E-001  3.616905377195E+000
  1.116167747721E+000 -6.782224916236E-001 -1.443575705242E-001  3.516822669614E+000
  1.123207132611E+000 -6.791523653640E-001 -1.199500539318E-001  3.418065267067E+000
  1.130292209573E+000 -6.799172493434E-001 -9.607907379786E-002  3.320646844561E+000
  1.137423354084E+000 -6.805187887245E-001 -7.274277187014E-002  3.224579892874E+000
  1.144600945560E+000 -6.809586623793E-001 -4.993911490444E-002  3.129875759589E+000
  1.151825367405E+000 -6.812385821293E-001 -2.766589884663E-002  3.036544688521E+000
  1.159097007063E+000 -6.813602919828E-001 -5.920752920686E-003  2.944595857576E+000
  1.166416256069E+000 -6.813255673691E-001  1.529885637216E-002  2.854037415067E+000
  1.173783510095E+000 -6.811362143695E-001  3.599562133781E-002  2.764876514556E+000
  1.181199169012E+000 -6.807940689451E-001  5.617238925191E-002  2.677119348256E+000
  1.188663636935E+000 -6.803009961599E-001  7.583215859552E-002  2.590771179048E+000
  1.196177322279E+000 -6.796588894003E-001  9.497807535857E-002  2.505836371163E+000
  1.203740637818E+000 -6.788696695899E-001  1.136134294061E-001  2.422318419582E+000
  1.211354000735E+000 -6.779352843996E-001  1.317416509024E-001  2.340219978196E+000
  1.219017832681E+000 -6.768577074529E-001  1.493663067873E-001  2.259542886804E+000
  1.226732559833E+000 -6.756389375265E-001  1.664910973019E-001  2.180288196968E+000
  1.234498612950E+000 -6.742809977451E-001  1.831198525561E-001  2.102456196813E+000
  1.242316427433E+000 -6.727859347715E-001  1.992565291367E-001  2.026046434803E+000
  1.250186443388E+000 -6.711558179912E-001  2.149052067488E-001  1.951057742548E+000
  1.258109105679E+000 -6.693927386916E-001  2.300700848891E-001  1.877488256714E+000
  1.266084863999E+000 -6.674988092354E-001  2.447554795448E-001  1.805335440061E+000
  1.274114172926E+000 -6.654761622296E-001  2.589658199156E-001  1.734596101686E+000
  1.282197491990E+000 -6.633269496881E-001  2.727056451557E-001  1.665266416503E+000
  1.290335285734E+000 -6.610533421896E-001  2.859796011308E-001  1.597341944020E+000
  1.298528023786E+000 -6.586575280304E-001  2.987924371891E-001  1.530817646465E+000
  1.306776180919E+000 -6.561417123715E-001  3.111490029412E-001  1.465687906292E+000
  1.315080237120E+000 -6.535081163817E-001  3.230542450482E-001  1.401946543134E+000
  1.323440677664E+000 -6.507589763754E-001  3.345132040146E-001  1.339586830237E+000
  1.331857993175E+000 -6.478965429463E-001  3.455310109836E-001  1.278601510411E+000
  1.340332679704E+000 -6.449230800961E-001  3.561128845333E-001  1.218982811560E+000
  1.348865238797E+000 -6.418408643607E-001  3.662641274723E-001  1.160722461808E+000
  1.357456177571E+000 -6.386521839310E-001  3.759901236325E-001  1.103811704276E+000
  1.366106008782E+000 -6.353593377719E-001  3.852963346583E-001  1.048241311535E+000
  1.374815250909E+000 -6.319646347372E-001  3.941882967910E-001  9.940015997826E-001
  1.383584428224E+000 -6.284703926823E-001  4.026716176482E-001  9.410824427541E-001
  1.392414070872E+000 -6.248789375751E-001  4.107519729964E-001  8.894732854235E-001
  1.401304714948E+000 -6.211926026040E-001  4.184351035178E-001  8.391631575044E-001
  1.410256902580E+000 -6.174137272858E-001  4.257268115703E-001  7.901406867855E-001
  1.419271182008E+000 -6.135446565716E-001  4.326329579414E-001  7.423941123236E-001
  1.428348107668E+000 -6.095877399529E-001  4.391594585953E-001  6.959112975164E-001
  1.437488240275E+000 -6.055453305675E-001  4.453122814154E-001  6.506797430752E-001
  1.446692146911E+000 -6.014197843057E-001  4.510974429409E-001  6.066865999178E-001
  1.455960401104E+000 -5.972134589182E-001  4.565210051002E-001  5.639186819955E-001
  1.465293582927E+000 -5.929287131247E-001  4.615890719406E-001  5.223624790721E-001
  1.474692279079E+000 -5.885679057250E-001  4.663077863572E-001  4.820041694647E-001
  1.484157082978E+000 -5.841333947134E-001  4.706833268204E-001  4.428296327602E-001
  1.493688594856E+000 -5.796275363950E-001  4.747219041052E-001  4.048244625143E-001
  1.503287421848E+000 -5.750526845065E-001  4.784297580240E-001  3.679739789418E-001
  1.512954178094E+000 -5.704111893418E-001  4.818131541626E-001  3.322632416045E-001
  1.522689484827E+000 -5.657053968814E-001  4.848783806244E-001  2.976770620996E-001
  1.532493970480E+000 -5.609376479279E-001  4.876317447828E-001  2.642000167518E-001
  1.542368270780E+000 -5.561102772476E-001  4.900795700438E-001  2.318164593110E-001
  1.552313028853E+000 -5.512256127185E-001  4.922281926232E-001  2.005105336546E-001
  1.562328895326E+000 -5.462859744853E-001  4.940839583379E-001  1.702661864922E-001
  1.572416528431E+000 -5.412936741226E-001  4.956532194158E-001  1.410671800717E-001
  1.582576594115E+000 -5.362510138060E-001  4.969423313263E-001  1.128971048808E-001
  1.592809766145E+000 -5.311602854919E-001  4.979576496328E-001  8.573939233974E-002
  1.603116726218E+000 -5.260237701073E-001  4.987055268714E-001  5.957732747886E-002
  1.613498164078E+000 -5.208437367488E-001  4.991923094575E-001  3.439406159350E-002
  1.623954777622E+000 -5.156224418925E-001  4.994243346222E-001  1.017262486841E-002
  1.634487273025E+000 -5.103621286146E-001  4.994079273834E-001 -1.310406103723E-002
  1.645096364848E+000 -5.050650258237E-001  4.991493975510E-001 -3.545317045411E-002
  1.655782776168E+000 -4.997333475045E-001  4.986550367719E-001 -5.689196122626E-002
  1.666547238688E+000 -4.943692919745E-001  4.979311156149E-001 -7.743776230495E-002
  1.677390492873E+000 -4.889750411532E-001  4.969838806999E-001 -9.710796142403E-002
  1.688313288066E+000 -4.835527598445E-001  4.958195518724E-001 -1.159199928686E-001
  1.699316382620E+000 -4.781045950331E-001  4.944443194271E-001 -1.338913253489E-001
  1.710400544029E+000 -4.726326751948E-001  4.928643413814E-001 -1.510394499924E-001
  1.721566549058E+000 -4.671391096211E-001  4.910857408029E-001 -1.673818684654E-001
  1.732815183877E+000 -4.616259877591E-001  4.891146031918E-001 -1.829360812377E-001
  1.744147244202E+000 -4.560953785661E-001  4.869569739209E-001 -1.977195760031E-001
  1.755563535430E+000 -4.505493298798E-001  4.846188557351E-001 -2.117498162675E-001
  1.767064872781E+000 -4.449898678048E-001  4.821062063128E-001 -2.250442301179E-001
  1.778652081442E+000 -4.394189961140E-001  4.794249358904E-001 -2.376201991844E-001
  1.790325996715E+000 -4.338386956679E-001  4.765809049519E-001 -2.494950478077E-001
  1.802087464166E+000 -4.282509238489E-001  4.735799219864E-001 -2.606860324231E-001
  1.813937339772E+000 -4.226576140131E-001  4.704277413123E-001 -2.712103311738E-001
  1.825876490081E+000 -4.170606749593E-001  4.671300609732E-001 -2.810850337641E-001
  1.837905792365E+000 -4.114619904147E-001  4.636925207038E-001 -2.903271315631E-001
  1.850026134778E+000 -4.058634185374E-001  4.601206999684E-001 -2.989535079699E-001
  1.862238416525E+000 -4.002667914374E-001  4.564201160731E-001 -3.069809290492E-001
  1.874543548019E+000 -3.946739147140E-001  4.525962223521E-001 -3.144260344475E-001
  1.886942451054E+000 -3.890865670111E-001  4.486544064290E-001 -3.213053285984E-001
  1.899436058973E+000 -3.835064995903E-001  4.445999885539E-001 -3.276351722241E-001
  1.912025316845E+000 -3.779354359213E-001  4.404382200175E-001 -3.334317741426E-001
  1.924711181638E+000 -3.723750712899E-001  4.361742816403E-001 -3.387111833853E-001
  1.937494622402E+000 -3.668270724238E-001  4.318132823405E-001 -3.434892816323E-001
  1.950376620452E+000 -3.612930771358E-001  4.273602577778E-001 -3.477817759707E-001
  1.963358169552E+000 -3.557746939846E-001  4.228201690742E-001 -3.516041919803E-001
  1.976440276109E+000 -3.502735019534E-001  4.181979016128E-001 -3.549718671510E-001
  1.989623959360E+000 -3.447910501449E-001  4.134982639116E-001 -3.578999446349E-001
  2.002910251577E+000 -3.393288574946E-001  4.087259865749E-001 -3.604033673360E-001
  2.016300198259E+000 -3.338884125010E-001  4.038857213194E-001 -3.624968723388E-001
  2.029794858340E+000 -3.284711729723E-001  3.989820400765E-001 -3.641949856771E-001
  2.043395304396E+000 -3.230785657905E-001  3.940194341671E-001 -3.655120174436E-001
  2.057102622856E+000 -3.177119866925E-001  3.890023135521E-001 -3.664620572395E-001
  2.070917914217E+000 -3.123728000666E-001  3.839350061533E-001 -3.670589699625E-001
  2.084842293261E+000 -3.070623387668E-001  3.788217572471E-001 -3.673163919332E-001
  2.098876889283E+000 -3.017819039425E-001  3.736667289277E-001 -3.672477273553E-001
  2.113022846310E+000 -2.965327648838E-001  3.684739996397E-001 -3.668661451072E-001
  2.127281323341E+000 -2.913161588840E-001  3.632475637778E-001 -3.661845758622E-001
  2.141653494575E+000 -2.861332911161E-001  3.579913313535E-001 -3.652157095310E-001
  2.156140549656E+000 -2.809853345254E-001  3.527091277253E-001 -3.639719930231E-001
  2.170743693911E+000 -2.758734297377E-001  3.474046933936E-001 -3.624656283204E-001
  2.185464148607E+000 -2.707986849814E-001  3.420816838555E-001 -3.607085708577E-001
  2.200303151197E+000 -2.657621760249E-001  3.367436695206E-001 -3.587125282024E-001
  2.215261955581E+000 -2.607649461286E-001  3.313941356843E-001 -3.564889590275E-001
  2.230341832367E+000 -2.558080060106E-001  3.260364825576E-001 -3.540490723690E-001
  2.245544069142E+000 -2.508923338271E-001  3.206740253515E-001 -3.514038271607E-001
  2.260869970742E+000 -2.460188751658E-001  3.153099944136E-001 -3.485639320372E-001
  2.276320859530E+000 -2.411885430537E-001  3.099475354161E-001 -3.455398453973E-001
  2.291898075679E+000 -2.364022179775E-001  3.045897095925E-001 -3.423417757171E-001
  2.307602977460E+000 -2.316607479175E-001  2.992394940211E-001 -3.389796821057E-001
  2.323436941540E+000 -2.269649483948E-001  2.938997819540E-001 -3.354632750913E-001
  2.339401363274E+000 -2.223156025304E-001  2.885733831894E-001 -3.318020176303E-001
  2.355497657016E+000 -2.177134611177E-001  2.832630244848E-001 -3.280051263279E-001
  2.371727256428E+000 -2.131592427066E-001  2.779713500103E-001 -3.240815728603E-001
  2.388091614797E+000 -2.086536337003E-001  2.727009218394E-001 -3.200400855887E-001
  2.404592205358E+000 -2.041972884640E-001  2.674542204757E-001 -3.158891513551E-001
  2.421230521622E+000 -1.997908294454E-001  2.622336454134E-001 -3.116370174483E-001
  2.438008077714E+000 -1.954348473066E-001  2.570415157310E-001 -3.072916937311E-001
  2.454926408713E+000 -1.911299010682E-001  2.518800707146E-001 -3.028609549184E-001
  2.471987071003E+000 -1.868765182645E-001  2.467514705111E-001 -2.983523429948E-001
  2.489191642624E+000 -1.826751951097E-001  2.416577968085E-001 -2.937731697635E-001
  2.506541723641E+000 -1.785263966757E-001  2.366010535416E-001 -2.891305195144E-001
  2.524038936507E+000 -1.744305570808E-001  2.315831676231E-001 -2.844312518040E-001
  2.541684926444E+000 -1.703880796895E-001  2.266059896968E-001 -2.796820043356E-001
  2.559481361827E+000 -1.663993373234E-001  2.216712949125E-001 -2.748891959318E-001
  2.577429934572E+000 -1.624646724824E-001  2.167807837218E-001 -2.700590295888E-001
  2.595532360540E+000 -1.585843975767E-001  2.119360826919E-001 -2.651974956055E-001
  2.613790379943E+000 -1.547587951708E-001  2.071387453382E-001 -2.603103747775E-001
  2.632205757760E+000 -1.509881182360E-001  2.023902529731E-001 -2.554032416475E-001
  2.650780284158E+000 -1.472725904155E-001  1.976920155711E-001 -2.504814678063E-001
  2.669515774928E+000 -1.436124062989E-001  1.930453726481E-001 -2.455502252340E-001
  2.688414071925E+000 -1.400077317079E-001  1.884515941550E-001 -2.406144896762E-001
  2.707477043518E+000 -1.364587039922E-001  1.839118813846E-001 -2.356790440480E-001
  2.726706585047E+000 -1.329654323358E-001  1.794273678900E-001 -2.307484818587E-001
  2.746104619295E+000 -1.295279980743E-001  1.749991204159E-001 -2.258272106515E-001
  2.765673096964E+000 -1.261464550225E-001  1.706281398402E-001 -2.209194554527E-001
  2.785413997161E+000 -1.228208298121E-001  1.663153621262E-001 -2.160292622249E-001
  2.805329327899E+000 -1.195511222403E-001  1.620616592854E-001 -2.111605013195E-001
  2.825421126601E+000 -1.163373056285E-001  1.578678403495E-001 -2.063168709231E-001
  2.845691460623E+000 -1.131793271923E-001  1.537346523516E-001 -2.015019004951E-001
  2.866142427776E+000 -1.100771084205E-001  1.496627813170E-001 -1.967189541919E-001
  2.886776156875E+000 -1.070305454656E-001  1.456528532625E-001 -1.919712342741E-001
  2.907594808280E+000 -1.040395095443E-001  1.417054352039E-001 -1.872617844946E-001
  2.928600574467E+000 -1.011038473484E-001  1.378210361724E-001 -1.825934934639E-001
  2.949795680597E+000 -9.822338146586E-002  1.340001082390E-001 -1.779690979919E-001
  2.971182385105E+000 -9.539791081208E-002  1.302430475475E-001 -1.733911864020E-001
  2.992762980296E+000 -9.262721107156E-002  1.265501953550E-001 -1.688622018183E-001
  3.014539792958E+000 -8.991103514945E-002  1.229218390811E-001 -1.643844454230E-001
  3.036515184988E+000 -8.724911363312E-002  1.193582133651E-001 -1.599600796839E-001
  3.058691554023E+000 -8.464115526366E-002  1.158595011310E-001 -1.555911315506E-001
  3.081071334099E+000 -8.208684741711E-002  1.124258346611E-001 -1.512794956196E-001
  3.103656996309E+000 -7.958585659538E-002  1.090572966777E-001 -1.470269372678E-001
  3.126451049484E+000 -7.713782892657E-002  1.057539214327E-001 -1.428350957545E-001
  3.149456040888E+000 -7.474239067462E-002  1.025156958058E-001 -1.387054872924E-001
  3.172674556926E+000 -7.239914875808E-002  9.934256041099E-002 -1.346395080871E-001
  3.196109223865E+000 -7.010769127775E-002  9.623441071109E-002 -1.306384373473E-001
  3.219762708576E+000 -6.786758805302E-002  9.319109814070E-002 -1.267034402652E-001
  3.243637719289E+000 -6.567839116650E-002  9.021243123743E-002 -1.228355709676E-001
  3.267737006362E+000 -6.353963551691E-002  8.729817678139E-002 -1.190357754408E-001
  3.292063363076E+000 -6.145083937968E-002  8.444806094262E-002 -1.153048944279E-001
  3.316619626434E+000 -5.941150497508E-002  8.166177043674E-002 -1.116436663010E-001
  3.341408677987E+000 -5.742111904345E-002  7.893895368834E-002 -1.080527299092E-001
  3.366433444679E+000 -5.547915342726E-002  7.627922200205E-002 -1.045326274038E-001
  3.391696899702E+000 -5.358506565945E-002  7.368215074105E-002 -1.010838070408E-001
  3.417202063379E+000 -5.173829955776E-002  7.114728051277E-002 -9.770662596385E-002
  3.442952004065E+000 -4.993828582448E-002  6.867411836133E-002 -9.440135296708E-002
  3.468949839059E+000 -4.818444265135E-002  6.626213896648E-002 -9.116817123929E-002
  3.495198735552E+000 -4.647617632881E-002  6.391078584848E-002 -8.800718109133E-002
  3.521701911582E+000 -4.481288185936E-002  6.161947257855E-002 -8.491840266665E-002
  3.548462637020E+000 -4.319394357438E-002  5.938758399421E-002 -8.190177863653E-002
  3.575484234572E+000 -4.161873575380E-002  5.721447741903E-002 -7.895717688042E-002
  3.602770080809E+000 -4.008662324810E-002  5.509948388605E-002 -7.608439315218E-002
  3.630323607217E+000 -3.859696210204E-002  5.304190936420E-002 -7.328315373273E-002
  3.658148301271E+000 -3.714910017944E-002  5.104103598690E-002 -7.055311806948E-002
  3.686247707537E+000 -3.574237778847E-002  4.909612328204E-002 -6.789388140275E-002
  3.714625428793E+000 -3.437612830666E-002  4.720640940248E-002 -6.530497737943E-002
  3.743285127184E+000 -3.304967880509E-002  4.537111235608E-002 -6.278588065356E-002
  3.772230525397E+000 -3.176235067096E-002  4.358943123430E-002 -6.033600947396E-002
  3.801465407866E+000 -3.051346022799E-002  4.186054743829E-002 -5.795472825819E-002
  3.830993622005E+000 -2.930231935374E-002  4.018362590150E-002 -5.564135015261E-002
  3.860819079470E+000 -2.812823609335E-002  3.855781630754E-002 -5.339513957765E-002
  3.890945757450E+000 -2.699051526887E-002  3.698225430220E-002 -5.121531475754E-002
  3.921377699988E+000 -2.588845908339E-002  3.545606269839E-002 -4.910105023349E-002
  3.952119019336E+000 -2.482136771945E-002  3.397835267280E-002 -4.705147935915E-002
  3.983173897337E+000 -2.378853993077E-002  3.254822495300E-002 -4.506569677701E-002
  4.014546586845E+000 -2.278927362678E-002  3.116477099362E-002 -4.314276087449E-002
  4.046241413173E+000 -2.182286644905E-002  2.982707414040E-002 -4.128169621785E-002
  4.078262775585E+000 -2.088861633909E-002  2.853421078075E-002 -3.948149596254E-002
  4.110615148813E+000 -1.998582209665E-002  2.728525147936E-002 -3.774112423795E-002
  4.143303084620E+000 -1.911378392797E-002  2.607926209780E-002 -3.605951850484E-002
  4.176331213391E+000 -1.827180398317E-002  2.491530489640E-002 -3.443559188327E-002
  4.209704245774E+000 -1.745918688228E-002  2.379243961743E-002 -3.286823544911E-002
  4.243426974351E+000 -1.667524022911E-002  2.270972454794E-002 -3.135632049686E-002
  4.277504275353E+000 -1.591927511241E-002  2.166621756126E-002 -2.989870076669E-002
  4.311941110423E+000 -1.519060659377E-002  2.066097713554E-002 -2.849421463334E-002
  4.346742528412E+000 -1.448855418158E-002  1.969306334839E-002 -2.714168725462E-002
  4.381913667228E+000 -1.381244229060E-002  1.876153884619E-002 -2.583993267737E-002
  4.417459755726E+000 -1.316160068652E-002  1.786546978694E-002 -2.458775589831E-002
  4.453386115645E+000 -1.253536491520E-002  1.700392675552E-002 -2.338395487778E-002
  4.489698163598E+000 -1.193307671590E-002  1.617598565030E-002 -2.222732250396E-002
  4.526401413105E+000 -1.135408441828E-002  1.538072853998E-002 -2.111664850531E-002
  4.563501476684E+000 -1.079774332267E-002  1.461724448973E-002 -2.005072130929E-002
  4.601004067991E+000 -1.026341606335E-002  1.388463035577E-002 -1.902832984500E-002
  4.638915004011E+000 -9.750472954486E-003  1.318199154741E-002 -1.804826528793E-002
  4.677240207311E+000 -9.258292318406E-003  1.250844275592E-002 -1.710932274485E-002
  4.715985708351E+000 -8.786260796125E-003  1.186310864942E-002 -1.621030287695E-002
  4.755157647843E+000 -8.333773639825E-003  1.124512453326E-002 -1.535001345970E-002
  4.794762279187E+000 -7.900234987188E-003  1.065363697531E-002 -1.452727087770E-002
  4.834805970953E+000 -7.485058117499E-003  1.008780439570E-002 -1.374090155325E-002
  4.875295209443E+000 -7.087665689443E-003  9.546797620674E-003 -1.298974330721E-002
  4.916236601308E+000 -6.707489960610E-003  9.029800400298E-003 -1.227264665126E-002
  4.957636876237E+000 -6.343972988729E-003  8.536009889808E-003 -1.158847601033E-002
  4.999502889720E+000 -5.996566814710E-003  8.064637094534E-003 -1.093611087464E-002
  5.041841625875E+000 -5.664733627634E-003  7.614907278406E-003 -1.031444688072E-002
  5.084660200360E+000 -5.347945911833E-003  7.186060336130E-003 -9.722396820902E-003
  5.127965863354E+000 -5.045686576281E-003  6.777351129233E-003 -9.158891581094E-003
  5.171766002619E+000 -4.757449066537E-003  6.388049786276E-003 -8.622881006904E-003
  5.216068146649E+000 -4.482737459532E-003  6.017441967580E-003 -8.113334698103E-003
  5.260879967894E+000 -4.221066541519E-003  5.664829094965E-003 -7.629242731883E-003
  5.306209286078E+000 -3.971961869551E-003  5.329528547037E-003 -7.169616315410E-003
  5.352064071605E+000 -3.734959816875E-003  5.010873820664E-003 -6.733488368399E-003
  5.398452449055E+000 -3.509607602689E-003  4.708214659364E-003 -6.319914036633E-003
  5.445382700775E+000 -3.295463306693E-003  4.420917149414E-003 -5.927971137514E-003
  5.492863270572E+000 -3.092095868949E-003  4.148363784539E-003 -5.556760538922E-003
  5.540902767504E+000 -2.899085075546E-003  3.889953500132E-003 -5.205406472837E-003
  5.589509969774E+000 -2.716021530619E-003  3.645101678032E-003 -4.873056785327E-003
  5.638693828737E+000 -2.542506615265E-003  3.413240122908E-003 -4.558883124682E-003
  5.688463473008E+000 -2.378152433957E-003  3.193817011405E-003 -4.262081069599E-003
  5.738828212699E+000 -2.222581749021E-003  2.986296815211E-003 -3.981870199507E-003
  5.789797543759E+000 -2.075427903806E-003  2.790160199290E-003 -3.717494109183E-003
  5.841381152447E+000 -1.936334735144E-003  2.604903896533E-003 -3.468220370001E-003
  5.893588919926E+000 -1.804956475741E-003  2.430040560136E-003 -3.233340440214E-003
  5.946430926988E+000 -1.680957647106E-003  2.265098595028E-003 -3.012169526777E-003
  5.999917458910E+000 -1.564012943668E-003  2.109621969695E-003 -2.804046401316E-003
  6.054059010457E+000 -1.453807108689E-003  1.963170009766E-003 -2.608333172894E-003
  6.108866291020E+000 -1.350034802612E-003  1.825317174728E-003 -2.424415020307E-003
  6.164350229902E+000 -1.252400464456E-003  1.695652819152E-003 -2.251699886656E-003
  6.220521981762E+000 -1.160618166862E-003  1.573780939786E-003 -2.089618139009E-003
  6.277392932215E+000 -1.074411465384E-003  1.459319909886E-003 -1.937622195940E-003
  6.334974703589E+000 -9.935132426263E-004  1.351902202115E-003 -1.795186125774E-003
  6.393279160860E+000 -9.176655477606E-004  1.251174101347E-003 -1.661805218332E-003
  6.452318417752E+000 -8.466194319982E-004  1.156795408657E-003 -1.536995532958E-003
  6.512104843026E+000 -7.801347805282E-004  1.068439137759E-003 -1.420293425560E-003
  6.572651066946E+000 -7.179801414328E-004  9.857912051213E-004 -1.311255057383E-003
  6.633969987942E+000 -6.599325520572E-004  9.085501149375E-004 -1.209455888118E-003
  6.696074779472E+000 -6.057773632940E-004  8.364266400846E-004 -1.114490155942E-003
  6.758978897091E+000 -5.553080622090E-004  7.691435001582E-004 -1.025970346946E-003
  6.822696085726E+000 -5.083260934151E-004  7.064350376125E-004 -9.435266563665E-004
  6.887240387180E+000 -4.646406795689E-004  6.480468929816E-004 -8.668064438962E-004
  6.952626147859E+000 -4.240686413380E-004  5.937356800963E-004 -7.954736852756E-004
  7.018868026732E+000 -3.864342171622E-004  5.432686621519E-004 -7.292084222271E-004
  7.085981003543E+000 -3.515688830979E-004  4.964234294192E-004 -6.677062126911E-004
  7.153980387268E+000 -3.193111730140E-004  4.529875793261E-004 -6.106775831884E-004
  7.222881824836E+000 -2.895064993745E-004  4.127583995767E-004 -5.578474850102E-004
  7.292701310121E+000 -2.620069748225E-004  3.755425549046E-004 -5.089547557997E-004
  7.363455193219E+000 -2.366712347494E-004  3.411557780007E-004 -4.637515879601E-004
  7.435160190001E+000 -2.133642610128E-004  3.094225650866E-004 -4.220030051851E-004
  7.507833391988E+000 -1.919572069417E-004  2.801758765461E-004 -3.834863482757E-004
  7.581492276516E+000 -1.723272237470E-004  2.532568429684E-004 -3.479907712714E-004
  7.656154717242E+000 -1.543572884345E-004  2.285144768965E-004 -3.153167487934E-004
  7.731838994973E+000 -1.379360333000E-004  2.058053905194E-004 -2.852755953665E-004
  7.808563808847E+000 -1.229575770701E-004  1.849935194986E-004 -2.576889973639E-004
  7.886348287874E+000 -1.093213577371E-004  1.659498530625E-004 -2.323885580958E-004
  7.965212002848E+000 -9.693196712360E-005  1.485521704647E-004 -2.092153564473E-004
  8.045174978646E+000 -8.569898720460E-005  1.326847838545E-004 -1.880195193633E-004
  8.126257706932E+000 -7.553682820208E-005  1.182382875718E-004 -1.686598083734E-004
  8.208481159274E+000 -6.636456846497E-005  1.051093138447E-004 -1.510032202535E-004
  8.291866800694E+000 -5.810579614021E-005  9.320029483509E-005 -1.349246018322E-004
  8.376436603664E+000 -5.068845263917E-005  8.241923095615E-005 -1.203062788698E-004
  8.462213062574E+000 -4.404467790304E-005  7.267946535742E-005 -1.070376988630E-004
  8.549219208676E+000 -3.811065747138E-005  6.389946446009E-005 -9.501508756405E-005
  8.637478625536E+000 -3.282647136126E-005  5.600260440798E-005 -8.414111894637E-005
  8.727015464999E+000 -2.813594476827E-005  4.891696329033E-005 -7.432459829904E-005
  8.817854463709E+000 -2.398650060608E-005  4.257511898545E-005 -6.548015809212E-005
  8.910020960175E+000 -2.032901390806E-005  3.691395247099E-005 -5.752796622149E-005
  9.003540912431E+000 -1.711766812191E-005  3.187445644636E-005 -5.039344621654E-005
  9.098440916308E+000 -1.430981333644E-005  2.740154911555E-005 -4.400700897532E-005
  9.194748224321E+000 -1.186582648878E-005  2.344389298399E-005 -3.830379558046E-005
  9.292490765233E+000 -9.748973609141E-006  1.995371853074E-005 -3.322343074391E-005
  9.391697164283E+000 -7.925274169894E-006  1.688665262689E-005 -2.870978642886E-005
  9.492396764138E+000 -6.363367614701E-006  1.420155158255E-005 -2.471075520337E-005
  9.594619646576E+000 -5.034382152539E-006  1.186033871701E-005 -2.117803289068E-005
  9.698396654938E+000 -3.911805909807E-006  9.827846360592E-006 -1.806691009576E-005
  9.803759417385E+000 -2.971360541469E-006  8.071662210485E-006 -1.533607220585E-005
  9.910740370981E+000 -2.190877409050E-006  6.561979977378E-006 -1.294740748374E-005
  1.001937278665E+001 -1.550176439120E-006  5.271454273918E-006 -1.086582289584E-005
  1.012969079502E+001 -1.030947780530E-006  4.175059709897E-006 -9.059067341797E-006
  1.024172941323E+001 -6.166363819511E-007  3.249954172250E-006 -7.497561978378E-006
  1.035552457272E+001 -2.923296131161E-007  2.475346280177E-006 -6.154237356937E-006
  1.047111314798E+001 -4.464805350705E-008  1.832367016722E-006 -5.004377119792E-006
  1.058853298647E+001  1.383604290847E-007  1.303945547746E-006 -4.025468026919E-006
  1.070782293953E+001  2.673231905958E-007  8.746892472531E-007 -3.197056109071E-006
  1.082902289454E+001  3.516417983916E-007  5.307679543118E-007 -2.500608766959E-006
  1.095217380826E+001  3.995873859305E-007  2.598024912482E-007 -1.919382657816E-006
  1.107731774137E+001  4.183922735464E-007  5.075747528571E-008 -1.438297230466E-006
  1.120449789442E+001  4.143377639205E-007 -1.061615436246E-007 -1.043813787485E-006
  1.133375864507E+001  3.928380317063E-007 -2.196065874532E-007 -7.238199681294E-007
  1.146514558681E+001  3.585200390367E-007 -2.971813692258E-007 -4.675195583023E-007
  1.159870556913E+001  3.152994221493E-007 -3.455310038326E-007 -2.653275437693E-007
  1.173448673928E+001  2.664523089724E-007 -3.704272946595E-007 -1.087703302134E-007
  1.187253858566E+001  2.146830430511E-007 -3.768495887645E-007  9.608941464182E-009
  1.201291198287E+001  1.621878054778E-007 -3.690612033807E-007  9.634005385687E-008
  1.215565923859E+001  1.107141433370E-007 -3.506814378773E-007  1.571104150312E-007
  1.230083414231E+001  6.161643037398E-008 -3.247531977578E-007  1.968448751911E-007
  1.244849201595E+001  1.590730293795E-008 -2.938062706076E-007  2.197807335725E-007
  1.259868976657E+001 -2.569486847395E-008 -2.599163078810E-007  2.295380169754E-007
  1.275148594119E+001 -6.272239475647E-008 -2.247595808266E-007  2.291851186736E-007
  1.290694078384E+001 -9.491847700728E-008 -1.896635934220E-007  2.212998949895E-007
  1.306511629490E+001 -1.222010990001E-007 -1.556536497117E-007  2.080263262825E-007
  1.322607629292E+001 -1.446304788094E-007 -1.234954871554E-007  1.911268592105E-007
  1.338988647898E+001 -1.623799412513E-007 -9.373410128554E-008  1.720305575723E-007
  1.355661450375E+001 -1.757100602295E-007 -6.672889991949E-008  1.518771995693E-007
  1.372633003727E+001 -1.849459088911E-007 -4.268533717131E-008  1.315574696440E-007
  1.389910484176E+001 -1.904572458421E-007 -2.168318838007E-008  1.117494029264E-007
  1.407501284743E+001 -1.926414576464E-007 -3.701636652641E-009  9.295124949328E-008
  1.425413023161E+001 -1.919090715205E-007  1.135865012871E-008  7.551093392408E-008
  1.443653550117E+001 -1.886716475986E-007  2.365626637161E-008  5.965229281915E-008
  1.462230957852E+001 -1.833318574003E-007  3.339244946401E-008  4.549827888689E-008
  1.481153589140E+001 -1.762755541998E-007  4.079690033763E-008  3.309132476874E-008
  1.500430046649E+001 -1.678656418375E-007  4.611584855850E-008  2.241106286620E-008
  1.520069202718E+001 -1.584375510897E-007  4.960216671213E-008  1.338959899535E-008
  1.540080209569E+001 -1.482961369359E-007  5.150734064304E-008  5.924537693559E-009
  1.560472509963E+001 -1.377138158397E-007  5.207510552023E-008 -1.100445602746E-010
  1.581255848342E+001 -1.269297693668E-007  5.153656265013E-008 -4.854485043328E-009
  1.602440282470E+001 -1.161500489554E-007  5.010659833739E-008 -8.456090797915E-009
  1.624036195599E+001 -1.055484262722E-007  4.798143377457E-008 -1.106318228949E-008
  1.646054309190E+001 -9.526784416155E-008  4.533714377578E-008 -1.282044926588E-008
  1.668505696224E+001 -8.542233453517E-008  4.232899199482E-008 -1.386545172333E-008
  1.691401795117E+001 -7.609928146520E-008  3.909144091052E-008 -1.432610822818E-008
  1.714754424293E+001 -6.736192004744E-008  3.573870613803E-008 -1.431902401273E-008
  1.738575797433E+001 -5.925197408650E-008  3.236573634799E-008 -1.394852208821E-008
  1.762878539445E+001 -5.179234814299E-008  2.904951205820E-008 -1.330625191837E-008
  1.787675703191E+001 -4.498980178505E-008  2.585056861995E-008 -1.247126179455E-008
  1.812980787015E+001 -3.883754583601E-008  2.281466067701E-008 -1.151043276914E-008
  1.838807753110E+001 -3.331771184852E-008  1.997449706156E-008 -1.047918366862E-008
  1.865171046781E+001 -2.840365682624E-008  1.735148635563E-008 -9.422368156148E-009
  1.892085616642E+001 -2.406207523709E-008  1.495744405113E-008 -8.375295900034E-009
  1.919566935809E+001 -2.025489952047E-008  1.279622226822E-008 -7.364820491269E-009
  1.947631024137E+001 -1.694097851000E-008  1.086523224196E-008 -6.410446727442E-009
  1.976294471571E+001 -1.407753042176E-008  9.156838185326E-009 -5.525419142308E-009
  2.005574462663E+001 -1.162137326879E-008  7.659608627108E-009 -4.717762135258E-009
  2.035488802332E+001 -9.529940750387E-009  6.359417875535E-009 -3.991249687080E-009
  2.066055942930E+001 -7.762095846970E-009  5.240395860868E-009 -3.346289404087E-009
  2.097295012706E+001 -6.278757565142E-009  4.285729274693E-009 -2.780711498683E-009
  2.129225845729E+001 -5.043358578476E-009  3.478320678566E-009 -2.290458297148E-009
  2.161869013374E+001 -4.022152967672E-009  2.801315147402E-009 -1.870173989502E-009
  2.195245857462E+001 -3.184393962663E-009  2.238506104289E-009 -1.513697642280E-009
  2.229378525140E+001 -2.502401621230E-009  1.774633366590E-009 -1.214465037363E-009
  2.264290005632E+001 -1.951539842407E-009  1.395587140094E-009 -9.658267442847E-010
  2.300004168951E+001 -1.510121110148E-009  1.088531856732E-009 -7.612910535971E-010
  2.336545806705E+001 -1.159255994753E-009  8.419634428499E-010 -5.947010747367E-010
  2.373940675129E+001 -8.826628049076E-010  6.457129204415E-010 -4.603555157291E-010
  2.412215540475E+001 -6.664509746093E-010  4.909082716315E-010 -3.530824969172E-010
  2.451398226921E+001 -4.988898717118E-010  3.699053208093E-010 -2.682752871158E-010
  2.491517667142E+001 -3.701728036766E-010  2.761970860827E-010 -2.018981644644E-010
  2.532603955735E+001 -2.721841357915E-010  2.043096906040E-010 -1.504697658356E-010
  2.574688405660E+001 -1.982756804797E-010  1.496915637804E-010 -1.110303605756E-010
  2.617803607920E+001 -1.430569042138E-010  1.086013511799E-010 -8.109852069845E-011
  2.661983494664E+001 -1.022020601202E-010  7.799872839952E-011 -5.862170550625E-011
  2.707263405971E+001 -7.227610758803E-011  5.544120638453E-011 -4.192436982114E-011
  2.753680160532E+001 -5.058023291475E-011  3.898904209202E-011 -2.965636845328E-011
  2.801272130518E+001 -3.501693611635E-011  2.711953862842E-011 -2.074368359406E-011
  2.850079320900E+001 -2.397398995840E-011  1.865133498484E-011 -1.434285723897E-011
  2.900143453541E+001 -1.622609357055E-011  1.267874278347E-011 -9.799971553289E-012
  2.951508056378E+001 -1.085271595825E-011  8.515776489721E-012 -6.614584781639E-012
  3.004218558064E+001 -7.170432848520E-012  5.649231108442E-012 -4.408692971161E-012
  3.058322388437E+001 -4.677980830831E-012  3.699971853680E-012 -2.900539326439E-012
  3.113869085248E+001 -3.012262871261E-012  2.391496858254E-012 -1.882922248493E-012
  3.170910407585E+001 -1.913617196342E-012  1.524799729085E-012 -1.205547751151E-012
  3.229500456485E+001 -1.198787306082E-012  9.585774241272E-013 -7.609194942806E-013
  3.289695803249E+001 -7.401869364529E-013  5.938856622626E-013 -4.732481001457E-013
  3.351555626047E+001 -4.502253581428E-013  3.624258311708E-013 -2.898797050937E-013
  3.415141855403E+001 -2.696335620569E-013  2.177431605458E-013 -1.747821813187E-013
  3.480519329257E+001 -1.589015672408E-013  1.287169757547E-013 -1.036780373794E-013
  3.547755958299E+001 -9.209485320843E-014  7.482344878855E-014 -6.046918410140E-014
  3.616922902393E+001 -5.245965925292E-014  4.274467496689E-014 -3.465561413220E-014
  3.688094758921E+001 -2.935046723642E-014  2.398208665181E-014 -1.950410032158E-014
  3.761349763993E+001 -1.611782059227E-014  1.320554990876E-014 -1.077202303864E-014
  3.836770007534E+001 -8.681336739382E-015  7.131475021120E-015 -5.834162996070E-015
  3.914441663347E+001 -4.582760699945E-015  3.774229849606E-015 -3.096310624206E-015
  3.994455235367E+001 -2.369094975159E-015  1.955956621322E-015 -1.608988072420E-015
  4.076905821405E+001 -1.198364671393E-015  9.917673355306E-016 -8.179806509991E-016
  4.161893395835E+001 -5.926036019747E-016  4.915852495345E-016 -4.064765935254E-016
  4.249523112779E+001 -2.862237781120E-016  2.379714597029E-016 -1.972560976207E-016
  4.339905631520E+001 -1.348929397716E-016  1.123996465279E-016 -9.339125777150E-017
  4.433157466006E+001 -6.196807440425E-017  5.174558275808E-017 -4.309416851352E-017
  4.529401360538E+001 -2.771858277651E-017  2.319422358334E-017 -1.935969590256E-017
  4.628766693861E+001 -1.205872706161E-017  1.011087494008E-017 -8.457687754151E-018
  4.731389914191E+001 -5.096066103457E-018  4.281309171854E-018 -3.588852598641E-018
  4.837415007871E+001 -2.089383807840E-018  1.758695631627E-018 -1.477266446017E-018
  4.946994004686E+001 -8.299772474624E-019  6.999177879371E-019 -5.890854957926E-019
  5.060287523143E+001 -3.189780498962E-019  2.694810650812E-019 -2.272467679714E-019
  5.177465359367E+001 -1.184263352325E-019  1.002262123494E-019 -8.467688595697E-020
  5.298707123650E+001 -4.240692643391E-020  3.595133745902E-020 -3.042912963212E-020
  5.424202929116E+001 -1.462155932631E-020  1.241645132338E-020 -1.052787068038E-020
  5.554154137419E+001 -4.845545640011E-021  4.121477980674E-021 -3.500604562312E-021
  5.688774166961E+001 -1.540496509552E-021  1.312378372745E-021 -1.116542746306E-021
  5.828289369667E+001 -4.688938330065E-022  4.000765067101E-022 -3.409302008157E-022
  5.972939983075E+001 -1.363505686973E-022  1.165140630813E-022 -9.944604242516E-023
  6.122981165190E+001 -3.779401054519E-023  3.234301092463E-023 -2.764760925799E-023
  6.278684120462E+001 -9.961512823611E-024  8.536946353165E-024 -7.308521508342E-024
  6.440337326150E+001 -2.490288054105E-024  2.137129403556E-024 -1.832272612034E-024
  6.608247869451E+001 -5.888562725062E-025  5.060333909795E-025 -4.344639552820E-025
  6.782742906960E+001 -1.313227741506E-025  1.130013545009E-025 -9.715319331053E-026
  6.964171259434E+001 -2.753552353056E-026  2.372445194754E-026 -2.042455166091E-026
  7.152905156377E+001 -5.410406059931E-027  4.667430767696E-027 -4.023478520431E-027
  7.349342146763E+001 -9.926863454048E-028  8.574159473534E-028 -7.400615317580E-028
  7.553907194217E+001 -1.694321968022E-028  1.465188896694E-028 -1.266216068474E-028
  7.767054977292E+001 -2.679305668682E-029  2.319664354141E-029 -2.007072965884E-029
  7.989272418113E+001 -3.908468290777E-030  3.387677583288E-030 -2.934608583016E-030
  8.221081465675E+001 -5.235143191013E-031  4.542598418447E-031 -3.939573778915E-031
  8.463042163523E+001 -6.406487021432E-032  5.564985805034E-032 -4.831620168575E-032
  8.715756035520E+001 -7.124452743694E-033  6.195156473095E-033 -5.384585101301E-033
  8.979869827958E+001 -7.158441122815E-034  6.231096935486E-034 -5.421549960838E-034
  9.256079651532E+001 -6.458391546608E-035  5.627358740589E-035 -4.901292585621E-035
  9.545135572765E+001 -5.197127358869E-036  4.532804001384E-036 -3.951922596396E-036
  9.847846711487E+001 -3.703396894534E-037  3.233081231185E-037 -2.821514339191E-037
  1.016508690915E+002 -2.318721594795E-038  2.026130519365E-038 -1.769889701404E-038
  1.049780104220E+002 -1.264870670935E-039  1.106260235977E-039 -9.672494335209E-040
  1.084701206579E+002 -5.956996311828E-041  5.214600277405E-041 -4.563458744274E-041
  1.121382888606E+002 -2.398241858507E-042  2.101162054923E-042 -1.840409042432E-042
  1.159945517414E+002 -8.165368367623E-044  7.159881080150E-044 -6.276714106376E-044
  1.200519925308E+002 -2.323817446468E-045  2.039324208985E-045 -1.789265564605E-045
  1.243248520934E+002 -5.458185515867E-047  4.793776472946E-047 -4.209386324266E-047
  1.288286540551E+002 -1.043501343290E-048  9.171891100401E-049 -8.060149123004E-049
  1.335803459987E+002 -1.599415896574E-050  1.406873431753E-050 -1.237295146013E-050
  1.385984591287E+002 -1.933140981862E-052  1.701674220280E-052 -1.497683023968E-052
  1.439032892205E+002 -1.809355456958E-054  1.593851134940E-054 -1.403808139159E-054
  1.495171021587E+002 -1.285587418159E-056  1.133256727532E-056 -9.988408816607E-057
  1.554643679592E+002 -6.784211872351E-059  5.984404551855E-059 -5.278233762612E-059
  1.617720278763E+002 -2.595731455616E-061  2.291228071025E-061 -2.022215848511E-061
  1.684698000514E+002 -7.012068383954E-064  6.193470014001E-064 -5.469866726871E-064
  1.755905301928E+002 -1.298693407113E-066  1.147800272269E-066 -1.014342703295E-066
  1.831705950299E+002 -1.596309496508E-069  1.411695945690E-069 -1.248324657895E-069
  1.912503678195E+002 -1.256030466458E-072  1.111428037233E-072 -9.833954333822E-073
  1.998747570544E+002 -6.077372371324E-076  5.380801523914E-076 -4.763727073124E-076
  2.090938318328E+002 -1.729092703397E-079  1.531765640085E-079 -1.356869309343E-079
  2.189635501945E+002 -2.751519568565E-083  2.438836325012E-083 -2.161558611632E-083
  2.295466102647E+002 -2.315389096117E-087  2.053351185014E-087 -1.820871306980E-087
  2.409134484547E+002 -9.674074355753E-092  8.583633680503E-092 -7.615737487928E-092
  2.531434144886E+002 -1.869394020653E-096  1.659504812259E-096 -1.473117221110E-096
  2.663261599835E+002 -1.541931663372E-101  1.369469027223E-101 -1.216248575618E-101
  2.805632861191E+002 -4.957049658845E-107  4.404670059918E-107 -3.913706908841E-107
  2.959703071532E+002 -5.601274138696E-113  4.979361566331E-113 -4.426361858017E-113
  3.126790009236E+002 -1.977168751987E-119  1.758413784119E-119 -1.563818384898E-119
  3.308402360200E+002 -1.904841089259E-126  1.694807862639E-126 -1.507896142748E-126
  3.506273893903E+002 -4.288882985750E-134  3.817545729178E-134 -3.397932646155E-134
  3.722404996260E+002 -1.886881267239E-142  1.680184548015E-142 -1.496101237002E-142
  3.959113426415E+002 -1.318142320946E-151  1.174197598694E-151 -1.045954191113E-151
  4.219096715122E+002 -1.148499074389E-161  1.023458374687E-161 -9.120176114345E-162
  4.505509359373E+002 -9.410463171710E-173  8.388908052574E-173 -7.478150462727E-173
  4.822058963204E+002 -5.202991549051E-185  4.639773415359E-185 -4.137476061953E-185
  5.173126831536E+002 -1.311306171628E-198  1.169745421539E-198 -1.043456470447E-198
  5.563920392209E+002 -9.451028773644E-214  8.433432489755E-214 -7.525337567700E-214
  6.000667421536E+002 -1.115335715908E-230  9.955508222041E-231 -8.886241545594E-231
  6.490865708786E+002 -1.101314040278E-249  9.833227695054E-250 -8.779672886050E-250
  7.043607010442E+002 -4.031071377480E-271  3.600204005577E-271 -3.215373772934E-271
  7.670001674974E+002 -2.022255512589E-295  1.806587549591E-295 -1.613912893106E-295
  8.383741345464E+002  0.000000000000E+000  0.000000000000E+000  0.000000000000E+000
  9.201853543213E+002  0.000000000000E+000  0.000000000000E+000  0.000000000000E+000
  1.014572672318E+003  0.000000000000E+000  0.000000000000E+000  0.000000000000E+000
  1.124252254996E+003  0.000000000000E+000  0.000000000000E+000  0.000000000000E+000
  1.252715205428E+003  0.000000000000E+000  0.000000000000E+000  0.000000000000E+000
  1.404508845568E+003  0.000000000000E+000  0.000000000000E+000  0.000000000000E+000
  1.585644739908E+003  0.000000000000E+000  0.000000000000E+000  0.000000000000E+000
  1.804203189488E+003  0.000000000000E+000  0.000000000000E+000  0.000000000000E+000
  2.071250249814E+003  0.000000000000E+000  0.000000000000E+000  0.000000000000E+000
  2.402266552340E+003  0.000000000000E+000  0.000000000000E+000  0.000000000000E+000
  2.819442449497E+003  0.000000000000E+000  0.000000000000E+000  0.000000000000E+000
  3.355496240167E+003  0.000000000000E+000  0.000000000000E+000  0.000000000000E+000
  4.060290442982E+003  0.000000000000E+000  0.000000000000E+000  0.000000000000E+000
  5.012860622227E+003  0.000000000000E+000  0.000000000000E+000  0.000000000000E+000
  6.344578802016E+003  0.000000000000E+000  0.000000000000E+000  0.000000000000E+000
  8.287000878586E+003  0.000000000000E+000  0.000000000000E+000  0.000000000000E+000
  1.127976970933E+004  0.000000000000E+000  0.000000000000E+000  0.000000000000E+000
  1.624316171036E+004  0.000000000000E+000  0.000000000000E+000  0.000000000000E+000
  2.538031516868E+004  0.000000000000E+000  0.000000000000E+000  0.000000000000E+000
  4.512107881524E+004  0.000000000000E+000  0.000000000000E+000  0.000000000000E+000
  1.015232606647E+005  0.000000000000E+000  0.000000000000E+000  0.000000000000E+000
  4.060950426526E+005  0.000000000000E+000  0.000000000000E+000  0.000000000000E+000
