# 1st line: number of mesh points
# abcissa wavefunction wavefunction_1st wavefunction_2nd
1000
# Principal QN=   3 , l=   1 , Occupation=   5.0000
  2.462477732966E-006  3.588013177838E-004  1.456997693503E+002 -6.226932009146E+003
  9.849959442330E-006  1.434985799030E-003  1.456537749743E+002 -6.225045069441E+003
  2.216259066178E-005  3.227895234267E-003  1.455771476438E+002 -6.221901664373E+003
  3.940061395432E-005  5.736433296732E-003  1.454699322666E+002 -6.217504033563E+003
  6.156436892224E-005  8.959066574711E-003  1.453321916406E+002 -6.211855308408E+003
  8.865429222131E-005  1.289382601454E-002  1.451640063811E+002 -6.204959508010E+003
  1.206709175794E-004  1.753830877195E-002  1.449654748268E+002 -6.196821533966E+003
  1.576148758184E-004  2.288968046880E-002  1.447367129268E+002 -6.187447164011E+003
  1.994868948811E-004  2.894467785148E-002  1.444778541059E+002 -6.176843044533E+003
  2.462877998613E-004  3.569961184704E-002  1.441890491107E+002 -6.165016681978E+003
  2.980185130383E-004  4.315037101178E-002  1.438704658357E+002 -6.151976433148E+003
  3.546800539158E-004  5.129242536733E-002  1.435222891302E+002 -6.137731494421E+003
  4.162735392647E-004  6.012083061766E-002  1.431447205864E+002 -6.122291889907E+003
  4.828001831694E-004  6.963023274059E-002  1.427379783078E+002 -6.105668458560E+003
  5.542612970792E-004  7.981487294672E-002  1.423022966604E+002 -6.087872840273E+003
  6.306582898628E-004  9.066859299757E-002  1.418379260055E+002 -6.068917460974E+003
  7.119926678676E-004  1.021848408750E-001  1.413451324157E+002 -6.048815516760E+003
  7.982660349828E-004  1.143566767929E-001  1.408241973728E+002 -6.027580957082E+003
  8.894800927067E-004  1.271767795415E-001  1.402754174509E+002 -6.005228467029E+003
  9.856366402179E-004  1.406374531553E-001  1.396991039826E+002 -5.981773448721E+003
  1.086737574451E-003  1.547306338932E-001  1.390955827105E+002 -5.957232001868E+003
  1.192784890174E-003  1.694478975209E-001  1.384651934241E+002 -5.931620903502E+003
  1.303780680078E-003  1.847804668843E-001  1.378082895820E+002 -5.904957586943E+003
  1.419727134858E-003  2.007192197620E-001  1.371252379222E+002 -5.877260120015E+003
  1.540626543307E-003  2.172546969852E-001  1.364164180583E+002 -5.848547182569E+003
  1.666481292416E-003  2.343771108134E-001  1.356822220644E+002 -5.818838043329E+003
  1.797293867468E-003  2.520763535516E-001  1.349230540490E+002 -5.788152536125E+003
  1.933066852148E-003  2.703420063987E-001  1.341393297177E+002 -5.756511035535E+003
  2.073802928647E-003  2.891633485115E-001  1.333314759266E+002 -5.723934431989E+003
  2.219504877777E-003  3.085293662726E-001  1.324999302266E+002 -5.690444106373E+003
  2.370175579090E-003  3.284287627479E-001  1.316451403989E+002 -5.656061904175E+003
  2.525818010992E-003  3.488499673208E-001  1.307675639840E+002 -5.620810109222E+003
  2.686435250879E-003  3.697811454884E-001  1.298676678027E+002 -5.584711417045E+003
  2.852030475254E-003  3.912102088056E-001  1.289459274724E+002 -5.547788907925E+003
  3.022606959872E-003  4.131248249647E-001  1.280028269173E+002 -5.510066019654E+003
  3.198168079872E-003  4.355124279940E-001  1.270388578745E+002 -5.471566520071E+003
  3.378717309917E-003  4.583602285639E-001  1.260545193969E+002 -5.432314479403E+003
  3.564258224347E-003  4.816552243836E-001  1.250503173531E+002 -5.392334242465E+003
  3.754794497325E-003  5.053842106768E-001  1.240267639245E+002 -5.351650400766E+003
  3.950329902993E-003  5.295337907211E-001  1.229843771030E+002 -5.310287764559E+003
  4.150868315631E-003  5.540903864370E-001  1.219236801865E+002 -5.268271334885E+003
  4.356413709820E-003  5.790402490136E-001  1.208452012756E+002 -5.225626275655E+003
  4.566970160612E-003  6.043694695560E-001  1.197494727715E+002 -5.182377885811E+003
  4.782541843700E-003  6.300639897431E-001  1.186370308757E+002 -5.138551571621E+003
  5.003133035593E-003  6.561096124789E-001  1.175084150917E+002 -5.094172819125E+003
  5.228748113801E-003  6.824920125285E-001  1.163641677313E+002 -5.049267166812E+003
  5.459391557015E-003  7.091967471224E-001  1.152048334239E+002 -5.003860178536E+003
  5.695067945303E-003  7.362092665183E-001  1.140309586310E+002 -4.957977416730E+003
  5.935781960296E-003  7.635149245074E-001  1.128430911664E+002 -4.911644415955E+003
  6.181538385392E-003  7.910989888542E-001  1.116417797220E+002 -4.864886656819E+003
  6.432342105956E-003  8.189466516564E-001  1.104275734012E+002 -4.817729540306E+003
  6.688198109528E-003  8.470430396153E-001  1.092010212586E+002 -4.770198362555E+003
  6.949111486034E-003  8.753732242049E-001  1.079626718489E+002 -4.722318290122E+003
  7.215087428003E-003  9.039222317289E-001  1.067130727838E+002 -4.674114335758E+003
  7.486131230784E-003  9.326750532561E-001  1.054527702980E+002 -4.625611334737E+003
  7.762248292776E-003  9.616166544243E-001  1.041823088250E+002 -4.576833921771E+003
  8.043444115654E-003  9.907319851033E-001  1.029022305835E+002 -4.527806508530E+003
  8.329724304602E-003  1.020005988907E+000  1.016130751740E+002 -4.478553261815E+003
  8.621094568555E-003  1.049423612550E+000  1.003153791869E+002 -4.429098082386E+003
  8.917560720438E-003  1.078969815035E+000  9.900967582158E+001 -4.379464584502E+003
  9.219128677417E-003  1.108629576666E+000  9.769649451853E+001 -4.329676076164E+003
  9.525804461149E-003  1.138387907888E+000  9.637636060274E+001 -4.279755540113E+003
  9.837594198038E-003  1.168229857929E+000  9.504979494040E+001 -4.229725615582E+003
  1.015450411950E-002  1.198140523258E+000  9.371731360843E+001 -4.179608580838E+003
  1.047654056222E-002  1.228105055837E+000  9.237942757728E+001 -4.129426336515E+003
  1.080370996845E-002  1.258108671179E+000  9.103664240726E+001 -4.079200389775E+003
  1.113601888623E-002  1.288136656185E+000  8.968945795863E+001 -4.028951839287E+003
  1.147347396972E-002  1.318174376784E+000  8.833836811562E+001 -3.978701361060E+003
  1.181608197948E-002  1.348207285341E+000  8.698386052447E+001 -3.928469195115E+003
  1.216384978272E-002  1.378220927863E+000  8.562641634583E+001 -3.878275133039E+003
  1.251678435364E-002  1.408200950970E+000  8.426651002131E+001 -3.828138506387E+003
  1.287489277369E-002  1.438133108654E+000  8.290460905449E+001 -3.778078175977E+003
  1.323818223191E-002  1.468003268802E+000  8.154117380637E+001 -3.728112522050E+003
  1.360666002522E-002  1.497797419507E+000  8.017665730512E+001 -3.678259435321E+003
  1.398033355872E-002  1.527501675142E+000  7.881150507035E+001 -3.628536308904E+003
  1.435921034603E-002  1.557102282211E+000  7.744615495165E+001 -3.578960031117E+003
  1.474329800963E-002  1.586585624973E+000  7.608103698139E+001 -3.529546979169E+003
  1.513260428113E-002  1.615938230848E+000  7.471657324168E+001 -3.480313013710E+003
  1.552713700165E-002  1.645146775586E+000  7.335317774536E+001 -3.431273474253E+003
  1.592690412217E-002  1.674198088224E+000  7.199125633086E+001 -3.382443175448E+003
  1.633191370382E-002  1.703079155820E+000  7.063120657063E+001 -3.333836404210E+003
  1.674217391826E-002  1.731777127964E+000  6.927341769317E+001 -3.285466917678E+003
  1.715769304806E-002  1.760279321083E+000  6.791827051817E+001 -3.237347942001E+003
  1.757847948698E-002  1.788573222521E+000  6.656613740463E+001 -3.189492171933E+003
  1.800454174044E-002  1.816646494426E+000  6.521738221174E+001 -3.141911771225E+003
  1.843588842578E-002  1.844486977413E+000  6.387236027201E+001 -3.094618373796E+003
  1.887252827273E-002  1.872082694045E+000  6.253141837660E+001 -3.047623085664E+003
  1.931447012370E-002  1.899421852101E+000  6.119489477228E+001 -3.000936487618E+003
  1.976172293425E-002  1.926492847661E+000  5.986311916974E+001 -2.954568638614E+003
  2.021429577341E-002  1.953284268001E+000  5.853641276301E+001 -2.908529079874E+003
  2.067219782411E-002  1.979784894303E+000  5.721508825935E+001 -2.862826839655E+003
  2.113543838356E-002  2.005983704191E+000  5.589944991939E+001 -2.817470438683E+003
  2.160402686371E-002  2.031869874092E+000  5.458979360711E+001 -2.772467896216E+003
  2.207797279156E-002  2.057432781432E+000  5.328640684907E+001 -2.727826736708E+003
  2.255728580967E-002  2.082662006670E+000  5.198956890266E+001 -2.683553997060E+003
  2.304197567655E-002  2.107547335177E+000  5.069955083275E+001 -2.639656234425E+003
  2.353205226706E-002  2.132078758965E+000  4.941661559642E+001 -2.596139534534E+003
  2.402752557287E-002  2.156246478273E+000  4.814101813519E+001 -2.553009520533E+003
  2.452840570292E-002  2.180040903015E+000  4.687300547438E+001 -2.510271362280E+003
  2.503470288379E-002  2.203452654099E+000  4.561281682907E+001 -2.467929786096E+003
  2.554642746023E-002  2.226472564613E+000  4.436068371624E+001 -2.425989084924E+003
  2.606358989558E-002  2.249091680899E+000  4.311683007251E+001 -2.384453128873E+003
  2.658620077221E-002  2.271301263510E+000  4.188147237715E+001 -2.343325376127E+003
  2.711427079202E-002  2.293092788060E+000  4.065481977978E+001 -2.302608884169E+003
  2.764781077690E-002  2.314457945968E+000  3.943707423230E+001 -2.262306321313E+003
  2.818683166921E-002  2.335388645116E+000  3.822843062461E+001 -2.222419978495E+003
  2.873134453224E-002  2.355877010400E+000  3.702907692366E+001 -2.182951781312E+003
  2.928136055074E-002  2.375915384216E+000  3.583919431530E+001 -2.143903302261E+003
  2.983689103139E-002  2.395496326848E+000  3.465895734859E+001 -2.105275773163E+003
  3.039794740329E-002  2.414612616794E+000  3.348853408199E+001 -2.067070097737E+003
  3.096454121851E-002  2.433257251016E+000  3.232808623111E+001 -2.029286864298E+003
  3.153668415253E-002  2.451423445131E+000  3.117776931749E+001 -1.991926358546E+003
  3.211438800486E-002  2.469104633538E+000  3.003773281810E+001 -1.954988576424E+003
  3.269766469947E-002  2.486294469491E+000  2.890812031506E+001 -1.918473237017E+003
  3.328652628537E-002  2.502986825125E+000  2.778906964517E+001 -1.882379795457E+003
  3.388098493714E-002  2.519175791433E+000  2.668071304900E+001 -1.846707455820E+003
  3.448105295547E-002  2.534855678198E+000  2.558317731903E+001 -1.811455183983E+003
  3.508674276771E-002  2.550021013890E+000  2.449658394652E+001 -1.776621720414E+003
  3.569806692844E-002  2.564666545530E+000  2.342104926682E+001 -1.742205592876E+003
  3.631503812000E-002  2.578787238515E+000  2.235668460273E+001 -1.708205129017E+003
  3.693766915309E-002  2.592378276417E+000  2.130359640567E+001 -1.674618468830E+003
  3.756597296732E-002  2.605435060762E+000  2.026188639425E+001 -1.641443576949E+003
  3.819996263183E-002  2.617953210771E+000  1.923165169013E+001 -1.608678254777E+003
  3.883965134583E-002  2.629928563096E+000  1.821298495073E+001 -1.576320152410E+003
  3.948505243923E-002  2.641357171524E+000  1.720597449869E+001 -1.544366780347E+003
  4.013617937323E-002  2.652235306667E+000  1.621070444777E+001 -1.512815520969E+003
  4.079304574093E-002  2.662559455636E+000  1.522725482506E+001 -1.481663639761E+003
  4.145566526792E-002  2.672326321699E+000  1.425570168919E+001 -1.450908296270E+003
  4.212405181296E-002  2.681532823926E+000  1.329611724451E+001 -1.420546554783E+003
  4.279821936853E-002  2.690176096815E+000  1.234856995101E+001 -1.390575394700E+003
  4.347818206155E-002  2.698253489914E+000  1.141312462983E+001 -1.360991720606E+003
  4.416395415396E-002  2.705762567417E+000  1.048984256430E+001 -1.331792372020E+003
  4.485555004336E-002  2.712701107758E+000  9.578781596376E+000 -1.302974132804E+003
  4.555298426375E-002  2.719067103187E+000  8.679996218427E+000 -1.274533740241E+003
  4.625627148608E-002  2.724858759331E+000  7.793537660246E+000 -1.246467893754E+003
  4.696542651902E-002  2.730074494738E+000  6.919453971313E+000 -1.218773263266E+003
  4.768046430958E-002  2.734712940413E+000  6.057790098247E+000 -1.191446497200E+003
  4.840139994379E-002  2.738772939331E+000  5.208587957439E+000 -1.164484230106E+003
  4.912824864743E-002  2.742253545929E+000  4.371886502878E+000 -1.137883089906E+003
  4.986102578670E-002  2.745154025586E+000  3.547721789193E+000 -1.111639704768E+003
  5.059974686895E-002  2.747473854078E+000  2.736127029949E+000 -1.085750709593E+003
  5.134442754336E-002  2.749212717005E+000  1.937132651250E+000 -1.060212752122E+003
  5.209508360169E-002  2.750370509200E+000  1.150766340712E+000 -1.035022498656E+003
  5.285173097899E-002  2.750947334110E+000  3.770530919032E-001 -1.010176639393E+003
  5.361438575437E-002  2.750943503139E+000 -3.839847556714E-001 -9.856718933826E+002
  5.438306415168E-002  2.750359534972E+000 -1.132327480914E+000 -9.615050131028E+002
  5.515778254035E-002  2.749196154851E+000 -1.867957949699E+000 -9.376727886547E+002
  5.593855743605E-002  2.747454293828E+000 -2.590861587523E+000 -9.141720515880E+002
  5.672540550155E-002  2.745135087966E+000 -3.301026356087E+000 -8.909996783557E+002
  5.751834354743E-002  2.742239877507E+000 -3.998442733671E+000 -8.681525934070E+002
  5.831738853289E-002  2.738770205990E+000 -4.683103699126E+000 -8.456277719221E+002
  5.912255756656E-002  2.734727819326E+000 -5.355004719320E+000 -8.234222421979E+002
  5.993386790726E-002  2.730114664819E+000 -6.014143739851E+000 -8.015330876910E+002
  6.075133696481E-002  2.724932890134E+000 -6.660521178843E+000 -7.799574487270E+002
  6.157498230090E-002  2.719184842217E+000 -7.294139923630E+000 -7.586925238841E+002
  6.240482162984E-002  2.712873066146E+000 -7.915005330127E+000 -7.377355710620E+002
  6.324087281946E-002  2.706000303927E+000 -8.523125224694E+000 -7.170839082441E+002
  6.408315389190E-002  2.698569493231E+000 -9.118509908258E+000 -6.967349139653E+002
  6.493168302447E-002  2.690583766056E+000 -9.701172162518E+000 -6.766860274950E+002
  6.578647855056E-002  2.682046447325E+000 -1.027112725798E+001 -6.569347487473E+002
  6.664755896041E-002  2.672961053417E+000 -1.082839296365E+001 -6.374786379301E+002
  6.751494290207E-002  2.663331290619E+000 -1.137298955808E+001 -6.183153149451E+002
  6.838864918226E-002  2.653161053508E+000 -1.190493984171E+001 -5.994424585502E+002
  6.926869676725E-002  2.642454423252E+000 -1.242426915007E+001 -5.808578052986E+002
  7.015510478375E-002  2.631215665833E+000 -1.293100536784E+001 -5.625591482655E+002
  7.104789251987E-002  2.619449230194E+000 -1.342517894341E+001 -5.445443355765E+002
  7.194707942599E-002  2.607159746296E+000 -1.390682290372E+001 -5.268112687507E+002
  7.285268511573E-002  2.594352023097E+000 -1.437597286935E+001 -5.093579008709E+002
  7.376472936684E-002  2.581031046444E+000 -1.483266706940E+001 -4.921822345948E+002
  7.468323212221E-002  2.567201976877E+000 -1.527694635615E+001 -4.752823200207E+002
  7.560821349078E-002  2.552870147352E+000 -1.570885421920E+001 -4.586562524197E+002
  7.653969374850E-002  2.538041060867E+000 -1.612843679894E+001 -4.423021698488E+002
  7.747769333938E-002  2.522720388004E+000 -1.653574289919E+001 -4.262182506571E+002
  7.842223287637E-002  2.506913964389E+000 -1.693082399873E+001 -4.104027108988E+002
  7.937333314243E-002  2.490627788046E+000 -1.731373426166E+001 -3.948538016652E+002
  8.033101509154E-002  2.473868016680E+000 -1.768453054637E+001 -3.795698063479E+002
  8.129529984966E-002  2.456640964858E+000 -1.804327241296E+001 -3.645490378468E+002
  8.226620871580E-002  2.438953101109E+000 -1.839002212894E+001 -3.497898357341E+002
  8.324376316303E-002  2.420811044929E+000 -1.872484467316E+001 -3.352905633864E+002
  8.422798483957E-002  2.402221563707E+000 -1.904780773771E+001 -3.210496050958E+002
  8.521889556978E-002  2.383191569556E+000 -1.935898172773E+001 -3.070653631732E+002
  8.621651735528E-002  2.363728116065E+000 -1.965843975909E+001 -2.933362550519E+002
  8.722087237602E-002  2.343838394967E+000 -1.994625765362E+001 -2.798607104043E+002
  8.823198299134E-002  2.323529732716E+000 -2.022251393208E+001 -2.666371682809E+002
  8.924987174107E-002  2.302809586998E+000 -2.048728980449E+001 -2.536640742810E+002
  9.027456134670E-002  2.281685543149E+000 -2.074066915800E+001 -2.409398777652E+002
  9.130607471240E-002  2.260165310507E+000 -2.098273854205E+001 -2.284630291184E+002
  9.234443492626E-002  2.238256718682E+000 -2.121358715086E+001 -2.162319770710E+002
  9.338966526132E-002  2.215967713759E+000 -2.143330680314E+001 -2.042451660873E+002
  9.444178917683E-002  2.193306354432E+000 -2.164199191908E+001 -1.925010338276E+002
  9.550083031933E-002  2.170280808068E+000 -2.183973949444E+001 -1.809980086925E+002
  9.656681252387E-002  2.146899346709E+000 -2.202664907190E+001 -1.697345074542E+002
  9.763975981519E-002  2.123170343014E+000 -2.220282270947E+001 -1.587089329817E+002
  9.871969640891E-002  2.099102266145E+000 -2.236836494619E+001 -1.479196720662E+002
  9.980664671274E-002  2.074703677598E+000 -2.252338276488E+001 -1.373650933506E+002
  1.009006353277E-001  2.049983226981E+000 -2.266798555212E+001 -1.270435453677E+002
  1.020016870494E-001  2.024949647750E+000 -2.280228505553E+001 -1.169533546928E+002
  1.031098268692E-001  1.999611752896E+000 -2.292639533815E+001 -1.070928242123E+002
  1.042250799756E-001  1.973978430602E+000 -2.304043273026E+001 -9.746023151262E+001
  1.053474717553E-001  1.948058639852E+000 -2.314451577849E+001 -8.805382739166E+001
  1.064770277946E-001  1.921861406019E+000 -2.323876519235E+001 -7.887183449557E+001
  1.076137738809E-001  1.895395816420E+000 -2.332330378824E+001 -6.991244608161E+001
  1.087577360036E-001  1.868671015848E+000 -2.339825643105E+001 -6.117382490915E+001
  1.099089403557E-001  1.841696202088E+000 -2.346374997335E+001 -5.265410225929E+001
  1.110674133350E-001  1.814480621413E+000 -2.351991319238E+001 -4.435137708349E+001
  1.122331815458E-001  1.787033564072E+000 -2.356687672475E+001 -3.626371528133E+001
  1.134062717995E-001  1.759364359771E+000 -2.360477299919E+001 -2.838914910683E+001
  1.145867111168E-001  1.731482373147E+000 -2.363373616724E+001 -2.072567670245E+001
  1.157745267286E-001  1.703396999255E+000 -2.365390203213E+001 -1.327126175967E+001
  1.169697460775E-001  1.675117659043E+000 -2.366540797585E+001 -6.023833304585E+000
  1.181723968193E-001  1.646653794855E+000 -2.366839288467E+001  1.018714393657E+000
  1.193825068243E-001  1.618014865935E+000 -2.366299707309E+001  7.858521793517E+000
  1.206001041787E-001  1.589210343954E+000 -2.364936220642E+001  1.449776393365E+001
  1.218252171865E-001  1.560249708564E+000 -2.362763122211E+001  2.093865017020E+001
  1.230578743703E-001  1.531142442966E+000 -2.359794824996E+001  2.718342380192E+001
  1.242981044731E-001  1.501898029520E+000 -2.356045853133E+001  3.323436158663E+001
  1.255459364600E-001  1.472525945380E+000 -2.351530833744E+001  3.909377315264E+001
  1.268013995194E-001  1.443035658175E+000 -2.346264488702E+001  4.476400030892E+001
  1.280645230647E-001  1.413436621725E+000 -2.340261626329E+001  5.024741625831E+001
  1.293353367356E-001  1.383738271803E+000 -2.333537133052E+001  5.554642471785E+001
  1.306138704000E-001  1.353950021946E+000 -2.326105965025E+001  6.066345895073E+001
  1.319001541553E-001  1.324081259319E+000 -2.317983139727E+001  6.560098071452E+001
  1.331942183303E-001  1.294141340632E+000 -2.309183727565E+001  7.036147913028E+001
  1.344960934863E-001  1.264139588116E+000 -2.299722843466E+001  7.494746947742E+001
  1.358058104191E-001  1.234085285559E+000 -2.289615638505E+001  7.936149191929E+001
  1.371234001607E-001  1.203987674409E+000 -2.278877291555E+001  8.360611016432E+001
  1.384488939805E-001  1.173855949938E+000 -2.267523000987E+001  8.768391006793E+001
  1.397823233874E-001  1.143699257481E+000 -2.255567976420E+001  9.159749818019E+001
  1.411237201313E-001  1.113526688743E+000 -2.243027430545E+001  9.534950024431E+001
  1.424731162050E-001  1.083347278183E+000 -2.229916571028E+001  9.894255965114E+001
  1.438305438454E-001  1.053169999471E+000 -2.216250592502E+001  1.023793358547E+002
  1.451960355357E-001  1.023003762021E+000 -2.202044668662E+001  1.056625027537E+002
  1.465696240072E-001  9.928574076168E-001 -2.187313944469E+001  1.087947470446E+002
  1.479513422405E-001  9.627397070992E-001 -2.172073528484E+001  1.117787665502E+002
  1.493412234681E-001  9.326593571545E-001 -2.156338485321E+001  1.146172685294E+002
  1.507393011753E-001  9.026249771777E-001 -2.140123828253E+001  1.173129679729E+002
  1.521456091027E-001  8.726451062249E-001 -2.123444511960E+001  1.198685858896E+002
  1.535601812478E-001  8.427282000514E-001 -2.106315425434E+001  1.222868475868E+002
  1.549830518669E-001  8.128826282390E-001 -2.088751385050E+001  1.245704809517E+002
  1.564142554766E-001  7.831166714107E-001 -2.070767127809E+001  1.267222147358E+002
  1.578538268564E-001  7.534385185355E-001 -2.052377304760E+001  1.287447768470E+002
  1.593018010499E-001  7.238562643225E-001 -2.033596474603E+001  1.306408926550E+002
  1.607582133673E-001  6.943779067059E-001 -2.014439097483E+001  1.324132833117E+002
  1.622230993867E-001  6.650113444192E-001 -1.994919528979E+001  1.340646640920E+002
  1.636964949568E-001  6.357643746612E-001 -1.975052014295E+001  1.355977427575E+002
  1.651784361984E-001  6.066446908512E-001 -1.954850682646E+001  1.370152179474E+002
  1.666689595063E-001  5.776598804756E-001 -1.934329541855E+001  1.383197775993E+002
  1.681681015517E-001  5.488174230232E-001 -1.913502473163E+001  1.395140974021E+002
  1.696758992842E-001  5.201246880111E-001 -1.892383226243E+001  1.406008392862E+002
  1.711923899335E-001  4.915889330989E-001 -1.870985414428E+001  1.415826499507E+002
  1.727176110118E-001  4.632173022915E-001 -1.849322510161E+001  1.424621594328E+002
  1.742516003158E-001  4.350168242295E-001 -1.827407840650E+001  1.432419797192E+002
  1.757943959287E-001  4.069944105658E-001 -1.805254583745E+001  1.439247034035E+002
  1.773460362227E-001  3.791568544292E-001 -1.782875764031E+001  1.445129023907E+002
  1.789065598608E-001  3.515108289711E-001 -1.760284249130E+001  1.450091266499E+002
  1.804760057990E-001  3.240628859973E-001 -1.737492746225E+001  1.454159030180E+002
  1.820544132889E-001  2.968194546816E-001 -1.714513798787E+001  1.457357340544E+002
  1.836418218792E-001  2.697868403603E-001 -1.691359783524E+001  1.459710969490E+002
  1.852382714189E-001  2.429712234071E-001 -1.668042907525E+001  1.461244424827E+002
  1.868438020586E-001  2.163786581861E-001 -1.644575205626E+001  1.461981940439E+002
  1.884584542535E-001  1.900150720824E-001 -1.620968537959E+001  1.461947466984E+002
  1.900822687655E-001  1.638862646070E-001 -1.597234587723E+001  1.461164663150E+002
  1.917152866652E-001  1.379979065772E-001 -1.573384859131E+001  1.459656887477E+002
  1.933575493349E-001  1.123555393684E-001 -1.549430675562E+001  1.457447190718E+002
  1.950090984705E-001  8.696457423708E-002 -1.525383177894E+001  1.454558308766E+002
  1.966699760840E-001  6.183029171278E-002 -1.501253323028E+001  1.451012656133E+002
  1.983402245061E-001  3.695784105809E-002 -1.477051882582E+001  1.446832319974E+002
  2.000198863884E-001  1.235223979406E-002 -1.452789441765E+001  1.442039054656E+002
  2.017090047061E-001 -1.198162670993E-002 -1.428476398421E+001  1.436654276864E+002
  2.034076227605E-001 -3.603900558378E-002 -1.404122962232E+001  1.430699061239E+002
  2.051157841813E-001 -5.981527674343E-002 -1.379739154085E+001  1.424194136529E+002
  2.068335329293E-001 -8.330595311836E-002 -1.355334805589E+001  1.417159882261E+002
  2.085609132993E-001 -1.065066808216E-001 -1.330919558739E+001  1.409616325897E+002
  2.102979699219E-001 -1.294132392636E-001 -1.306502865730E+001  1.401583140496E+002
  2.120447477670E-001 -1.520215412123E-001 -1.282093988893E+001  1.393079642829E+002
  2.138012921459E-001 -1.743276328001E-001 -1.257702000777E+001  1.384124791975E+002
  2.155676487143E-001 -1.963276934796E-001 -1.233335784344E+001  1.374737188346E+002
  2.173438634747E-001 -2.180180359304E-001 -1.209004033294E+001  1.364935073154E+002
  2.191299827795E-001 -2.393951059173E-001 -1.184715252491E+001  1.354736328289E+002
  2.209260533334E-001 -2.604554821024E-001 -1.160477758509E+001  1.344158476594E+002
  2.227321221965E-001 -2.811958758115E-001 -1.136299680269E+001  1.333218682529E+002
  2.245482367870E-001 -3.016131307576E-001 -1.112188959783E+001  1.321933753194E+002
  2.263744448840E-001 -3.217042227214E-001 -1.088153352983E+001  1.310320139705E+002
  2.282107946304E-001 -3.414662591910E-001 -1.064200430631E+001  1.298393938898E+002
  2.300573345358E-001 -3.608964789626E-001 -1.040337579321E+001  1.286170895349E+002
  2.319141134796E-001 -3.799922517011E-001 -1.016572002543E+001  1.273666403687E+002
  2.337811807137E-001 -3.987510774652E-001 -9.929107218254E+000  1.260895511192E+002
  2.356585858657E-001 -4.171705861951E-001 -9.693605779402E+000  1.247872920640E+002
  2.375463789419E-001 -4.352485371657E-001 -9.459282321638E+000  1.234612993406E+002
  2.394446103301E-001 -4.529828184057E-001 -9.226201675975E+000  1.221129752784E+002
  2.413533308032E-001 -4.703714460831E-001 -8.994426905367E+000  1.207436887513E+002
  2.432725915217E-001 -4.874125638597E-001 -8.764019318867E+000  1.193547755503E+002
  2.452024440374E-001 -5.041044422131E-001 -8.535038486197E+000  1.179475387728E+002
  2.471429402963E-001 -5.204454777293E-001 -8.307542252704E+000  1.165232492281E+002
  2.490941326418E-001 -5.364341923654E-001 -8.081586754655E+000  1.150831458567E+002
  2.510560738180E-001 -5.520692326830E-001 -7.857226434832E+000  1.136284361625E+002
  2.530288169732E-001 -5.673493690543E-001 -7.634514058405E+000  1.121602966565E+002
  2.550124156627E-001 -5.822734948399E-001 -7.413500729030E+000  1.106798733094E+002
  2.570069238527E-001 -5.968406255402E-001 -7.194235905161E+000  1.091882820130E+002
  2.590123959233E-001 -6.110498979205E-001 -6.976767416538E+000  1.076866090480E+002
  2.610288866721E-001 -6.249005691099E-001 -6.761141480819E+000  1.061759115578E+002
  2.630564513176E-001 -6.383920156753E-001 -6.547402720344E+000  1.046572180265E+002
  2.650951455027E-001 -6.515237326703E-001 -6.335594178994E+000  1.031315287597E+002
  2.671450252982E-001 -6.642953326598E-001 -6.125757339132E+000  1.015998163672E+002
  2.692061472063E-001 -6.767065447207E-001 -5.917932138608E+000  1.000630262474E+002
  2.712785681644E-001 -6.887572134185E-001 -5.712156987801E+000  9.852207707014E+001
  2.733623455485E-001 -7.004472977607E-001 -5.508468786691E+000  9.697786125976E+001
  2.754575371771E-001 -7.117768701275E-001 -5.306902941942E+000  9.543124547530E+001
  2.775642013146E-001 -7.227461151788E-001 -5.107493383988E+000  9.388307108812E+001
  2.796823966754E-001 -7.333553287401E-001 -4.910272584104E+000  9.233415465593E+001
  2.818121824272E-001 -7.436049166644E-001 -4.715271571459E+000  9.078528839231E+001
  2.839536181956E-001 -7.534953936732E-001 -4.522519950143E+000  8.923724063141E+001
  2.861067640671E-001 -7.630273821754E-001 -4.332045916153E+000  8.769075628689E+001
  2.882716805935E-001 -7.722016110644E-001 -4.143876274344E+000  8.614655730480E+001
  2.904484287958E-001 -7.810189144932E-001 -3.958036455339E+000  8.460534310987E+001
  2.926370701682E-001 -7.894802306294E-001 -3.774550532386E+000  8.306779104468E+001
  2.948376666818E-001 -7.975866003878E-001 -3.593441238170E+000  8.153455680153E+001
  2.970502807892E-001 -8.053391661429E-001 -3.414729981584E+000  8.000627484645E+001
  2.992749754281E-001 -8.127391704200E-001 -3.238436864438E+000  7.848355883538E+001
  3.015118140259E-001 -8.197879545662E-001 -3.064580698140E+000  7.696700202201E+001
  3.037608605035E-001 -8.264869574008E-001 -2.893179020316E+000  7.545717765732E+001
  3.060221792797E-001 -8.328377138452E-001 -2.724248111404E+000  7.395463938062E+001
  3.082958352758E-001 -8.388418535328E-001 -2.557803011205E+000  7.245992160201E+001
  3.105818939192E-001 -8.445010993997E-001 -2.393857535398E+000  7.097353987619E+001
  3.128804211487E-001 -8.498172662549E-001 -2.232424292038E+000  6.949599126771E+001
  3.151914834180E-001 -8.547922593315E-001 -2.073514698023E+000  6.802775470761E+001
  3.175151477009E-001 -8.594280728191E-001 -1.917138995549E+000  6.656929134153E+001
  3.198514814953E-001 -8.637267883767E-001 -1.763306268555E+000  6.512104486946E+001
  3.222005528283E-001 -8.676905736273E-001 -1.612024459161E+000  6.368344187713E+001
  3.245624302601E-001 -8.713216806347E-001 -1.463300384117E+000  6.225689215938E+001
  3.269371828894E-001 -8.746224443613E-001 -1.317139751248E+000  6.084178903549E+001
  3.293248803576E-001 -8.775952811094E-001 -1.173547175930E+000  5.943850965684E+001
  3.317255928537E-001 -8.802426869446E-001 -1.032526197573E+000  5.804741530698E+001
  3.341393911192E-001 -8.825672361027E-001 -8.940792961472E-001  5.666885169452E+001
  3.365663464529E-001 -8.845715793799E-001 -7.582079087363E-001  5.530314923891E+001
  3.390065307159E-001 -8.862584425072E-001 -6.249124461321E-001  5.395062334953E+001
  3.414600163363E-001 -8.876306245096E-001 -4.941923094803E-001  5.261157469833E+001
  3.439268763145E-001 -8.886909960498E-001 -3.660459069770E-001  5.128628948620E+001
  3.464071842282E-001 -8.894424977577E-001 -2.404706706244E-001  4.997503970356E+001
  3.489010142374E-001 -8.898881385460E-001 -1.174630730493E-001  4.867808338534E+001
  3.514084410898E-001 -8.900309939122E-001  2.981355609954E-003  4.739566486069E+001
  3.539295401259E-001 -8.898742042285E-001  1.208680107448E-001  4.612801499772E+001
  3.564643872842E-001 -8.894209730184E-001  2.362031962417E-001  4.487535144362E+001
  3.590130591069E-001 -8.886745652232E-001  3.489941073683E-001  4.363787886040E+001
  3.615756327448E-001 -8.876383054569E-001  4.592488135789E-001  4.241578915662E+001
  3.641521859632E-001 -8.863155762507E-001  5.669762412346E-001  4.120926171540E+001
  3.667427971473E-001 -8.847098162891E-001  6.721861562395E-001  4.001846361891E+001
  3.693475453076E-001 -8.828245186367E-001  7.748891465891E-001  3.884354986979E+001
  3.719665100860E-001 -8.806632289569E-001  8.750966048329E-001  3.768466360965E+001
  3.745997717609E-001 -8.782295437243E-001  9.728207104496E-001  3.654193633497E+001
  3.772474112534E-001 -8.755271084301E-001  1.068074412136E+000  3.541548811068E+001
  3.799095101331E-001 -8.725596157826E-001  1.160871410009E+000  3.430542778160E+001
  3.825861506238E-001 -8.693308039022E-001  1.251226137733E+000  3.321185318211E+001
  3.852774156096E-001 -8.658444545142E-001  1.339153744550E+000  3.213485134410E+001
  3.879833886411E-001 -8.621043911367E-001  1.424670077250E+000  3.107449870357E+001
  3.907041539409E-001 -8.581144772685E-001  1.507791662057E+000  3.003086130604E+001
  3.934397964105E-001 -8.538786145743E-001  1.588535686446E+000  2.900399501086E+001
  3.961904016361E-001 -8.494007410706E-001  1.666919980894E+000  2.799394569476E+001
  3.989560558949E-001 -8.446848293121E-001  1.742963000574E+000  2.700074945470E+001
  4.017368461617E-001 -8.397348845797E-001  1.816683806994E+000  2.602443281012E+001
  4.045328601149E-001 -8.345549430712E-001  1.888102049579E+000  2.506501290489E+001
  4.073441861437E-001 -8.291490700954E-001  1.957237947225E+000  2.412249770889E+001
  4.101709133538E-001 -8.235213582705E-001  2.024112269802E+000  2.319688621945E+001
  4.130131315750E-001 -8.176759257287E-001  2.088746319645E+000  2.228816866269E+001
  4.158709313670E-001 -8.116169143257E-001  2.151161913012E+000  2.139632669486E+001
  4.187444040269E-001 -8.053484878594E-001  2.211381361540E+000  2.052133360371E+001
  4.216336415958E-001 -7.988748302949E-001  2.269427453690E+000  1.966315450997E+001
  4.245387368658E-001 -7.922001440001E-001  2.325323436204E+000  1.882174656893E+001
  4.274597833869E-001 -7.853286479908E-001  2.379092995576E+000  1.799705917228E+001
  4.303968754741E-001 -7.782645761869E-001  2.430760239543E+000  1.718903414999E+001
  4.333501082151E-001 -7.710121756803E-001  2.480349678612E+000  1.639760597242E+001
  4.363195774768E-001 -7.635757050164E-001  2.527886207637E+000  1.562270195262E+001
  4.393053799131E-001 -7.559594324885E-001  2.573395087440E+000  1.486424244873E+001
  4.423076129724E-001 -7.481676344474E-001  2.616901926502E+000  1.412214106643E+001
  4.453263749047E-001 -7.402045936258E-001  2.658432662727E+000  1.339630486156E+001
  4.483617647698E-001 -7.320745974804E-001  2.698013545291E+000  1.268663454266E+001
  4.514138824444E-001 -7.237819365494E-001  2.735671116588E+000  1.199302467347E+001
  4.544828286302E-001 -7.153309028294E-001  2.771432194275E+000  1.131536387532E+001
  4.575687048617E-001 -7.067257881706E-001  2.805323853442E+000  1.065353502934E+001
  4.606716135142E-001 -6.979708826913E-001  2.837373408903E+000  1.000741547832E+001
  4.637916578118E-001 -6.890704732134E-001  2.867608397624E+000  9.376877228232E+000
  4.669289418353E-001 -6.800288417183E-001  2.896056561303E+000  8.761787149324E+000
  4.700835705309E-001 -6.708502638252E-001  2.922745829105E+000  8.162007176553E+000
  4.732556497182E-001 -6.615390072912E-001  2.947704300559E+000  7.577394509406E+000
  4.764452860985E-001 -6.520993305353E-001  2.970960228646E+000  7.007801810909E+000
  4.796525872639E-001 -6.425354811855E-001  2.992542003061E+000  6.453077405741E+000
  4.828776617050E-001 -6.328516946510E-001  3.012478133681E+000  5.913065477329E+000
  4.861206188205E-001 -6.230521927185E-001  3.030797234239E+000  5.387606263814E+000
  4.893815689254E-001 -6.131411821752E-001  3.047528006207E+000  4.876536252760E+000
  4.926606232602E-001 -6.031228534566E-001  3.062699222915E+000  4.379688374489E+000
  4.959578939999E-001 -5.930013793219E-001  3.076339713894E+000  3.896892193920E+000
  4.992734942630E-001 -5.827809135562E-001  3.088478349467E+000  3.427974100791E+000
  5.026075381207E-001 -5.724655896997E-001  3.099144025585E+000  2.972757498143E+000
  5.059601406064E-001 -5.620595198055E-001  3.108365648928E+000  2.531062988940E+000
  5.093314177250E-001 -5.515667932257E-001  3.116172122269E+000  2.102708560711E+000
  5.127214864626E-001 -5.409914754253E-001  3.122592330103E+000  1.687509768096E+000
  5.161304647959E-001 -5.303376068263E-001  3.127655124569E+000  1.285279913176E+000
  5.195584717022E-001 -5.196092016799E-001  3.131389311650E+000  8.958302234720E-001
  5.230056271692E-001 -5.088102469697E-001  3.133823637665E+000  5.189700275117E-001
  5.264720522050E-001 -4.979447013432E-001  3.134986776062E+000  1.545069278402E-001
  5.299578688483E-001 -4.870164940740E-001  3.134907314515E+000 -1.977530286170E-001
  5.334632001783E-001 -4.760295240547E-001  3.133613742324E+000 -5.380051829468E-001
  5.369881703256E-001 -4.649876588190E-001  3.131134438137E+000 -8.664460994946E-001
  5.405329044823E-001 -4.538947335951E-001  3.127497657981E+000 -1.183273404055E+000
  5.440975289128E-001 -4.427545503895E-001  3.122731523616E+000 -1.488685625102E+000
  5.476821709641E-001 -4.315708771009E-001  3.116864011221E+000 -1.782882038131E+000
  5.512869590774E-001 -4.203474466655E-001  3.109922940397E+000 -2.066062513217E+000
  5.549120227985E-001 -4.090879562322E-001  3.101935963507E+000 -2.338427365836E+000
  5.585574927889E-001 -3.977960663689E-001  3.092930555348E+000 -2.600177211046E+000
  5.622235008375E-001 -3.864754002990E-001  3.082934003155E+000 -2.851512821076E+000
  5.659101798716E-001 -3.751295431688E-001  3.071973396947E+000 -3.092634986395E+000
  5.696176639685E-001 -3.637620413449E-001  3.060075620201E+000 -3.323744380310E+000
  5.733460883672E-001 -3.523764017414E-001  3.047267340876E+000 -3.545041427155E+000
  5.770955894803E-001 -3.409760911788E-001  3.033575002761E+000 -3.756726174099E+000
  5.808663049055E-001 -3.295645357707E-001  3.019024817178E+000 -3.958998166632E+000
  5.846583734383E-001 -3.181451203414E-001  3.003642755009E+000 -4.152056327752E+000
  5.884719350837E-001 -3.067211878733E-001  2.987454539068E+000 -4.336098840892E+000
  5.923071310690E-001 -2.952960389820E-001  2.970485636810E+000 -4.511323036605E+000
  5.961641038558E-001 -2.838729314221E-001  2.952761253368E+000 -4.677925283028E+000
  6.000429971532E-001 -2.724550796205E-001  2.934306324932E+000 -4.836100880152E+000
  6.039439559304E-001 -2.610456542380E-001  2.915145512457E+000 -4.986043957888E+000
  6.078671264295E-001 -2.496477817598E-001  2.895303195692E+000 -5.127947377950E+000
  6.118126561791E-001 -2.382645441125E-001  2.874803467549E+000 -5.262002639551E+000
  6.157806940069E-001 -2.268989783095E-001  2.853670128785E+000 -5.388399788908E+000
  6.197713900541E-001 -2.155540761221E-001  2.831926683009E+000 -5.507327332539E+000
  6.237848957880E-001 -2.042327837781E-001  2.809596332003E+000 -5.618972154358E+000
  6.278213640166E-001 -1.929380016856E-001  2.786701971358E+000 -5.723519436529E+000
  6.318809489022E-001 -1.816725841834E-001  2.763266186417E+000 -5.821152584070E+000
  6.359638059756E-001 -1.704393393154E-001  2.739311248527E+000 -5.912053153177E+000
  6.400700921502E-001 -1.592410286308E-001  2.714859111586E+000 -5.996400783239E+000
  6.441999657370E-001 -1.480803670076E-001  2.689931408887E+000 -6.074373132511E+000
  6.483535864586E-001 -1.369600225007E-001  2.664549450255E+000 -6.146145817403E+000
  6.525311154647E-001 -1.258826162126E-001  2.638734219466E+000 -6.211892355347E+000
  6.567327153465E-001 -1.148507221871E-001  2.612506371948E+000 -6.271784111203E+000
  6.609585501525E-001 -1.038668673254E-001  2.585886232756E+000 -6.325990247143E+000
  6.652087854034E-001 -9.293353132350E-002  2.558893794821E+000 -6.374677675981E+000
  6.694835881080E-001 -8.205314663122E-002  2.531548717449E+000 -6.418011017869E+000
  6.737831267789E-001 -7.122809843168E-002  2.503870325094E+000 -6.456152560337E+000
  6.781075714485E-001 -6.046072464080E-002  2.475877606372E+000 -6.489262221582E+000
  6.824570936852E-001 -4.975331592655E-002  2.447589213319E+000 -6.517497516977E+000
  6.868318666096E-001 -3.910811574709E-002  2.419023460897E+000 -6.541013528707E+000
  6.912320649114E-001 -2.852732040746E-002  2.390198326722E+000 -6.559962878491E+000
  6.956578648660E-001 -1.801307913412E-002  2.361131451024E+000 -6.574495703309E+000
  7.001094443516E-001 -7.567494166925E-003  2.331840136828E+000 -6.584759634061E+000
  7.045869828664E-001  2.807379132167E-003  2.302341350340E+000 -6.590899777105E+000
  7.090906615461E-001  1.310953215410E-002  2.272651721548E+000 -6.593058698576E+000
  7.136206631812E-001  2.333700290202E-002  2.242787545018E+000 -6.591376411438E+000
  7.181771722357E-001  3.348787583548E-002  2.212764780883E+000 -6.585990365168E+000
  7.227603748644E-001  4.356028169997E-002  2.182599056018E+000 -6.577035438020E+000
  7.273704589315E-001  5.355239734252E-002  2.152305665397E+000 -6.564643931778E+000
  7.320076140295E-001  6.346244551369E-002  2.121899573620E+000 -6.548945568917E+000
  7.366720314977E-001  7.328869465666E-002  2.091395416604E+000 -6.530067492108E+000
  7.413639044413E-001  8.302945868391E-002  2.060807503440E+000 -6.508134265974E+000
  7.460834277508E-001  9.268309674200E-002  2.030149818394E+000 -6.483267881028E+000
  7.508307981215E-001  1.022480129649E-001  1.999436023060E+000 -6.455587759701E+000
  7.556062140732E-001  1.117226562168E-001  1.968679458648E+000 -6.425210764399E+000
  7.604098759705E-001  1.211055198237E-001  1.937893148408E+000 -6.392251207489E+000
  7.652419860431E-001  1.303951412968E-001  1.907089800179E+000 -6.356820863150E+000
  7.701027484060E-001  1.395901020445E-001  1.876281809053E+000 -6.319028981007E+000
  7.749923690810E-001  1.486890270774E-001  1.845481260162E+000 -6.278982301454E+000
  7.799110560171E-001  1.576905847037E-001  1.814699931558E+000 -6.236785072617E+000
  7.848590191124E-001  1.665934862173E-001  1.783949297211E+000 -6.192539068849E+000
  7.898364702358E-001  1.753964855783E-001  1.753240530085E+000 -6.146343610704E+000
  7.948436232486E-001  1.840983790863E-001  1.722584505311E+000 -6.098295586293E+000
  7.998806940270E-001  1.926980050477E-001  1.691991803444E+000 -6.048489473966E+000
  8.049479004846E-001  2.011942434365E-001  1.661472713790E+000 -5.997017366233E+000
  8.100454625952E-001  2.095860155491E-001  1.631037237809E+000 -5.943968994852E+000
  8.151736024160E-001  2.178722836544E-001  1.600695092586E+000 -5.889431757022E+000
  8.203325441110E-001  2.260520506390E-001  1.570455714350E+000 -5.833490742587E+000
  8.255225139746E-001  2.341243596471E-001  1.540328262065E+000 -5.776228762215E+000
  8.307437404560E-001  2.420882937173E-001  1.510321621054E+000 -5.717726376448E+000
  8.359964541833E-001  2.499429754149E-001  1.480444406678E+000 -5.658061925581E+000
  8.412808879885E-001  2.576875664609E-001  1.450704968051E+000 -5.597311560297E+000
  8.465972769320E-001  2.653212673583E-001  1.421111391786E+000 -5.535549272982E+000
  8.519458583285E-001  2.728433170155E-001  1.391671505780E+000 -5.472846929680E+000
  8.573268717726E-001  2.802529923663E-001  1.362392883010E+000 -5.409274302605E+000
  8.627405591648E-001  2.875496079895E-001  1.333282845369E+000 -5.344899103165E+000
  8.681871647376E-001  2.947325157251E-001  1.304348467498E+000 -5.279787015435E+000
  8.736669350829E-001  3.018011042898E-001  1.275596580649E+000 -5.214001730017E+000
  8.791801191785E-001  3.087547988906E-001  1.247033776543E+000 -5.147604978241E+000
  8.847269684160E-001  3.155930608380E-001  1.218666411241E+000 -5.080656566658E+000
  8.903077366283E-001  3.223153871575E-001  1.190500609015E+000 -5.013214411754E+000
  8.959226801184E-001  3.289213102014E-001  1.162542266211E+000 -4.945334574857E+000
  9.015720576873E-001  3.354103972595E-001  1.134797055117E+000 -4.877071297183E+000
  9.072561306635E-001  3.417822501699E-001  1.107270427811E+000 -4.808477034965E+000
  9.129751629322E-001  3.480365049298E-001  1.079967620005E+000 -4.739602494636E+000
  9.187294209652E-001  3.541728313068E-001  1.052893654872E+000 -4.670496668017E+000
  9.245191738511E-001  3.601909324495E-001  1.026053346855E+000 -4.601206867464E+000
  9.303446933257E-001  3.660905445000E-001  9.994513054559E-001 -4.531778760951E+000
  9.362062538036E-001  3.718714362059E-001  9.730919390031E-001 -4.462256407029E+000
  9.421041324088E-001  3.775334085339E-001  9.469794583932E-001 -4.392682289652E+000
  9.480386090075E-001  3.830762942838E-001  9.211178808065E-001 -4.323097352815E+000
  9.540099662399E-001  3.884999577034E-001  8.955110333933E-001 -4.253541034987E+000
  9.600184895530E-001  3.938042941054E-001  8.701625569291E-001 -4.184051303300E+000
  9.660644672342E-001  3.989892294845E-001  8.450759094373E-001 -4.114664687470E+000
  9.721481904447E-001  4.040547201362E-001  8.202543697781E-001 -4.045416313423E+000
  9.782699532537E-001  4.090007522775E-001  7.957010412006E-001 -3.976339936601E+000
  9.844300526731E-001  4.138273416679E-001  7.714188548590E-001 -3.907467974929E+000
  9.906287886927E-001  4.185345332330E-001  7.474105732894E-001 -3.838831541407E+000
  9.968664643158E-001  4.231224006892E-001  7.236787938474E-001 -3.770460476328E+000
  1.003143385595E+000  4.275910461698E-001  7.002259521055E-001 -3.702383379089E+000
  1.009459861670E+000  4.319405998532E-001  6.770543252086E-001 -3.634627639580E+000
  1.015816204803E+000  4.361712195921E-001  6.541660351873E-001 -3.567219469138E+000
  1.022212730417E+000  4.402830905453E-001  6.315630522284E-001 -3.500183931057E+000
  1.028649757135E+000  4.442764248103E-001  6.092471979019E-001 -3.433544970627E+000
  1.035127606818E+000  4.481514610580E-001  5.872201483437E-001 -3.367325444705E+000
  1.041646604604E+000  4.519084641692E-001  5.654834373941E-001 -3.301547150802E+000
  1.048207078948E+000  4.555477248722E-001  5.440384596915E-001 -3.236230855676E+000
  1.054809361664E+000  4.590695593830E-001  5.228864737209E-001 -3.171396323428E+000
  1.061453787962E+000  4.624743090465E-001  5.020286048182E-001 -3.107062343087E+000
  1.068140696494E+000  4.657623399793E-001  4.814658481276E-001 -3.043246755689E+000
  1.074870429395E+000  4.689340427144E-001  4.611990715158E-001 -2.979966480839E+000
  1.081643332322E+000  4.719898318477E-001  4.412290184398E-001 -2.917237542753E+000
  1.088459754505E+000  4.749301456852E-001  4.215563107703E-001 -2.855075095780E+000
  1.095320048782E+000  4.777554458926E-001  4.021814515703E-001 -2.793493449404E+000
  1.102224571653E+000  4.804662171462E-001  3.831048278291E-001 -2.732506092725E+000
  1.109173683316E+000  4.830629667845E-001  3.643267131528E-001 -2.672125718414E+000
  1.116167747721E+000  4.855462244624E-001  3.458472704101E-001 -2.612364246155E+000
  1.123207132611E+000  4.879165418055E-001  3.276665543357E-001 -2.553232845566E+000
  1.130292209573E+000  4.901744920670E-001  3.097845140903E-001 -2.494741958606E+000
  1.137423354084E+000  4.923206697844E-001  2.922009957785E-001 -2.436901321473E+000
  1.144600945560E+000  4.943556904388E-001  2.749157449251E-001 -2.379719985994E+000
  1.151825367405E+000  4.962801901140E-001  2.579284089097E-001 -2.323206340517E+000
  1.159097007063E+000  4.980948251582E-001  2.412385393612E-001 -2.267368130303E+000
  1.166416256069E+000  4.998002718451E-001  2.248455945121E-001 -2.212212477432E+000
  1.173783510095E+000  5.013972260375E-001  2.087489415137E-001 -2.157745900222E+000
  1.181199169012E+000  5.028864028505E-001  1.929478587123E-001 -2.103974332179E+000
  1.188663636935E+000  5.042685363168E-001  1.774415378879E-001 -2.050903140468E+000
  1.196177322279E+000  5.055443790517E-001  1.622290864558E-001 -1.998537143929E+000
  1.203740637818E+000  5.067147019198E-001  1.473095296310E-001 -1.946880630640E+000
  1.211354000735E+000  5.077802937019E-001  1.326818125573E-001 -1.895937375033E+000
  1.219017832681E+000  5.087419607626E-001  1.183448024020E-001 -1.845710654571E+000
  1.226732559833E+000  5.096005267189E-001  1.042972904149E-001 -1.796203266003E+000
  1.234498612950E+000  5.103568321086E-001  9.053799395488E-002 -1.747417541194E+000
  1.242316427433E+000  5.110117340603E-001  7.706555848357E-002 -1.699355362547E+000
  1.250186443388E+000  5.115661059630E-001  6.387855952630E-002 -1.652018178029E+000
  1.258109105679E+000  5.120208371362E-001  5.097550460235E-002 -1.605407015796E+000
  1.266084863999E+000  5.123768325014E-001  3.835483512426E-002 -1.559522498440E+000
  1.274114172926E+000  5.126350122522E-001  2.601492826738E-002 -1.514364856867E+000
  1.282197491990E+000  5.127963115267E-001  1.395409881008E-002 -1.469933943804E+000
  1.290335285734E+000  5.128616800783E-001  2.170600945532E-003 -1.426229246958E+000
  1.298528023786E+000  5.128320819484E-001 -9.337369934383E-003 -1.383249901819E+000
  1.306776180919E+000  5.127084951380E-001 -2.057167548234E-002 -1.340994704144E+000
  1.315080237120E+000  5.124919112803E-001 -3.153423266540E-002 -1.299462122096E+000
  1.323440677664E+000  5.121833353132E-001 -4.222701206072E-002 -1.258650308074E+000
  1.331857993175E+000  5.117837851521E-001 -5.265203617658E-002 -1.218557110239E+000
  1.340332679704E+000  5.112942913621E-001 -6.281137779813E-002 -1.179180083722E+000
  1.348865238797E+000  5.107158968314E-001 -7.270715835728E-002 -1.140516501563E+000
  1.357456177571E+000  5.100496564440E-001 -8.234154632611E-002 -1.102563365345E+000
  1.366106008782E+000  5.092966367525E-001 -9.171675563349E-002 -1.065317415568E+000
  1.374815250909E+000  5.084579156514E-001 -1.008350441041E-001 -1.028775141747E+000
  1.383584428224E+000  5.075345820498E-001 -1.096987119195E-001 -9.929327922581E-001
  1.392414070872E+000  5.065277355448E-001 -1.183101001009E-001 -9.577863839234E-001
  1.401304714948E+000  5.054384860940E-001 -1.266715890134E-001 -9.233317113611E-001
  1.410256902580E+000  5.042679536891E-001 -1.347855968897E-001 -8.895643560930E-001
  1.419271182008E+000  5.030172680287E-001 -1.426545783761E-001 -8.564796954240E-001
  1.428348107668E+000  5.016875681911E-001 -1.502810230966E-001 -8.240729110984E-001
  1.437488240275E+000  5.002800023078E-001 -1.576674542373E-001 -7.923389977393E-001
  1.446692146911E+000  4.987957272359E-001 -1.648164271508E-001 -7.612727710778E-001
  1.455960401104E+000  4.972359082319E-001 -1.717305279780E-001 -7.308688759783E-001
  1.465293582927E+000  4.956017186236E-001 -1.784123722895E-001 -7.011217942655E-001
  1.474692279079E+000  4.938943394843E-001 -1.848646037453E-001 -6.720258523588E-001
  1.484157082978E+000  4.921149593049E-001 -1.910898927722E-001 -6.435752287190E-001
  1.493688594856E+000  4.902647736673E-001 -1.970909352591E-001 -6.157639611139E-001
  1.503287421848E+000  4.883449849175E-001 -2.028704512700E-001 -5.885859537060E-001
  1.512954178094E+000  4.863568018384E-001 -2.084311837745E-001 -5.620349839682E-001
  1.522689484827E+000  4.843014393235E-001 -2.137758973949E-001 -5.361047094315E-001
  1.532493970480E+000  4.821801180494E-001 -2.189073771709E-001 -5.107886742697E-001
  1.542368270780E+000  4.799940641495E-001 -2.238284273409E-001 -4.860803157240E-001
  1.552313028853E+000  4.777445088875E-001 -2.285418701396E-001 -4.619729703723E-001
  1.562328895326E+000  4.754326883302E-001 -2.330505446127E-001 -4.384598802465E-001
  1.572416528431E+000  4.730598430221E-001 -2.373573054474E-001 -4.155341988022E-001
  1.582576594115E+000  4.706272176583E-001 -2.414650218196E-001 -3.931889967422E-001
  1.592809766145E+000  4.681360607586E-001 -2.453765762567E-001 -3.714172676989E-001
  1.603116726218E+000  4.655876243419E-001 -2.490948635170E-001 -3.502119337778E-001
  1.613498164078E+000  4.629831635999E-001 -2.526227894842E-001 -3.295658509644E-001
  1.623954777622E+000  4.603239365721E-001 -2.559632700788E-001 -3.094718143982E-001
  1.634487273025E+000  4.576112038202E-001 -2.591192301841E-001 -2.899225635157E-001
  1.645096364848E+000  4.548462281030E-001 -2.620936025882E-001 -2.709107870643E-001
  1.655782776168E+000  4.520302740519E-001 -2.648893269419E-001 -2.524291279911E-001
  1.666547238688E+000  4.491646078459E-001 -2.675093487317E-001 -2.344701882065E-001
  1.677390492873E+000  4.462504968881E-001 -2.699566182681E-001 -2.170265332259E-001
  1.688313288066E+000  4.432892094813E-001 -2.722340896890E-001 -2.000906966922E-001
  1.699316382620E+000  4.402820145046E-001 -2.743447199791E-001 -1.836551847782E-001
  1.710400544029E+000  4.372301810905E-001 -2.762914680034E-001 -1.677124804744E-001
  1.721566549058E+000  4.341349783020E-001 -2.780772935564E-001 -1.522550477601E-001
  1.732815183877E+000  4.309976748102E-001 -2.797051564259E-001 -1.372753356626E-001
  1.744147244202E+000  4.278195385729E-001 -2.811780154719E-001 -1.227657822035E-001
  1.755563535430E+000  4.246018365126E-001 -2.824988277197E-001 -1.087188182354E-001
  1.767064872781E+000  4.213458341959E-001 -2.836705474686E-001 -9.512687116974E-002
  1.778652081442E+000  4.180527955132E-001 -2.846961254142E-001 -8.198236859657E-002
  1.790325996715E+000  4.147239823588E-001 -2.855785077855E-001 -6.927774179894E-002
  1.802087464166E+000  4.113606543117E-001 -2.863206354966E-001 -5.700542916216E-002
  1.813937339772E+000  4.079640683168E-001 -2.869254433121E-001 -4.515787947973E-002
  1.825876490081E+000  4.045354783668E-001 -2.873958590267E-001 -3.372755515722E-002
  1.837905792365E+000  4.010761351854E-001 -2.877348026592E-001 -2.270693531535E-002
  1.850026134778E+000  3.975872859099E-001 -2.879451856596E-001 -1.208851879354E-002
  1.862238416525E+000  3.940701737756E-001 -2.880299101304E-001 -1.864827055454E-003
  1.874543548019E+000  3.905260378010E-001 -2.879918680611E-001  7.971593002450E-003
  1.886942451054E+000  3.869561124727E-001 -2.878339405759E-001  1.742816633769E-002
  1.899436058973E+000  3.833616274325E-001 -2.875589971954E-001  2.651228714272E-002
  1.912025316845E+000  3.797438071642E-001 -2.871698951101E-001  3.523131631860E-002
  1.924711181638E+000  3.761038706825E-001 -2.866694784677E-001  4.359257903995E-002
  1.937494622402E+000  3.724430312218E-001 -2.860605776726E-001  5.160336240977E-002
  1.950376620452E+000  3.687624959266E-001 -2.853460086979E-001  5.927091320263E-002
  1.963358169552E+000  3.650634655430E-001 -2.845285724097E-001  6.660243569477E-002
  1.976440276109E+000  3.613471341111E-001 -2.836110539039E-001  7.360508957945E-002
  1.989623959360E+000  3.576146886586E-001 -2.825962218537E-001  8.028598796609E-002
  2.002910251577E+000  3.538673088958E-001 -2.814868278702E-001  8.665219546145E-002
  2.016300198259E+000  3.501061669121E-001 -2.802856058737E-001  9.271072633132E-002
  2.029794858340E+000  3.463324268733E-001 -2.789952714761E-001  9.846854274090E-002
  2.043395304396E+000  3.425472447209E-001 -2.776185213748E-001  1.039325530721E-001
  2.057102622856E+000  3.387517678729E-001 -2.761580327572E-001  1.091096103163E-001
  2.070917914217E+000  3.349471349259E-001 -2.746164627161E-001  1.140065105399E-001
  2.084842293261E+000  3.311344753593E-001 -2.729964476752E-001  1.186299914223E-001
  2.098876889283E+000  3.273149092410E-001 -2.713006028250E-001  1.229867308624E-001
  2.113022846310E+000  3.234895469354E-001 -2.695315215686E-001  1.270833456541E-001
  2.127281323341E+000  3.196594888130E-001 -2.676917749781E-001  1.309263902261E-001
  2.141653494575E+000  3.158258249623E-001 -2.657839112591E-001  1.345223554467E-001
  2.156140549656E+000  3.119896349043E-001 -2.638104552264E-001  1.378776674896E-001
  2.170743693911E+000  3.081519873085E-001 -2.617739077883E-001  1.409986867600E-001
  2.185464148607E+000  3.043139397124E-001 -2.596767454394E-001  1.438917068776E-001
  2.200303151197E+000  3.004765382431E-001 -2.575214197638E-001  1.465629537162E-001
  2.215261955581E+000  2.966408173414E-001 -2.553103569458E-001  1.490185844962E-001
  2.230341832367E+000  2.928077994897E-001 -2.530459572905E-001  1.512646869290E-001
  2.245544069142E+000  2.889784949419E-001 -2.507305947523E-001  1.533072784105E-001
  2.260869970742E+000  2.851539014576E-001 -2.483666164722E-001  1.551523052624E-001
  2.276320859530E+000  2.813350040386E-001 -2.459563423236E-001  1.568056420184E-001
  2.291898075679E+000  2.775227746699E-001 -2.435020644663E-001  1.582730907544E-001
  2.307602977460E+000  2.737181720641E-001 -2.410060469094E-001  1.595603804597E-001
  2.323436941540E+000  2.699221414093E-001 -2.384705250817E-001  1.606731664470E-001
  2.339401363274E+000  2.661356141221E-001 -2.358977054114E-001  1.616170298011E-001
  2.355497657016E+000  2.623595076037E-001 -2.332897649131E-001  1.623974768619E-001
  2.371727256428E+000  2.585947250017E-001 -2.306488507843E-001  1.630199387420E-001
  2.388091614797E+000  2.548421549759E-001 -2.279770800092E-001  1.634897708756E-001
  2.404592205358E+000  2.511026714689E-001 -2.252765389724E-001  1.638122525980E-001
  2.421230521622E+000  2.473771334828E-001 -2.225492830795E-001  1.639925867531E-001
  2.438008077714E+000  2.436663848600E-001 -2.197973363883E-001  1.640358993282E-001
  2.454926408713E+000  2.399712540707E-001 -2.170226912474E-001  1.639472391141E-001
  2.471987071003E+000  2.362925540056E-001 -2.142273079448E-001  1.637315773884E-001
  2.489191642624E+000  2.326310817751E-001 -2.114131143658E-001  1.633938076226E-001
  2.506541723641E+000  2.289876185141E-001 -2.085820056595E-001  1.629387452087E-001
  2.524038936507E+000  2.253629291946E-001 -2.057358439163E-001  1.623711272075E-001
  2.541684926444E+000  2.217577624437E-001 -2.028764578547E-001  1.616956121143E-001
  2.559481361827E+000  2.181728503693E-001 -2.000056425186E-001  1.609167796439E-001
  2.577429934572E+000  2.146089083936E-001 -1.971251589853E-001  1.600391305310E-001
  2.595532360540E+000  2.110666350933E-001 -1.942367340845E-001  1.590670863487E-001
  2.613790379943E+000  2.075467120477E-001 -1.913420601291E-001  1.580049893403E-001
  2.632205757760E+000  2.040498036956E-001 -1.884427946568E-001  1.568571022683E-001
  2.650780284158E+000  2.005765571993E-001 -1.855405601850E-001  1.556276082758E-001
  2.669515774928E+000  1.971276023184E-001 -1.826369439773E-001  1.543206107637E-001
  2.688414071925E+000  1.937035512911E-001 -1.797334978241E-001  1.529401332803E-001
  2.707477043518E+000  1.903049987255E-001 -1.768317378358E-001  1.514901194259E-001
  2.726706585047E+000  1.869325214999E-001 -1.739331442504E-001  1.499744327700E-001
  2.746104619295E+000  1.835866786721E-001 -1.710391612557E-001  1.483968567833E-001
  2.765673096964E+000  1.802680113988E-001 -1.681511968264E-001  1.467610947828E-001
  2.785413997161E+000  1.769770428649E-001 -1.652706225765E-001  1.450707698919E-001
  2.805329327899E+000  1.737142782228E-001 -1.623987736277E-001  1.433294250150E-001
  2.825421126601E+000  1.704802045420E-001 -1.595369484950E-001  1.415405228270E-001
  2.845691460623E+000  1.672752907691E-001 -1.566864089885E-001  1.397074457795E-001
  2.866142427776E+000  1.640999876990E-001 -1.538483801332E-001  1.378334961224E-001
  2.886776156875E+000  1.609547279558E-001 -1.510240501070E-001  1.359218959442E-001
  2.907594808280E+000  1.578399259860E-001 -1.482145701971E-001  1.339757872295E-001
  2.928600574467E+000  1.547559780621E-001 -1.454210547759E-001  1.319982319365E-001
  2.949795680597E+000  1.517032622972E-001 -1.426445812961E-001  1.299922120940E-001
  2.971182385105E+000  1.486821386716E-001 -1.398861903061E-001  1.279606299205E-001
  2.992762980296E+000  1.456929490706E-001 -1.371468854863E-001  1.259063079651E-001
  3.014539792958E+000  1.427360173335E-001 -1.344276337060E-001  1.238319892731E-001
  3.036515184988E+000  1.398116493149E-001 -1.317293651022E-001  1.217403375755E-001
  3.058691554023E+000  1.369201329566E-001 -1.290529731803E-001  1.196339375055E-001
  3.081071334099E+000  1.340617383720E-001 -1.263993149362E-001  1.175152948420E-001
  3.103656996309E+000  1.312367179418E-001 -1.237692110030E-001  1.153868367826E-001
  3.126451049484E+000  1.284453064214E-001 -1.211634458181E-001  1.132509122467E-001
  3.149456040888E+000  1.256877210596E-001 -1.185827678159E-001  1.111097922092E-001
  3.172674556926E+000  1.229641617291E-001 -1.160278896425E-001  1.089656700686E-001
  3.196109223865E+000  1.202748110686E-001 -1.134994883945E-001  1.068206620482E-001
  3.219762708576E+000  1.176198346351E-001 -1.109982058819E-001  1.046768076328E-001
  3.243637719289E+000  1.149993810693E-001 -1.085246489147E-001  1.025360700423E-001
  3.267737006362E+000  1.124135822696E-001 -1.060793896135E-001  1.004003367433E-001
  3.292063363076E+000  1.098625535794E-001 -1.036629657443E-001  9.827141999889E-002
  3.316619626434E+000  1.073463939830E-001 -1.012758810769E-001  9.615105745915E-002
  3.341408677987E+000  1.048651863127E-001 -9.891860576809E-002  9.404091279202E-002
  3.366433444679E+000  1.024189974666E-001 -9.659157676730E-002  9.194257635624E-002
  3.391696899702E+000  1.000078786349E-001 -9.429519824686E-002  8.985756591666E-002
  3.417202063379E+000  9.763186553682E-002 -9.202984205497E-002  8.778732740290E-002
  3.442952004065E+000  9.529097866656E-002 -8.979584819178E-002  8.573323571163E-002
  3.468949839059E+000  9.298522354757E-002 -8.759352530788E-002  8.369659555312E-002
  3.495198735552E+000  9.071459099584E-002 -8.542315122501E-002  8.167864234230E-002
  3.521701911582E+000  8.847905739113E-002 -8.328497347817E-002  7.968054313439E-002
  3.548462637020E+000  8.627858495581E-002 -8.117920987879E-002  7.770339760530E-002
  3.575484234572E+000  8.411312204099E-002 -7.910604909825E-002  7.574823907656E-002
  3.602770080809E+000  8.198260341938E-002 -7.706565127088E-002  7.381603558454E-002
  3.630323607217E+000  7.988695058455E-002 -7.505814861599E-002  7.190769099359E-002
  3.658148301271E+000  7.782607205588E-002 -7.308364607776E-002  7.002404615239E-002
  3.686247707537E+000  7.579986368888E-002 -7.114222198235E-002  6.816588009296E-002
  3.714625428793E+000  7.380820899033E-002 -6.923392871117E-002  6.633391127124E-002
  3.743285127184E+000  7.185097943753E-002 -6.735879338930E-002  6.452879884828E-002
  3.772230525397E+000  6.992803480141E-002 -6.551681858809E-002  6.275114401081E-002
  3.801465407866E+000  6.803922347266E-002 -6.370798304072E-002  6.100149132982E-002
  3.830993622005E+000  6.618438279053E-002 -6.193224236967E-002  5.928033015546E-002
  3.860819079470E+000  6.436333937353E-002 -6.018952982483E-002  5.758809604683E-002
  3.890945757450E+000  6.257590945165E-002 -5.847975703099E-002  5.592517223452E-002
  3.921377699988E+000  6.082189919941E-002 -5.680281474359E-002  5.429189111412E-002
  3.952119019336E+000  5.910110506919E-002 -5.515857361115E-002  5.268853576843E-002
  3.983173897337E+000  5.741331412421E-002 -5.354688494329E-002  5.111534151612E-002
  4.014546586845E+000  5.575830437071E-002 -5.196758148284E-002  4.957249748445E-002
  4.046241413173E+000  5.413584508868E-002 -5.042047818063E-002  4.806014820356E-002
  4.078262775585E+000  5.254569716053E-002 -4.890537297168E-002  4.657839521952E-002
  4.110615148813E+000  5.098761339735E-002 -4.742204755122E-002  4.512729872362E-002
  4.143303084620E+000  4.946133886197E-002 -4.597026814923E-002  4.370687919485E-002
  4.176331213391E+000  4.796661118849E-002 -4.454978630201E-002  4.231711905285E-002
  4.209704245774E+000  4.650316089775E-002 -4.316033961942E-002  4.095796431806E-002
  4.243426974351E+000  4.507071170820E-002 -4.180165254632E-002  3.962932627636E-002
  4.277504275353E+000  4.366898084173E-002 -4.047343711688E-002  3.833108314473E-002
  4.311941110423E+000  4.229767932406E-002 -3.917539370032E-002  3.706308173513E-002
  4.346742528412E+000  4.095651227931E-002 -3.790721173679E-002  3.582513911310E-002
  4.381913667228E+000  3.964517921822E-002 -3.666857046207E-002  3.461704424823E-002
  4.417459755726E+000  3.836337431987E-002 -3.545913961982E-002  3.343855965314E-002
  4.453386115645E+000  3.711078670647E-002 -3.427858016014E-002  3.228942300777E-002
  4.489698163598E+000  3.588710071088E-002 -3.312654492324E-002  3.116934876611E-002
  4.526401413105E+000  3.469199613683E-002 -3.200267930717E-002  3.007802974206E-002
  4.563501476684E+000  3.352514851133E-002 -3.090662191844E-002  2.901513867151E-002
  4.601004067991E+000  3.238622932935E-002 -2.983800520467E-002  2.798032974768E-002
  4.638915004011E+000  3.127490629053E-002 -2.879645606822E-002  2.697324012696E-002
  4.677240207311E+000  3.019084352774E-002 -2.778159645992E-002  2.599349140234E-002
  4.715985708351E+000  2.913370182768E-002 -2.679304395233E-002  2.504069104198E-002
  4.755157647843E+000  2.810313884320E-002 -2.583041229156E-002  2.411443379019E-002
  4.794762279187E+000  2.709880929759E-002 -2.489331192722E-002  2.321430302875E-002
  4.834805970953E+000  2.612036518088E-002 -2.398135051992E-002  2.233987209604E-002
  4.875295209443E+000  2.516745593809E-002 -2.309413342590E-002  2.149070556212E-002
  4.916236601308E+000  2.423972864987E-002 -2.223126415837E-002  2.066636045777E-002
  4.957636876237E+000  2.333682820546E-002 -2.139234482550E-002  1.986638745588E-002
  4.999502889720E+000  2.245839746828E-002 -2.057697654464E-002  1.909033200353E-002
  5.041841625875E+000  2.160407743457E-002 -1.978475983298E-002  1.833773540346E-002
  5.084660200360E+000  2.077350738513E-002 -1.901529497449E-002  1.760813584392E-002
  5.127965863354E+000  1.996632503069E-002 -1.826818236342E-002  1.690106937579E-002
  5.171766002619E+000  1.918216665123E-002 -1.754302282446E-002  1.621607083632E-002
  5.216068146649E+000  1.842066722967E-002 -1.683941791002E-002  1.555267471903E-002
  5.260879967894E+000  1.768146058030E-002 -1.615697017494E-002  1.491041598941E-002
  5.306209286078E+000  1.696417947249E-002 -1.549528342917E-002  1.428883084628E-002
  5.352064071605E+000  1.626845575021E-002 -1.485396296909E-002  1.368745742911E-002
  5.398452449055E+000  1.559392044766E-002 -1.423261578795E-002  1.310583647142E-002
  5.445382700775E+000  1.494020390184E-002 -1.363085076646E-002  1.254351190100E-002
  5.492863270572E+000  1.430693586228E-002 -1.304827884411E-002  1.200003138752E-002
  5.540902767504E+000  1.369374559877E-002 -1.248451317226E-002  1.147494683861E-002
  5.589509969774E+000  1.310026200742E-002 -1.193916924990E-002  1.096781484551E-002
  5.638693828737E+000  1.252611371578E-002 -1.141186504317E-002  1.047819707955E-002
  5.688463473008E+000  1.197092918741E-002 -1.090222108963E-002  1.000566064101E-002
  5.738828212699E+000  1.143433682667E-002 -1.040986058844E-002  9.549778361994E-003
  5.789797543759E+000  1.091596508404E-002 -9.934409477593E-003  9.110129065161E-003
  5.841381152447E+000  1.041544256273E-002 -9.475496499438E-003  8.686297780197E-003
  5.893588919926E+000  9.932398126877E-003 -9.032753255596E-003  8.277875920163E-003
  5.946430926988E+000  9.466461012021E-003 -8.605814252592E-003  7.884461419893E-003
  5.999917458910E+000  9.017260938190E-003 -8.194316939389E-003  7.505658838734E-003
  6.054059010457E+000  8.584428226100E-003 -7.797901738059E-003  7.141079430017E-003
  6.108866291020E+000  8.167593916853E-003 -7.416212068814E-003  6.790341179697E-003
  6.164350229902E+000  7.766389895517E-003 -7.048894370612E-003  6.453068816684E-003
  6.220521981762E+000  7.380449018894E-003 -6.695598118494E-003  6.128893797401E-003
  6.277392932215E+000  7.009405247784E-003 -6.355975838830E-003  5.817454267134E-003
  6.334974703589E+000  6.652893783960E-003 -6.029683123553E-003  5.518395000764E-003
  6.393279160860E+000  6.310551212055E-003 -5.716378644455E-003  5.231367325429E-003
  6.452318417752E+000  5.982015646487E-003 -5.415724168548E-003  4.956029027668E-003
  6.512104843026E+000  5.666926883497E-003 -5.127384575421E-003  4.692044247542E-003
  6.572651066946E+000  5.364926558326E-003 -4.851027877478E-003  4.439083362182E-003
  6.633969987942E+000  5.075658307494E-003 -4.586325243857E-003  4.196822861123E-003
  6.696074779472E+000  4.798767936072E-003 -4.332951028733E-003  3.964945215727E-003
  6.758978897091E+000  4.533903589804E-003 -4.090582804667E-003  3.743138744874E-003
  6.822696085726E+000  4.280715931838E-003 -3.858901401526E-003  3.531097479005E-003
  6.887240387180E+000  4.038858323807E-003 -3.637590951436E-003  3.328521024466E-003
  6.952626147859E+000  3.807987010904E-003 -3.426338940136E-003  3.135114429990E-003
  7.018868026732E+000  3.587761310555E-003 -3.224836264987E-003  2.950588056979E-003
  7.085981003543E+000  3.377843804224E-003 -3.032777299802E-003  2.774657455137E-003
  7.153980387268E+000  3.177900531856E-003 -2.849859966570E-003  2.607043244814E-003
  7.222881824836E+000  2.987601188365E-003 -2.675785814029E-003  2.447471007272E-003
  7.292701310121E+000  2.806619321564E-003 -2.510260102980E-003  2.295671183932E-003
  7.363455193219E+000  2.634632530873E-003 -2.352991898079E-003  2.151378985450E-003
  7.435160190001E+000  2.471322666088E-003 -2.203694165832E-003  2.014334311353E-003
  7.507833391988E+000  2.316376025481E-003 -2.062083878344E-003  1.884281680743E-003
  7.581492276516E+000  2.169483552427E-003 -1.927882122352E-003  1.760970174440E-003
  7.656154717242E+000  2.030341029779E-003 -1.800814212948E-003  1.644153388763E-003
  7.731838994973E+000  1.898649271135E-003 -1.680609811361E-003  1.533589400969E-003
  7.808563808847E+000  1.774114308161E-003 -1.567003046046E-003  1.429040746224E-003
  7.886348287874E+000  1.656447573107E-003 -1.459732636328E-003  1.330274405844E-003
  7.965212002848E+000  1.545366075651E-003 -1.358542017739E-003  1.237061806359E-003
  8.045174978646E+000  1.440592573205E-003 -1.263179468175E-003  1.149178828867E-003
  8.126257706932E+000  1.341855733830E-003 -1.173398233935E-003  1.066405827990E-003
  8.208481159274E+000  1.248890290926E-003 -1.088956654704E-003  9.885276596393E-004
  8.291866800694E+000  1.161437188865E-003 -1.009618286486E-003  9.153337166982E-004
  8.376436603664E+000  1.079243718789E-003 -9.351520215132E-004  8.466179716414E-004
  8.462213062574E+000  1.002063643810E-003 -8.653322041298E-004  7.821790250316E-004
  8.549219208676E+000  9.296573129122E-004 -7.999387416706E-004  7.218201587728E-004
  8.637478625536E+000  8.617917628742E-004 -7.387572093695E-004  6.653493929542E-004
  8.727015464999E+000  7.982408076120E-004 -6.815789483501E-004  6.125795450804E-004
  8.817854463709E+000  7.387851143919E-004 -6.282011557947E-004  5.633282904646E-004
  8.910020960175E+000  6.832122664238E-004 -5.784269664259E-004  5.174182225571E-004
  9.003540912431E+000  6.313168114231E-004 -5.320655244876E-004  4.746769119864E-004
  9.098440916308E+000  5.829002957991E-004 -4.889320454741E-004  4.349369631115E-004
  9.194748224321E+000  5.377712842098E-004 -4.488478669208E-004  3.980360669202E-004
  9.292490765233E+000  4.957453643017E-004 -4.116404876439E-004  3.638170491508E-004
  9.391697164283E+000  4.566451365404E-004 -3.771435948987E-004  3.321279125748E-004
  9.492396764138E+000  4.203001891228E-004 -3.451970790096E-004  3.028218724464E-004
  9.594619646576E+000  3.865470580497E-004 -3.156470351148E-004  2.757573842024E-004
  9.698396654938E+000  3.552291725261E-004 -2.883457517642E-004  2.507981625840E-004
  9.803759417385E+000  3.261967859447E-004 -2.631516862043E-004  2.278131914460E-004
  9.910740370981E+000  2.993068927946E-004 -2.399294262821E-004  2.066767236226E-004
  1.001937278665E+001  2.744231319223E-004 -2.185496389998E-004  1.872682703233E-004
  1.012969079502E+001  2.514156766556E-004 -1.988890058533E-004  1.694725796466E-004
  1.024172941323E+001  2.301611123788E-004 -1.808301451815E-004  1.531796039101E-004
  1.035552457272E+001  2.105423022242E-004 -1.642615218559E-004  1.382844556138E-004
  1.047111314798E+001  1.924482416136E-004 -1.490773447270E-004  1.246873519679E-004
  1.058853298647E+001  1.757739024482E-004 -1.351774523391E-004  1.122935480320E-004
  1.070782293953E+001  1.604200678056E-004 -1.224671875073E-004  1.010132586243E-004
  1.082902289454E+001  1.462931580508E-004 -1.108572614290E-004  9.076156927000E-005
  1.095217380826E+001  1.333050493147E-004 -1.002636080776E-004  8.145833656113E-005
  1.107731774137E+001  1.213728853290E-004 -9.060722968911E-005  7.302807840017E-005
  1.120449789442E+001  1.104188836337E-004 -8.181403421148E-005  6.539985469114E-005
  1.133375864507E+001  1.003701371930E-004 -7.381466563625E-005  5.850713912666E-005
  1.146514558681E+001  9.115841246716E-005 -6.654432817056E-005  5.228768279539E-005
  1.159870556913E+001  8.271994498670E-005 -5.994260524082E-005  4.668337040112E-005
  1.173448673928E+001  7.499523346959E-005 -5.395327433947E-005  4.164006994160E-005
  1.187253858566E+001  6.792883350587E-005 -4.852411873849E-005  3.710747674214E-005
  1.201291198287E+001  6.146915180732E-005 -4.360673709498E-005  3.303895277490E-005
  1.215565923859E+001  5.556824198722E-005 -3.915635196629E-005  2.939136222001E-005
  1.230083414231E+001  5.018160279292E-005 -3.513161823435E-005  2.612490423907E-005
  1.244849201595E+001  4.526797966440E-005 -3.149443241224E-005  2.320294393457E-005
  1.259868976657E+001  4.078917043536E-005 -2.820974376961E-005  2.059184246180E-005
  1.275148594119E+001  3.670983593052E-005 -2.524536816971E-005  1.826078724167E-005
  1.290694078384E+001  3.299731614409E-005 -2.257180545811E-005  1.618162319529E-005
  1.306511629490E+001  2.962145261097E-005 -2.016206118421E-005  1.432868588395E-005
  1.322607629292E+001  2.655441750503E-005 -1.799147337064E-005  1.267863739215E-005
  1.338988647898E+001  2.377054991870E-005 -1.603754497497E-005  1.121030573762E-005
  1.355661450375E+001  2.124619969584E-005 -1.427978261230E-005  9.904528531265E-006
  1.372633003727E+001  1.895957910721E-005 -1.269954202857E-005  8.744001543194E-006
  1.389910484176E+001  1.689062257481E-005 -1.127988073288E-005  7.713132758663E-006
  1.407501284743E+001  1.502085457009E-005 -1.000541811473E-005  6.797902432104E-006
  1.425413023161E+001  1.333326573165E-005 -8.862203289124E-006  5.985729568411E-006
  1.443653550117E+001  1.181219717199E-005 -7.837590830482E-006  5.265345180241E-006
  1.462230957852E+001  1.044323287108E-005 -6.920124476567E-006  4.626672589080E-006
  1.481153589140E+001  9.213099987712E-006 -6.099428806460E-006  4.060714957444E-006
  1.500430046649E+001  8.109576858493E-006 -5.366108823662E-006  3.559450160916E-006
  1.520069202718E+001  7.121408399847E-006 -4.711657307214E-006  3.115733032837E-006
  1.540080209569E+001  6.238228580888E-006 -4.128369731091E-006  2.723204942364E-006
  1.560472509963E+001  5.450489594965E-006 -3.609266495907E-006  2.376210599139E-006
  1.581255848342E+001  4.749397325369E-006 -3.148022167535E-006  2.069721915807E-006
  1.602440282470E+001  4.126852676348E-006 -2.738901375152E-006  1.799268703791E-006
  1.624036195599E+001  3.575398324092E-006 -2.376700986768E-006  1.560875928558E-006
  1.646054309190E+001  3.088170433694E-006 -2.056698153516E-006  1.351007208586E-006
  1.668505696224E+001  2.658854886929E-006 -1.774603795079E-006  1.166514207626E-006
  1.691401795117E+001  2.281647571643E-006 -1.526521087283E-006  1.004591542748E-006
  1.714754424293E+001  1.951218296039E-006 -1.308908508933E-006  8.627368111254E-007
  1.738575797433E+001  1.662677909594E-006 -1.118547008002E-006  7.387153263168E-007
  1.762878539445E+001  1.411548235919E-006 -9.525108567107E-007  6.305291497436E-007
  1.787675703191E+001  1.193734450842E-006 -8.081417803000E-007  5.363900046461E-007
  1.812980787015E+001  1.005499570378E-006 -6.830259646444E-007  4.546956675658E-007
  1.838807753110E+001  8.434407472637E-007 -5.749735724993E-007  3.840094456854E-007
  1.865171046781E+001  7.044671102796E-007 -4.820004262642E-007  3.230423664730E-007
  1.892085616642E+001  5.857789169028E-007 -4.023115458329E-007  2.706377282459E-007
  1.919566935809E+001  4.848478259405E-007 -3.342862624917E-007  2.257576856994E-007
  1.947631024137E+001  3.993981318944E-007 -2.764646630677E-007  1.874715722909E-007
  1.976294471571E+001  3.273888361548E-007 -2.275351518034E-007  1.549456908276E-007
  2.005574462663E+001  2.669964610414E-007 -1.863229499630E-007  1.274343338605E-007
  2.035488802332E+001  2.165985406661E-007 -1.517793842969E-007  1.042718257936E-007
  2.066055942930E+001  1.747577471458E-007 -1.229718445783E-007  8.486540827403E-008
  2.097295012706E+001  1.402066315502E-007 -9.907431701817E-008  6.868881882740E-008
  2.129225845729E+001  1.118329759501E-007 -7.935842405368E-008  5.527643930683E-008
  2.161869013374E+001  8.866576599793E-008 -6.318492155094E-008  4.421791511836E-008
  2.195245857462E+001  6.986180269897E-008 -4.999562170306E-008  3.515316803752E-008
  2.229378525140E+001  5.469297761535E-008 -3.930572381410E-008  2.776774453453E-008
  2.264290005632E+001  4.253423797477E-008 -3.069654581190E-008  2.178845776539E-008
  2.300004168951E+001  3.285226740885E-008 -2.380865689690E-008  1.697929475523E-008
  2.336545806705E+001  2.519490476355E-008 -1.833541646335E-008  1.313757088025E-008
  2.373940675129E+001  1.918131808979E-008 -1.401692664302E-008  1.009032170716E-008
  2.412215540475E+001  1.449294404499E-008 -1.063440588818E-008  7.690927803195E-009
  2.451398226921E+001  1.086519502777E-008 -8.004989329182E-009  5.815971565287E-009
  2.491517667142E+001  8.079927921018E-009 -5.976958626126E-009  4.362326748741E-009
  2.532603955735E+001  5.958659794331E-009 -4.425400090009E-009  3.244481539149E-009
  2.574688405660E+001  4.356507723150E-009 -3.248285365900E-009  2.392095044523E-009
  2.617803607920E+001  3.156822368368E-009 -2.362964301172E-009  1.747785316234E-009
  2.661983494664E+001  2.266478403301E-009 -1.703055075482E-009  1.265144743151E-009
  2.707263405971E+001  1.611779478399E-009 -1.215712501316E-009  9.069761764184E-010
  2.753680160532E+001  1.134931305293E-009 -8.592518129940E-010  6.437406655628E-010
  2.801272130518E+001  7.910336752490E-010 -6.011023869516E-010  4.522054080575E-010
  2.850079320900E+001  5.455407908014E-010 -4.160637581701E-010  3.142785751276E-010
  2.900143453541E+001  3.721391124191E-010 -2.848350442918E-010  2.160161711034E-010
  2.951508056378E+001  2.509928859781E-010 -1.927884403884E-010  1.467850630512E-010
  3.004218558064E+001  1.673094667368E-010 -1.289577443064E-010  9.856579392497E-011
  3.058322388437E+001  1.101793126436E-010 -8.521382535081E-011  6.537874550435E-011
  3.113869085248E+001  7.164889335952E-011 -5.560044721152E-011  4.281760058257E-011
  3.170910407585E+001  4.598855971088E-011 -3.580577723742E-011  2.767480251111E-011
  3.229500456485E+001  2.912145856337E-011 -2.274713308262E-011  1.764474841418E-011
  3.289695803249E+001  1.818369423662E-011 -1.424891341528E-011  1.109169981324E-011
  3.351555626047E+001  1.118998598626E-011 -8.796121218025E-012  6.870772049826E-012
  3.415141855403E+001  6.782934452147E-012 -5.348320488264E-012  4.191798788714E-012
  3.480519329257E+001  4.047598838781E-012 -3.201191758677E-012  2.517296503552E-012
  3.547755958299E+001  2.376339109854E-012 -1.885009546102E-012  1.487124292380E-012
  3.616922902393E+001  1.371757595935E-012 -1.091315021981E-012  8.637073247965E-013
  3.688094758921E+001  7.780688816596E-013 -6.207766604899E-013  4.928408759166E-013
  3.761349763993E+001  4.333413936155E-013 -3.467123365410E-013  2.761010331888E-013
  3.836770007534E+001  2.368092705275E-013 -1.899927751489E-013  1.517526100092E-013
  3.914441663347E+001  1.268799093555E-013 -1.020723886028E-013  8.176756996312E-014
  3.994455235367E+001  6.659862162105E-014 -5.371996819599E-014  4.315748407300E-014
  4.076905821405E+001  3.421769496620E-014 -2.767290168069E-014  2.229445749547E-014
  4.161893395835E+001  1.719354858819E-014 -1.394060346890E-014  1.126212521295E-014
  4.249523112779E+001  8.441229909879E-015 -6.861401891890E-015  5.558062060897E-015
  4.339905631520E+001  4.045259075615E-015 -3.296277974828E-015  2.677205836844E-015
  4.433157466006E+001  1.890339236616E-015 -1.544070745307E-015  1.257328123856E-015
  4.529401360538E+001  8.604275709259E-016 -7.044848179943E-016  5.751129242605E-016
  4.628766693861E+001  3.810419748625E-016 -3.127089034969E-016  2.559167979096E-016
  4.731389914191E+001  1.639799467899E-016 -1.348803937856E-016  1.106526650103E-016
  4.837415007871E+001  6.848799831992E-017 -5.646041667770E-017  4.642902124389E-017
  4.946994004686E+001  2.772422073783E-017 -2.290559898819E-017  1.887981893144E-017
  5.060287523143E+001  1.086194313862E-017 -8.993402258696E-018  7.429672440120E-018
  5.177465359367E+001  4.112498089886E-018 -3.412229157179E-018  2.825221419307E-018
  5.298707123650E+001  1.502320809737E-018 -1.249088621032E-018  1.036467757030E-018
  5.424202929116E+001  5.286237069750E-019 -4.404105327982E-019  3.662254183011E-019
  5.554154137419E+001  1.788472528963E-019 -1.492988723638E-019  1.244101904472E-019
  5.688774166961E+001  5.806944637894E-020 -4.857000248520E-020  4.055617452358E-020
  5.828289369667E+001  1.805805385280E-020 -1.513285435327E-020  1.266135871094E-020
  5.972939983075E+001  5.366935958474E-021 -4.505980991687E-021  3.777469508668E-021
  6.122981165190E+001  1.521005334322E-021 -1.279353488960E-021  1.074573771431E-021
  6.278684120462E+001  4.100515646811E-022 -3.455248529101E-022  2.907644506171E-022
  6.440337326150E+001  1.048907852223E-022 -8.854081955048E-023  7.464565208825E-023
  6.608247869451E+001  2.538884905000E-023 -2.146837874809E-023  1.813185148123E-023
  6.782742906960E+001  5.798204152789E-024 -4.911166754534E-024  4.155208377619E-024
  6.964171259434E+001  1.245497696958E-024 -1.056706091600E-024  8.955940159490E-025
  7.152905156377E+001  2.508157334887E-025 -2.131432441578E-025  1.809511413170E-025
  7.349342146763E+001  4.718396959971E-026 -4.016080745992E-026  3.415145571784E-026
  7.553907194217E+001  8.260784208149E-027 -7.042166536817E-027  5.998113116059E-027
  7.767054977292E+001  1.340538611706E-027 -1.144530879257E-027  9.763876775261E-028
  7.989272418113E+001  2.007649313769E-028 -1.716665031440E-028  1.466735739554E-028
  8.221081465675E+001  2.762042596436E-029 -2.365179815951E-029  2.023892385841E-029
  8.463042163523E+001  3.473303807361E-030 -2.978512544490E-030  2.552497314593E-030
  8.715756035520E+001  3.971002760960E-031 -3.410096842472E-031  2.926584795535E-031
  8.979869827958E+001  4.103953884282E-032 -3.529117001517E-032  3.033019349858E-032
  9.256079651532E+001  3.810290710563E-033 -3.280999447907E-033  2.823686251712E-033
  9.545135572765E+001  3.156940652944E-034 -2.721989955273E-034  2.345765699123E-034
  9.847846711487E+001  2.317382529572E-035 -2.000680178063E-035  1.726436149599E-035
  1.016508690915E+002  1.495448318652E-036 -1.292704202162E-036  1.116950391526E-036
  1.049780104220E+002  8.412621246036E-038 -7.281067391314E-038  6.299107234076E-038
  1.084701206579E+002  4.088072176047E-039 -3.542473084612E-039  3.068508321296E-039
  1.121382888606E+002  1.699185150962E-040 -1.474149392712E-040  1.278459031189E-040
  1.159945517414E+002  5.976374383057E-042 -5.190868709927E-042  4.507107446030E-042
  1.200519925308E+002  1.758100975032E-043 -1.528749569706E-043  1.328908066267E-043
  1.243248520934E+002  4.271137653336E-045 -3.718051251356E-045  3.235661252508E-045
  1.288286540551E+002  8.451311014159E-047 -7.364856663201E-047  6.416373101083E-047
  1.335803459987E+002  1.341589864218E-048 -1.170355186306E-048  1.020726419110E-048
  1.385984591287E+002  1.680545917823E-050 -1.467558543681E-050  1.281275045452E-050
  1.439032892205E+002  1.631363548220E-052 -1.426042664211E-052  1.246303402849E-052
  1.495171021587E+002  1.203070059487E-054 -1.052686638720E-054  9.209243007345E-055
  1.554643679592E+002  6.594550619919E-057 -5.775767102194E-057  5.057751000626E-057
  1.617720278763E+002  2.622940594300E-059 -2.299424597076E-059  2.015484379354E-059
  1.684698000514E+002  7.371862858309E-062 -6.468510985147E-062  5.675011768726E-062
  1.755905301928E+002  1.421718599791E-064 -1.248611405363E-064  1.096432148867E-064
  1.831705950299E+002  1.821328996248E-067 -1.600954457500E-067  1.407069119566E-067
  1.912503678195E+002  1.494996085790E-070 -1.315218816579E-070  1.156928625569E-070
  1.998747570544E+002  7.553453546473E-074 -6.650609878193E-074  5.855073675422E-074
  2.090938318328E+002  2.246349030671E-077 -1.979437427500E-077  1.744075864073E-077
  2.189635501945E+002  3.740413826873E-081 -3.298554082369E-081  2.908642823057E-081
  2.295466102647E+002  3.297150793823E-085 -2.909866496227E-085  2.567873614383E-085
  2.409134484547E+002  1.444754627944E-089 -1.275996933711E-089  1.126872361188E-089
  2.531434144886E+002  2.931443359453E-094 -2.590892562953E-094  2.289759378574E-094
  2.663261599835E+002  2.542107046727E-099 -2.248356959227E-099  1.988437695803E-099
  2.805632861191E+002  8.603597193663E-105 -7.614585872687E-105  6.738920547866E-105
  2.959703071532E+002  1.024901211460E-110 -9.076833375291E-111  8.038349265357E-111
  3.126790009236E+002  3.819621592422E-117 -3.384934449437E-117  2.999593951974E-117
  3.308402360200E+002  3.891305938329E-124 -3.450598078041E-124  3.059691272485E-124
  3.506273893903E+002  9.280216834304E-132 -8.234131276113E-132  7.305727356000E-132
  3.722404996260E+002  4.332067754289E-140 -3.845981841030E-140  3.414340652122E-140
  3.959113426415E+002  3.217030949019E-149 -2.857664820992E-149  2.538378844515E-149
  4.219096715122E+002  2.985533020983E-159 -2.653467625688E-159  2.358284200971E-159
  4.505509359373E+002  2.611031101135E-170 -2.321836826134E-170  2.064633561803E-170
  4.822058963204E+002  1.544317769362E-182 -1.373966014293E-182  1.222385059641E-182
  5.173126831536E+002  4.173596623482E-196 -3.715022626726E-196  3.306786437308E-196
  5.563920392209E+002  3.233877931848E-211 -2.879906178902E-211  2.564647136391E-211
  6.000667421536E+002  4.114217286962E-228 -3.665538468452E-228  3.265755576554E-228
  6.490865708786E+002  4.392605394070E-247 -3.915261340873E-247  3.489758293859E-247
  7.043607010442E+002  1.744046685072E-268 -1.555166531544E-268  1.386731338736E-268
  7.670001674974E+002  9.523920328144E-293 -8.495854173699E-293  7.578713905838E-293
  8.383741345464E+002  0.000000000000E+000  0.000000000000E+000  0.000000000000E+000
  9.201853543213E+002  0.000000000000E+000  0.000000000000E+000  0.000000000000E+000
  1.014572672318E+003  0.000000000000E+000  0.000000000000E+000  0.000000000000E+000
  1.124252254996E+003  0.000000000000E+000  0.000000000000E+000  0.000000000000E+000
  1.252715205428E+003  0.000000000000E+000  0.000000000000E+000  0.000000000000E+000
  1.404508845568E+003  0.000000000000E+000  0.000000000000E+000  0.000000000000E+000
  1.585644739908E+003  0.000000000000E+000  0.000000000000E+000  0.000000000000E+000
  1.804203189488E+003  0.000000000000E+000  0.000000000000E+000  0.000000000000E+000
  2.071250249814E+003  0.000000000000E+000  0.000000000000E+000  0.000000000000E+000
  2.402266552340E+003  0.000000000000E+000  0.000000000000E+000  0.000000000000E+000
  2.819442449497E+003  0.000000000000E+000  0.000000000000E+000  0.000000000000E+000
  3.355496240167E+003  0.000000000000E+000  0.000000000000E+000  0.000000000000E+000
  4.060290442982E+003  0.000000000000E+000  0.000000000000E+000  0.000000000000E+000
  5.012860622227E+003  0.000000000000E+000  0.000000000000E+000  0.000000000000E+000
  6.344578802016E+003  0.000000000000E+000  0.000000000000E+000  0.000000000000E+000
  8.287000878586E+003  0.000000000000E+000  0.000000000000E+000  0.000000000000E+000
  1.127976970933E+004  0.000000000000E+000  0.000000000000E+000  0.000000000000E+000
  1.624316171036E+004  0.000000000000E+000  0.000000000000E+000  0.000000000000E+000
  2.538031516868E+004  0.000000000000E+000  0.000000000000E+000  0.000000000000E+000
  4.512107881524E+004  0.000000000000E+000  0.000000000000E+000  0.000000000000E+000
  1.015232606647E+005  0.000000000000E+000  0.000000000000E+000  0.000000000000E+000
  4.060950426526E+005  0.000000000000E+000  0.000000000000E+000  0.000000000000E+000
