# 1st line: number of mesh points
# abcissa wavefunction wavefunction_1st wavefunction_2nd
1000
# Principal QN=   4 , l=   0 , Occupation=   2.0010
  2.462477732966E-006  1.870583839036E+001 -7.500343525049E+002  2.658584707322E+004
  9.849959442330E-006  1.870029825068E+001 -7.498379795294E+002  2.657786551873E+004
  2.216259066178E-005  1.869106778644E+001 -7.495108179383E+002  2.656456898835E+004
  3.940061395432E-005  1.867815164741E+001 -7.490530576358E+002  2.654596656517E+004
  6.156436892224E-005  1.866155633714E+001 -7.484649641923E+002  2.652207095044E+004
  8.865429222131E-005  1.864129020689E+001 -7.477468785498E+002  2.649289844854E+004
  1.206709175794E-004  1.861736344780E+001 -7.468992166437E+002  2.645846894763E+004
  1.576148758184E-004  1.858978808130E+001 -7.459224689415E+002  2.641880589616E+004
  1.994868948811E-004  1.855857794794E+001 -7.448171999001E+002  2.637393627511E+004
  2.462877998613E-004  1.852374869441E+001 -7.435840473413E+002  2.632389056616E+004
  2.980185130383E-004  1.848531775894E+001 -7.422237217474E+002  2.626870271569E+004
  3.546800539158E-004  1.844330435514E+001 -7.407370054781E+002  2.620841009480E+004
  4.162735392647E-004  1.839772945407E+001 -7.391247519088E+002  2.614305345532E+004
  4.828001831694E-004  1.834861576483E+001 -7.373878844933E+002  2.607267688196E+004
  5.542612970792E-004  1.829598771359E+001 -7.355273957512E+002  2.599732774058E+004
  6.306582898628E-004  1.823987142100E+001 -7.335443461822E+002  2.591705662278E+004
  7.119926678676E-004  1.818029467821E+001 -7.314398631087E+002  2.583191728675E+004
  7.982660349828E-004  1.811728692137E+001 -7.292151394491E+002  2.574196659462E+004
  8.894800927067E-004  1.805087920472E+001 -7.268714324226E+002  2.564726444636E+004
  9.856366402179E-004  1.798110417231E+001 -7.244100621894E+002  2.554787371025E+004
  1.086737574451E-003  1.790799602835E+001 -7.218324104265E+002  2.544386015018E+004
  1.192784890174E-003  1.783159050632E+001 -7.191399188429E+002  2.533529234973E+004
  1.303780680078E-003  1.775192483677E+001 -7.163340876349E+002  2.522224163333E+004
  1.419727134858E-003  1.766903771394E+001 -7.134164738864E+002  2.510478198445E+004
  1.540626543307E-003  1.758296926127E+001 -7.103886899139E+002  2.498298996106E+004
  1.666481292416E-003  1.749376099569E+001 -7.072524015608E+002  2.485694460844E+004
  1.797293867468E-003  1.740145579103E+001 -7.040093264428E+002  2.472672736954E+004
  1.933066852148E-003  1.730609784023E+001 -7.006612321472E+002  2.459242199290E+004
  2.073802928647E-003  1.720773261680E+001 -6.972099343892E+002  2.445411443842E+004
  2.219504877777E-003  1.710640683524E+001 -6.936572951279E+002  2.431189278106E+004
  2.370175579090E-003  1.700216841071E+001 -6.900052206441E+002  2.416584711253E+004
  2.525818010992E-003  1.689506641791E+001 -6.862556595846E+002  2.401606944135E+004
  2.686435250879E-003  1.678515104918E+001 -6.824106009742E+002  2.386265359114E+004
  2.852030475254E-003  1.667247357204E+001 -6.784720721996E+002  2.370569509755E+004
  3.022606959872E-003  1.655708628608E+001 -6.744421369672E+002  2.354529110383E+004
  3.198168079872E-003  1.643904247925E+001 -6.703228932389E+002  2.338154025524E+004
  3.378717309917E-003  1.631839638378E+001 -6.661164711486E+002  2.321454259250E+004
  3.564258224347E-003  1.619520313158E+001 -6.618250309017E+002  2.304439944438E+004
  3.754794497325E-003  1.606951870935E+001 -6.574507606625E+002  2.287121331957E+004
  3.950329902993E-003  1.594139991331E+001 -6.529958744300E+002  2.269508779812E+004
  4.150868315631E-003  1.581090430378E+001 -6.484626099084E+002  2.251612742242E+004
  4.356413709820E-003  1.567809015947E+001 -6.438532263717E+002  2.233443758806E+004
  4.566970160612E-003  1.554301643173E+001 -6.391700025291E+002  2.215012443459E+004
  4.782541843700E-003  1.540574269871E+001 -6.344152343913E+002  2.196329473640E+004
  5.003133035593E-003  1.526632911946E+001 -6.295912331423E+002  2.177405579389E+004
  5.228748113801E-003  1.512483638818E+001 -6.247003230195E+002  2.158251532503E+004
  5.459391557015E-003  1.498132568845E+001 -6.197448392041E+002  2.138878135752E+004
  5.695067945303E-003  1.483585864775E+001 -6.147271257262E+002  2.119296212166E+004
  5.935781960296E-003  1.468849729209E+001 -6.096495333857E+002  2.099516594407E+004
  6.181538385392E-003  1.453930400096E+001 -6.045144176931E+002  2.079550114243E+004
  6.432342105956E-003  1.438834146258E+001 -5.993241368325E+002  2.059407592144E+004
  6.688198109528E-003  1.423567262958E+001 -5.940810496494E+002  2.039099826998E+004
  6.949111486034E-003  1.408136067499E+001 -5.887875136654E+002  2.018637585975E+004
  7.215087428003E-003  1.392546894880E+001 -5.834458831230E+002  1.998031594546E+004
  7.486131230784E-003  1.376806093503E+001 -5.780585070635E+002  1.977292526675E+004
  7.762248292776E-003  1.360920020926E+001 -5.726277274381E+002  1.956430995188E+004
  8.043444115654E-003  1.344895039694E+001 -5.671558772571E+002  1.935457542334E+004
  8.329724304602E-003  1.328737513217E+001 -5.616452787776E+002  1.914382630558E+004
  8.621094568555E-003  1.312453801730E+001 -5.560982417326E+002  1.893216633487E+004
  8.917560720438E-003  1.296050258319E+001 -5.505170616028E+002  1.871969827141E+004
  9.219128677417E-003  1.279533225025E+001 -5.449040179346E+002  1.850652381382E+004
  9.525804461149E-003  1.262909029032E+001 -5.392613727031E+002  1.829274351614E+004
  9.837594198038E-003  1.246183978928E+001 -5.335913687256E+002  1.807845670735E+004
  1.015450411950E-002  1.229364361065E+001 -5.278962281236E+002  1.786376141356E+004
  1.047654056222E-002  1.212456436000E+001 -5.221781508375E+002  1.764875428288E+004
  1.080370996845E-002  1.195466435028E+001 -5.164393131933E+002  1.743353051320E+004
  1.113601888623E-002  1.178400556816E+001 -5.106818665246E+002  1.721818378274E+004
  1.147347396972E-002  1.161264964123E+001 -5.049079358487E+002  1.700280618360E+004
  1.181608197948E-002  1.144065780631E+001 -4.991196186002E+002  1.678748815830E+004
  1.216384978272E-002  1.126809087865E+001 -4.933189834215E+002  1.657231843934E+004
  1.251678435364E-002  1.109500922227E+001 -4.875080690109E+002  1.635738399195E+004
  1.287489277369E-002  1.092147272119E+001 -4.816888830304E+002  1.614276995986E+004
  1.323818223191E-002  1.074754075186E+001 -4.758634010725E+002  1.592855961436E+004
  1.360666002522E-002  1.057327215658E+001 -4.700335656867E+002  1.571483430652E+004
  1.398033355872E-002  1.039872521793E+001 -4.642012854666E+002  1.550167342263E+004
  1.435921034603E-002  1.022395763440E+001 -4.583684341971E+002  1.528915434295E+004
  1.474329800963E-002  1.004902649700E+001 -4.525368500628E+002  1.507735240364E+004
  1.513260428113E-002  9.873988266989E+000 -4.467083349163E+002  1.486634086209E+004
  1.552713700165E-002  9.698898754658E+000 -4.408846536076E+002  1.465619086538E+004
  1.592690412217E-002  9.523813099236E+000 -4.350675333738E+002  1.444697142213E+004
  1.633191370382E-002  9.348785749830E+000 -4.292586632888E+002  1.423874937758E+004
  1.674217391826E-002  9.173870447449E+000 -4.234596937723E+002  1.403158939184E+004
  1.715769304806E-002  8.999120208088E+000 -4.176722361592E+002  1.382555392152E+004
  1.757847948698E-002  8.824587306870E+000 -4.118978623260E+002  1.362070320441E+004
  1.800454174044E-002  8.650323263223E+000 -4.061381043762E+002  1.341709524743E+004
  1.843588842578E-002  8.476378827087E+000 -4.003944543828E+002  1.321478581769E+004
  1.887252827273E-002  8.302803966142E+000 -3.946683641860E+002  1.301382843663E+004
  1.931447012370E-002  8.129647854035E+000 -3.889612452480E+002  1.281427437721E+004
  1.976172293425E-002  7.956958859583E+000 -3.832744685599E+002  1.261617266413E+004
  2.021429577341E-002  7.784784536950E+000 -3.776093646037E+002  1.241957007701E+004
  2.067219782411E-002  7.613171616769E+000 -3.719672233647E+002  1.222451115635E+004
  2.113543838356E-002  7.442165998179E+000 -3.663492943957E+002  1.203103821248E+004
  2.160402686371E-002  7.271812741777E+000 -3.607567869295E+002  1.183919133713E+004
  2.207797279156E-002  7.102156063444E+000 -3.551908700400E+002  1.164900841775E+004
  2.255728580967E-002  6.933239329021E+000 -3.496526728497E+002  1.146052515448E+004
  2.304197567655E-002  6.765105049829E+000 -3.441432847812E+002  1.127377507956E+004
  2.353205226706E-002  6.597794878982E+000 -3.386637558535E+002  1.108878957929E+004
  2.402752557287E-002  6.431349608482E+000 -3.332150970185E+002  1.090559791831E+004
  2.452840570292E-002  6.265809167064E+000 -3.277982805385E+002  1.072422726622E+004
  2.503470288379E-002  6.101212618766E+000 -3.224142404015E+002  1.054470272634E+004
  2.554642746023E-002  5.937598162194E+000 -3.170638727732E+002  1.036704736658E+004
  2.606358989558E-002  5.775003130442E+000 -3.117480364837E+002  1.019128225244E+004
  2.658620077221E-002  5.613463991668E+000 -3.064675535471E+002  1.001742648175E+004
  2.711427079202E-002  5.453016350253E+000 -3.012232097121E+002  9.845497221378E+003
  2.764781077690E-002  5.293694948558E+000 -2.960157550421E+002  9.675509745593E+003
  2.818683166921E-002  5.135533669210E+000 -2.908459045223E+002  9.507477476084E+003
  2.873134453224E-002  4.978565537918E+000 -2.857143386927E+002  9.341412023485E+003
  2.928136055074E-002  4.822822726772E+000 -2.806217043041E+002  9.177323230335E+003
  2.983689103139E-002  4.668336557989E+000 -2.755686149964E+002  9.015219215356E+003
  3.039794740329E-002  4.515137508106E+000 -2.705556519961E+002  8.855106418951E+003
  3.096454121851E-002  4.363255212548E+000 -2.655833648324E+002  8.696989649816E+003
  3.153668415253E-002  4.212718470584E+000 -2.606522720684E+002  8.540872132571E+003
  3.211438800486E-002  4.063555250610E+000 -2.557628620475E+002  8.386755556292E+003
  3.269766469947E-002  3.915792695751E+000 -2.509155936514E+002  8.234640123862E+003
  3.328652628537E-002  3.769457129737E+000 -2.461108970688E+002  8.084524602022E+003
  3.388098493714E-002  3.624574063048E+000 -2.413491745728E+002  7.936406372031E+003
  3.448105295547E-002  3.481168199277E+000 -2.366308013052E+002  7.790281480831E+003
  3.508674276771E-002  3.339263441701E+000 -2.319561260663E+002  7.646144692617E+003
  3.569806692844E-002  3.198882900034E+000 -2.273254721073E+002  7.503989540724E+003
  3.631503812000E-002  3.060048897322E+000 -2.227391379258E+002  7.363808379720E+003
  3.693766915309E-002  2.922782976982E+000 -2.181973980602E+002  7.225592437619E+003
  3.756597296732E-002  2.787105909938E+000 -2.137005038835E+002  7.089331868131E+003
  3.819996263183E-002  2.653037701845E+000 -2.092486843940E+002  6.955015802834E+003
  3.883965134583E-002  2.520597600376E+000 -2.048421470014E+002  6.822632403204E+003
  3.948505243923E-002  2.389804102558E+000 -2.004810783070E+002  6.692168912408E+003
  4.013617937323E-002  2.260674962123E+000 -1.961656448770E+002  6.563611706765E+003
  4.079304574093E-002  2.133227196876E+000 -1.918959940068E+002  6.436946346817E+003
  4.145566526792E-002  2.007477096044E+000 -1.876722544756E+002  6.312157627911E+003
  4.212405181296E-002  1.883440227609E+000 -1.834945372901E+002  6.189229630222E+003
  4.279821936853E-002  1.761131445588E+000 -1.793629364157E+002  6.068145768154E+003
  4.347818206155E-002  1.640564897267E+000 -1.752775294945E+002  5.948888839032E+003
  4.416395415396E-002  1.521754030367E+000 -1.712383785490E+002  5.831441071031E+003
  4.485555004336E-002  1.404711600124E+000 -1.672455306703E+002  5.715784170275E+003
  4.555298426375E-002  1.289449676292E+000 -1.632990186902E+002  5.601899367038E+003
  4.625627148608E-002  1.175979650034E+000 -1.593988618365E+002  5.489767461002E+003
  4.696542651902E-002  1.064312240714E+000 -1.555450663699E+002  5.379368865510E+003
  4.768046430958E-002  9.544575025756E-001 -1.517376262030E+002  5.270683650757E+003
  4.840139994379E-002  8.464248312962E-001 -1.479765234993E+002  5.163691585890E+003
  4.912824864743E-002  7.402229704197E-001 -1.442617292539E+002  5.058372179952E+003
  4.986102578670E-002  6.358600176594E-001 -1.405932038519E+002  4.954704721646E+003
  5.059974686895E-002  5.333434310689E-001 -1.369708976085E+002  4.852668317867E+003
  5.134442754336E-002  4.326800350805E-001 -1.333947512855E+002  4.752241930984E+003
  5.209508360169E-002  3.338760264091E-001 -1.298646965890E+002  4.653404414824E+003
  5.285173097899E-002  2.369369798218E-001 -1.263806566431E+002  4.556134549350E+003
  5.361438575437E-002  1.418678537747E-001 -1.229425464439E+002  4.460411073991E+003
  5.438306415168E-002  4.867299591946E-002 -1.195502732896E+002  4.366212719616E+003
  5.515778254035E-002 -4.264385151907E-002 -1.162037371906E+002  4.273518239129E+003
  5.593855743605E-002 -1.320795464889E-001 -1.129028312560E+002  4.182306436682E+003
  5.672540550155E-002 -2.196315419770E-001 -1.096474420589E+002  4.092556195472E+003
  5.751834354743E-002 -3.052978809896E-001 -1.064374499800E+002  4.004246504142E+003
  5.831738853289E-002 -3.890771916406E-001 -1.032727295290E+002  3.917356481769E+003
  5.912255756656E-002 -4.709686823430E-001 -1.001531496453E+002  3.831865401434E+003
  5.993386790726E-002 -5.509721370929E-001 -9.707857397695E+001  3.747752712382E+003
  6.075133696481E-002 -6.290879108411E-001 -9.404886113884E+001  3.664998060782E+003
  6.157498230090E-002 -7.053169249428E-001 -9.106386495077E+001  3.583581309080E+003
  6.240482162984E-002 -7.796606626751E-001 -8.812343465511E+001  3.503482553974E+003
  6.324087281946E-002 -8.521211648156E-001 -8.522741511496E+001  3.424682143003E+003
  6.408315389190E-002 -9.227010252696E-001 -8.237564699323E+001  3.347160689791E+003
  6.493168302447E-002 -9.914033867373E-001 -7.956796691310E+001  3.270899087937E+003
  6.578647855056E-002 -1.058231936410E+000 -7.680420760045E+001  3.195878523597E+003
  6.664755896041E-002 -1.123190901684E+000 -7.408419800890E+001  3.122080486763E+003
  6.751494290207E-002 -1.186285045884E+000 -7.140776342805E+001  3.049486781272E+003
  6.838864918226E-002 -1.247519663979E+000 -6.877472557561E+001  2.978079533570E+003
  6.926869676725E-002 -1.306900578286E+000 -6.618490267402E+001  2.907841200261E+003
  7.015510478375E-002 -1.364434134148E+000 -6.363810951245E+001  2.838754574470E+003
  7.104789251987E-002 -1.420127195572E+000 -6.113415749464E+001  2.770802791059E+003
  7.194707942599E-002 -1.473987140818E+000 -5.867285467366E+001  2.703969330720E+003
  7.285268511573E-002 -1.526021857928E+000 -5.625400577396E+001  2.638238022986E+003
  7.376472936684E-002 -1.576239740191E+000 -5.387741220186E+001  2.573593048197E+003
  7.468323212221E-002 -1.624649681510E+000 -5.154287204505E+001  2.510018938465E+003
  7.560821349078E-002 -1.671261071693E+000 -4.925018006188E+001  2.447500577661E+003
  7.653969374850E-002 -1.716083791630E+000 -4.699912766135E+001  2.386023200481E+003
  7.747769333938E-002 -1.759128208357E+000 -4.478950287460E+001  2.325572390623E+003
  7.842223287637E-002 -1.800405170005E+000 -4.262109031854E+001  2.266134078119E+003
  7.937333314243E-002 -1.839926000604E+000 -4.049367115263E+001  2.207694535869E+003
  8.033101509154E-002 -1.877702494754E+000 -3.840702302946E+001  2.150240375405E+003
  8.129529984966E-002 -1.913746912141E+000 -3.636092004000E+001  2.093758541950E+003
  8.226620871580E-002 -1.948071971893E+000 -3.435513265426E+001  2.038236308798E+003
  8.324376316303E-002 -1.980690846774E+000 -3.238942765818E+001  1.983661271067E+003
  8.422798483957E-002 -2.011617157199E+000 -3.046356808744E+001  1.930021338864E+003
  8.521889556978E-002 -2.040864965068E+000 -2.857731315904E+001  1.877304729912E+003
  8.621651735528E-002 -2.068448767418E+000 -2.673041820124E+001  1.825499961677E+003
  8.722087237602E-002 -2.094383489878E+000 -2.492263458277E+001  1.774595843040E+003
  8.823198299134E-002 -2.118684479928E+000 -2.315370964179E+001  1.724581465554E+003
  8.924987174107E-002 -2.141367499953E+000 -2.142338661542E+001  1.675446194340E+003
  9.027456134670E-002 -2.162448720098E+000 -1.973140457049E+001  1.627179658642E+003
  9.130607471240E-002 -2.181944710911E+000 -1.807749833603E+001  1.579771742110E+003
  9.234443492626E-002 -2.199872435768E+000 -1.646139843825E+001  1.533212572823E+003
  9.338966526132E-002 -2.216249243099E+000 -1.488283103842E+001  1.487492513116E+003
  9.444178917683E-002 -2.231092858387E+000 -1.334151787443E+001  1.442602149233E+003
  9.550083031933E-002 -2.244421375959E+000 -1.183717620630E+001  1.398532280850E+003
  9.656681252387E-002 -2.256253250564E+000 -1.036951876632E+001  1.355273910514E+003
  9.763975981519E-002 -2.266607288731E+000 -8.938253714191E+000  1.312818233009E+003
  9.871969640891E-002 -2.275502639922E+000 -7.543084597695E+000  1.271156624713E+003
  9.980664671274E-002 -2.282958787471E+000 -6.183710319155E+000  1.230280632959E+003
  1.009006353277E-001 -2.288995539319E+000 -4.859825108198E+000  1.190181965439E+003
  1.020016870494E-001 -2.293633018542E+000 -3.571118501092E+000  1.150852479685E+003
  1.031098268692E-001 -2.296891653686E+000 -2.317275326984E+000  1.112284172650E+003
  1.042250799756E-001 -2.298792168898E+000 -1.097975701310E+000  1.074469170423E+003
  1.053474717553E-001 -2.299355573879E+000  8.710497336352E-002  1.037399718098E+003
  1.064770277946E-001 -2.298603153644E+000  1.238295998861E+000  1.001068169830E+003
  1.076137738809E-001 -2.296556458114E+000  2.355931365103E+000  9.654669791036E+002
  1.087577360036E-001 -2.293237291527E+000  3.440349725837E+000  9.305886892176E+002
  1.099089403557E-001 -2.288667701700E+000  4.491894366275E+000  8.964259240353E+002
  1.110674133350E-001 -2.282869969124E+000  5.510913162555E+000  8.629713789976E+002
  1.122331815458E-001 -2.275866595927E+000  6.497758532964E+000  8.302178124267E+002
  1.134062717995E-001 -2.267680294684E+000  7.452787380896E+000  7.981580371349E+002
  1.145867111168E-001 -2.258333977118E+000  8.376361029547E+000  7.667849123541E+002
  1.157745267286E-001 -2.247850742664E+000  9.268845148374E+000  7.360913359991E+002
  1.169697460775E-001 -2.236253866944E+000  1.013060967138E+001  7.060702372768E+002
  1.181723968193E-001 -2.223566790132E+000  1.096202870729E+001  6.767145696523E+002
  1.193825068243E-001 -2.209813105239E+000  1.176348044182E+001  6.480173041818E+002
  1.206001041787E-001 -2.195016546323E+000  1.253534703195E+001  6.199714232178E+002
  1.218252171865E-001 -2.179200976630E+000  1.327801449270E+001  5.925699144968E+002
  1.230578743703E-001 -2.162390376692E+000  1.399187257627E+001  5.658057656109E+002
  1.242981044731E-001 -2.144608832375E+000  1.467731464393E+001  5.396719588692E+002
  1.255459364600E-001 -2.125880522905E+000  1.533473753086E+001  5.141614665517E+002
  1.268013995194E-001 -2.106229708875E+000  1.596454140412E+001  4.892672465550E+002
  1.280645230647E-001 -2.085680720249E+000  1.656712961413E+001  4.649822384324E+002
  1.293353367356E-001 -2.064257944372E+000  1.714290853982E+001  4.412993598248E+002
  1.306138704000E-001 -2.041985813997E+000  1.769228742781E+001  4.182115032817E+002
  1.319001541553E-001 -2.018888795356E+000  1.821567822597E+001  3.957115334687E+002
  1.331942183303E-001 -1.994991376259E+000  1.871349541158E+001  3.737922847562E+002
  1.344960934863E-001 -1.970318054260E+000  1.918615581454E+001  3.524465591852E+002
  1.358058104191E-001 -1.944893324890E+000  1.963407843593E+001  3.316671248019E+002
  1.371234001607E-001 -1.918741669967E+000  2.005768426224E+001  3.114467143566E+002
  1.384488939805E-001 -1.891887546000E+000  2.045739607572E+001  2.917780243557E+002
  1.397823233874E-001 -1.864355372693E+000  2.083363826118E+001  2.726537144604E+002
  1.411237201313E-001 -1.836169521571E+000  2.118683660958E+001  2.540664072209E+002
  1.424731162050E-001 -1.807354304726E+000  2.151741811894E+001  2.360086881363E+002
  1.438305438454E-001 -1.777933963695E+000  2.182581079272E+001  2.184731060292E+002
  1.451960355357E-001 -1.747932658499E+000  2.211244343634E+001  2.014521737240E+002
  1.465696240072E-001 -1.717374456826E+000  2.237774545196E+001  1.849383690148E+002
  1.479513422405E-001 -1.686283323385E+000  2.262214663215E+001  1.689241359135E+002
  1.493412234681E-001 -1.654683109442E+000  2.284607695266E+001  1.534018861617E+002
  1.507393011753E-001 -1.622597542537E+000  2.304996636477E+001  1.383640009963E+002
  1.521456091027E-001 -1.590050216391E+000  2.323424458758E+001  1.238028331521E+002
  1.535601812478E-001 -1.557064581030E+000  2.339934090063E+001  1.097107090899E+002
  1.549830518669E-001 -1.523663933106E+000  2.354568393716E+001  9.607993143427E+001
  1.564142554766E-001 -1.489871406447E+000  2.367370147850E+001  8.290278160804E+001
  1.578538268564E-001 -1.455709962825E+000  2.378382024980E+001  7.017152264768E+001
  1.593018010499E-001 -1.421202382961E+000  2.387646571758E+001  5.787840218622E+001
  1.607582133673E-001 -1.386371257769E+000  2.395206188936E+001  4.601565558861E+001
  1.622230993867E-001 -1.351238979844E+000  2.401103111568E+001  3.457550922511E+001
  1.636964949568E-001 -1.315827735199E+000  2.405379389497E+001  2.355018386832E+001
  1.651784361984E-001 -1.280159495255E+000  2.408076868137E+001  1.293189819955E+001
  1.666689595063E-001 -1.244256009096E+000  2.409237169600E+001  2.712872410184E+000
  1.681681015517E-001 -1.208138795979E+000  2.408901674175E+001 -7.114668115785E+000
  1.696758992842E-001 -1.171829138117E+000  2.407111502213E+001 -1.655848905196E+001
  1.711923899335E-001 -1.135348073728E+000  2.403907496412E+001 -2.562634332601E+001
  1.727176110118E-001 -1.098716390353E+000  2.399330204552E+001 -3.432596727556E+001
  1.742516003158E-001 -1.061954618456E+000  2.393419862692E+001 -4.266507677661E+001
  1.757943959287E-001 -1.025083025286E+000  2.386216378846E+001 -5.065136335686E+001
  1.773460362227E-001 -9.881216090279E-001  2.377759317167E+001 -5.829249030637E+001
  1.789065598608E-001 -9.510900932203E-001  2.368087882650E+001 -6.559608879726E+001
  1.804760057990E-001 -9.140079214548E-001  2.357240906377E+001 -7.256975402381E+001
  1.820544132889E-001 -8.768942523493E-001  2.345256831311E+001 -7.922104137410E+001
  1.836418218792E-001 -8.397679547972E-001  2.332173698659E+001 -8.555746264360E+001
  1.852382714189E-001 -8.026476034906E-001  2.318029134811E+001 -9.158648230065E+001
  1.868438020586E-001 -7.655514747153E-001  2.302860338876E+001 -9.731551381365E+001
  1.884584542535E-001 -7.284975424174E-001  2.286704070802E+001 -1.027519160487E+002
  1.900822687655E-001 -6.915034745359E-001  2.269596640115E+001 -1.079029897467E+002
  1.917152866652E-001 -6.545866296026E-001  2.251573895260E+001 -1.127759740870E+002
  1.933575493349E-001 -6.177640536019E-001  2.232671213562E+001 -1.173780433465E+002
  1.950090984705E-001 -5.810524770907E-001  2.212923491798E+001 -1.217163036602E+002
  1.966699760840E-001 -5.444683125720E-001  2.192365137399E+001 -1.257977898891E+002
  1.983402245061E-001 -5.080276521195E-001  2.171030060260E+001 -1.296294626036E+002
  2.000198863884E-001 -4.717462652482E-001  2.148951665172E+001 -1.332182051847E+002
  2.017090047061E-001 -4.356395970265E-001  2.126162844875E+001 -1.365708210508E+002
  2.034076227605E-001 -3.997227664252E-001  2.102695973710E+001 -1.396940310121E+002
  2.051157841813E-001 -3.640105648975E-001  2.078582901886E+001 -1.425944707578E+002
  2.068335329293E-001 -3.285174551855E-001  2.053854950341E+001 -1.452786884793E+002
  2.085609132993E-001 -2.932575703470E-001  2.028542906199E+001 -1.477531426310E+002
  2.102979699219E-001 -2.582447129972E-001  2.002677018802E+001 -1.500241998322E+002
  2.120447477670E-001 -2.234923547597E-001  1.976286996327E+001 -1.520981329124E+002
  2.138012921459E-001 -1.890136359196E-001  1.949402002952E+001 -1.539811190988E+002
  2.155676487143E-001 -1.548213652743E-001  1.922050656582E+001 -1.556792383499E+002
  2.173438634747E-001 -1.209280201747E-001  1.894261027108E+001 -1.571984718335E+002
  2.191299827795E-001 -8.734574674980E-002  1.866060635195E+001 -1.585447005503E+002
  2.209260533334E-001 -5.408636031064E-002  1.837476451577E+001 -1.597237041015E+002
  2.227321221965E-001 -2.116134592447E-002  1.808534896848E+001 -1.607411596014E+002
  2.245482367870E-001  1.141814084536E-002  1.779261841737E+001 -1.616026407314E+002
  2.263744448840E-001  4.364127304124E-002  1.749682607846E+001 -1.623136169355E+002
  2.282107946304E-001  7.549755126084E-002  1.719821968832E+001 -1.628794527559E+002
  2.300573345358E-001  1.069768024611E-001  1.689704152028E+001 -1.633054073037E+002
  2.319141134796E-001  1.380691786226E-001  1.659352840474E+001 -1.635966338655E+002
  2.337811807137E-001  1.687651552815E-001  1.628791175338E+001 -1.637581796405E+002
  2.356585858657E-001  1.990555299342E-001  1.598041758733E+001 -1.637949856066E+002
  2.375463789419E-001  2.289314203215E-001  1.567126656873E+001 -1.637118865111E+002
  2.394446103301E-001  2.583842625987E-001  1.536067403591E+001 -1.635136109827E+002
  2.413533308032E-001  2.874058093971E-001  1.504885004166E+001 -1.632047817615E+002
  2.432725915217E-001  3.159881277823E-001  1.473599939465E+001 -1.627899160419E+002
  2.452024440374E-001  3.441235971161E-001  1.442232170369E+001 -1.622734259257E+002
  2.471429402963E-001  3.718049068275E-001  1.410801142469E+001 -1.616596189794E+002
  2.490941326418E-001  3.990250540967E-001  1.379325791011E+001 -1.609526988930E+002
  2.510560738180E-001  4.257773414594E-001  1.347824546081E+001 -1.601567662335E+002
  2.530288169732E-001  4.520553743354E-001  1.316315337993E+001 -1.592758192914E+002
  2.550124156627E-001  4.778530584861E-001  1.284815602888E+001 -1.583137550125E+002
  2.570069238527E-001  5.031645974071E-001  1.253342288509E+001 -1.572743700120E+002
  2.590123959233E-001  5.279844896588E-001  1.221911860130E+001 -1.561613616652E+002
  2.610288866721E-001  5.523075261404E-001  1.190540306652E+001 -1.549783292712E+002
  2.630564513176E-001  5.761287873111E-001  1.159243146811E+001 -1.537287752824E+002
  2.650951455027E-001  5.994436403629E-001  1.128035435511E+001 -1.524161065974E+002
  2.671450252982E-001  6.222477363481E-001  1.096931770259E+001 -1.510436359107E+002
  2.692061472063E-001  6.445370072655E-001  1.065946297676E+001 -1.496145831158E+002
  2.712785681644E-001  6.663076631091E-001  1.035092720088E+001 -1.481320767549E+002
  2.733623455485E-001  6.875561888809E-001  1.004384302172E+001 -1.465991555129E+002
  2.754575371771E-001  7.082793415736E-001  9.738338776435E+000 -1.450187697496E+002
  2.775642013146E-001  7.284741471224E-001  9.434538559763E+000 -1.433937830654E+002
  2.796823966754E-001  7.481378973315E-001  9.132562291454E+000 -1.417269738971E+002
  2.818121824272E-001  7.672681467763E-001  8.832525783740E+000 -1.400210371385E+002
  2.839536181956E-001  7.858627096834E-001  8.534540808793E+000 -1.382785857823E+002
  2.861067640671E-001  8.039196567907E-001  8.238715166052E+000 -1.365021525781E+002
  2.882716805935E-001  8.214373121896E-001  7.945152749324E+000 -1.346941917041E+002
  2.904484287958E-001  8.384142501506E-001  7.653953613568E+000 -1.328570804474E+002
  2.926370701682E-001  8.548492919337E-001  7.365214041280E+000 -1.309931208895E+002
  2.948376666818E-001  8.707415025852E-001  7.079026608403E+000 -1.291045415939E+002
  2.970502807892E-001  8.860901877217E-001  6.795480249681E+000 -1.271934992919E+002
  2.992749754281E-001  9.008948903025E-001  6.514660323408E+000 -1.252620805636E+002
  3.015118140259E-001  9.151553873910E-001  6.236648675500E+000 -1.233123035111E+002
  3.037608605035E-001  9.288716869059E-001  5.961523702835E+000 -1.213461194208E+002
  3.060221792797E-001  9.420440243627E-001  5.689360415827E+000 -1.193654144122E+002
  3.082958352758E-001  9.546728596059E-001  5.420230500181E+000 -1.173720110709E+002
  3.105818939192E-001  9.667588735322E-001  5.154202377793E+000 -1.153676700625E+002
  3.128804211487E-001  9.783029648048E-001  4.891341266767E+000 -1.133540917269E+002
  3.151914834180E-001  9.893062465589E-001  4.631709240531E+000 -1.113329176483E+002
  3.175151477009E-001  9.997700430982E-001  4.375365286011E+000 -1.093057322022E+002
  3.198514814953E-001  1.009695886583E+000  4.122365360872E+000 -1.072740640751E+002
  3.222005528283E-001  1.019085513710E+000  3.872762449795E+000 -1.052393877563E+002
  3.245624302601E-001  1.027940862377E+000  3.626606619802E+000 -1.032031250012E+002
  3.269371828894E-001  1.036264068351E+000  3.383945074604E+000 -1.011666462629E+002
  3.293248803576E-001  1.044057461908E+000  3.144822208002E+000 -9.913127209358E+001
  3.317255928537E-001  1.051323564481E+000  2.909279656324E+000 -9.709827451199E+001
  3.341393911192E-001  1.058065085280E+000  2.677356349916E+000 -9.506887833877E+001
  3.365663464529E-001  1.064284917918E+000  2.449088563705E+000 -9.304426249725E+001
  3.390065307159E-001  1.069986137008E+000  2.224509966845E+000 -9.102556128001E+001
  3.414600163363E-001  1.075171994759E+000  2.003651671464E+000 -8.901386558067E+001
  3.439268763145E-001  1.079845917558E+000  1.786542280535E+000 -8.701022409066E+001
  3.464071842282E-001  1.084011502533E+000  1.573207934903E+000 -8.501564446090E+001
  3.489010142374E-001  1.087672514109E+000  1.363672359483E+000 -8.303109442836E+001
  3.514084410898E-001  1.090832880545E+000  1.157956908662E+000 -8.105750290766E+001
  3.539295401259E-001  1.093496690457E+000  9.560806109441E-001 -7.909576104791E+001
  3.564643872842E-001  1.095668189330E+000  7.580602128531E-001 -7.714672325512E+001
  3.590130591069E-001  1.097351776010E+000  5.639102221459E-001 -7.521120818061E+001
  3.615756327448E-001  1.098551999182E+000  3.736429503548E-001 -7.328999967591E+001
  3.641521859632E-001  1.099273553831E+000  1.872685547038E-001 -7.138384771475E+001
  3.667427971473E-001  1.099521277691E+000  4.795079431006E-003 -6.949346928283E+001
  3.693475453076E-001  1.099300147673E+000 -1.737715034460E-001 -6.761954923601E+001
  3.719665100860E-001  1.098615276278E+000 -3.484272538840E-001 -6.576274112785E+001
  3.745997717609E-001  1.097471907994E+000 -5.191702240517E-001 -6.392366800717E+001
  3.772474112534E-001  1.095875415680E+000 -6.860004190136E-001 -6.210292318680E+001
  3.799095101331E-001  1.093831296928E+000 -8.489197578243E-001 -6.030107098411E+001
  3.825861506238E-001  1.091345170413E+000 -1.007932034997E+000 -5.851864743465E+001
  3.852774156096E-001  1.088422772229E+000 -1.163042882311E+000 -5.675616097967E+001
  3.879833886411E-001  1.085069952204E+000 -1.314259730926E+000 -5.501409312872E+001
  3.907041539409E-001  1.081292670207E+000 -1.461591773762E+000 -5.329289909826E+001
  3.934397964105E-001  1.077096992440E+000 -1.605049928125E+000 -5.159300842754E+001
  3.961904016361E-001  1.072489087710E+000 -1.744646798539E+000 -4.991482557262E+001
  3.989560558949E-001  1.067475223699E+000 -1.880396639748E+000 -4.825873047990E+001
  4.017368461617E-001  1.062061763212E+000 -2.012315319880E+000 -4.662507913996E+001
  4.045328601149E-001  1.056255160423E+000 -2.140420283720E+000 -4.501420412315E+001
  4.073441861437E-001  1.050061957109E+000 -2.264730516095E+000 -4.342641509770E+001
  4.101709133538E-001  1.043488778867E+000 -2.385266505313E+000 -4.186199933166E+001
  4.130131315750E-001  1.036542331338E+000 -2.502050206675E+000 -4.032122217971E+001
  4.158709313670E-001  1.029229396414E+000 -2.615105006000E+000 -3.880432755579E+001
  4.187444040269E-001  1.021556828445E+000 -2.724455683172E+000 -3.731153839269E+001
  4.216336415958E-001  1.013531550441E+000 -2.830128375686E+000 -3.584305708955E+001
  4.245387368658E-001  1.005160550274E+000 -2.932150542166E+000 -3.439906594835E+001
  4.274597833869E-001  9.964508768782E-001 -3.030550925867E+000 -3.297972760018E+001
  4.303968754741E-001  9.874096364524E-001 -3.125359518122E+000 -3.158518542238E+001
  4.333501082151E-001  9.780439886659E-001 -3.216607521749E+000 -3.021556394735E+001
  4.363195774768E-001  9.683611428694E-001 -3.304327314405E+000 -2.887096926391E+001
  4.393053799131E-001  9.583683543129E-001 -3.388552411867E+000 -2.755148941201E+001
  4.423076129724E-001  9.480729203721E-001 -3.469317431264E+000 -2.625719477158E+001
  4.453263749047E-001  9.374821767864E-001 -3.546658054239E+000 -2.498813844626E+001
  4.483617647698E-001  9.266034939090E-001 -3.620610990052E+000 -2.374435664273E+001
  4.514138824444E-001  9.154442729722E-001 -3.691213938620E+000 -2.252586904624E+001
  4.544828286302E-001  9.040119423704E-001 -3.758505553507E+000 -2.133267919298E+001
  4.575687048617E-001  8.923139539611E-001 -3.822525404867E+000 -2.016477483987E+001
  4.606716135142E-001  8.803577793880E-001 -3.883313942345E+000 -1.902212833227E+001
  4.637916578118E-001  8.681509064278E-001 -3.940912457953E+000 -1.790469697016E+001
  4.669289418353E-001  8.557008353618E-001 -3.995363048927E+000 -1.681242337306E+001
  4.700835705309E-001  8.430150753763E-001 -4.046708580579E+000 -1.574523584434E+001
  4.732556497182E-001  8.301011409930E-001 -4.094992649168E+000 -1.470304873502E+001
  4.764452860985E-001  8.169665485313E-001 -4.140259544785E+000 -1.368576280755E+001
  4.796525872639E-001  8.036188126055E-001 -4.182554214292E+000 -1.269326559968E+001
  4.828776617050E-001  7.900654426591E-001 -4.221922224325E+000 -1.172543178888E+001
  4.861206188205E-001  7.763139395377E-001 -4.258409724371E+000 -1.078212355720E+001
  4.893815689254E-001  7.623717921028E-001 -4.292063409954E+000 -9.863190956963E+000
  4.926606232602E-001  7.482464738901E-001 -4.322930485950E+000 -8.968472277275E+000
  4.959578939999E-001  7.339454398116E-001 -4.351058630039E+000 -8.097794411480E+000
  4.992734942630E-001  7.194761229069E-001 -4.376495956336E+000 -7.250973225554E+000
  5.026075381207E-001  7.048459311429E-001 -4.399290979215E+000 -6.427813927483E+000
  5.059601406064E-001  6.900622442658E-001 -4.419492577351E+000 -5.628111437580E+000
  5.093314177250E-001  6.751324107065E-001 -4.437149958006E+000 -4.851650759676E+000
  5.127214864626E-001  6.600637445413E-001 -4.452312621589E+000 -4.098207353115E+000
  5.161304647959E-001  6.448635225104E-001 -4.465030326501E+000 -3.367547505420E+000
  5.195584717022E-001  6.295389810950E-001 -4.475353054318E+000 -2.659428705501E+000
  5.230056271692E-001  6.140973136560E-001 -4.483330975301E+000 -1.973600017232E+000
  5.264720522050E-001  5.985456676347E-001 -4.489014414302E+000 -1.309802453213E+000
  5.299578688483E-001  5.828911418178E-001 -4.492453817046E+000 -6.677693485016E-001
  5.334632001783E-001  5.671407836680E-001 -4.493699716859E+000 -4.722673409721E-002
  5.369881703256E-001  5.513015867222E-001 -4.492802701836E+000  5.521062900837E-001
  5.405329044823E-001  5.353804880574E-001 -4.489813382485E+000  1.130517182988E+000
  5.440975289128E-001  5.193843658271E-001 -4.484782359879E+000  1.688299591244E+000
  5.476821709641E-001  5.033200368680E-001 -4.477760194326E+000  2.225752979309E+000
  5.512869590774E-001  4.871942543793E-001 -4.468797374598E+000  2.743182261236E+000
  5.549120227985E-001  4.710137056748E-001 -4.457944287725E+000  3.240897434371E+000
  5.585574927889E-001  4.547850100090E-001 -4.445251189389E+000  3.719213215294E+000
  5.622235008375E-001  4.385147164779E-001 -4.430768174935E+000  4.178448678330E+000
  5.659101798716E-001  4.222093019956E-001 -4.414545151021E+000  4.618926896940E+000
  5.696176639685E-001  4.058751693472E-001 -4.396631807931E+000  5.040974588335E+000
  5.733460883672E-001  3.895186453177E-001 -4.377077592560E+000  5.444921761628E+000
  5.770955894803E-001  3.731459788990E-001 -4.355931682100E+000  5.831101369856E+000
  5.808663049055E-001  3.567633395735E-001 -4.333242958446E+000  6.199848966202E+000
  5.846583734383E-001  3.403768156767E-001 -4.309059983321E+000  6.551502364734E+000
  5.884719350837E-001  3.239924128359E-001 -4.283430974160E+000  6.886401305973E+000
  5.923071310690E-001  3.076160524888E-001 -4.256403780745E+000  7.204887127626E+000
  5.961641038558E-001  2.912535704786E-001 -4.228025862625E+000  7.507302440760E+000
  6.000429971532E-001  2.749107157274E-001 -4.198344267305E+000  7.793990811743E+000
  6.039439559304E-001  2.585931489872E-001 -4.167405609249E+000  8.065296450214E+000
  6.078671264295E-001  2.423064416679E-001 -4.135256049678E+000  8.321563903397E+000
  6.118126561791E-001  2.260560747422E-001 -4.101941277186E+000  8.563137756988E+000
  6.157806940069E-001  2.098474377267E-001 -4.067506489175E+000  8.790362342913E+000
  6.197713900541E-001  1.936858277385E-001 -4.031996374118E+000  9.003581454171E+000
  6.237848957880E-001  1.775764486269E-001 -3.995455094656E+000  9.203138067011E+000
  6.278213640166E-001  1.615244101795E-001 -3.957926271520E+000  9.389374070665E+000
  6.318809489022E-001  1.455347274009E-001 -3.919452968305E+000  9.562630004834E+000
  6.359638059756E-001  1.296123198648E-001 -3.880077677064E+000  9.723244805117E+000
  6.400700921502E-001  1.137620111362E-001 -3.839842304753E+000  9.871555556575E+000
  6.441999657370E-001  9.798852826495E-002 -3.798788160499E+000  1.000789725557E+001
  6.483535864586E-001  8.229650134787E-002 -3.756955943712E+000  1.013260258003E+001
  6.525311154647E-001  6.669046315855E-002 -3.714385733010E+000  1.024600166831E+001
  6.567327153465E-001  5.117484884405E-002 -3.671116975983E+000  1.034842190664E+001
  6.609585501525E-001  3.575399568652E-002 -3.627188479756E+000  1.044018772547E+001
  6.652087854034E-001  2.043214292869E-002 -3.582638402375E+000  1.052162040454E+001
  6.694835881080E-001  5.213431661512E-003 -3.537504244982E+000  1.059303788695E+001
  6.737831267789E-001 -9.898095227406E-003 -3.491822844783E+000  1.065475460214E+001
  6.781075714485E-001 -2.489849304625E-002 -3.445630368797E+000  1.070708129790E+001
  6.824570936852E-001 -3.978391523395E-002 -3.398962308371E+000  1.075032488141E+001
  6.868318666096E-001 -5.455061323926E-002 -3.351853474444E+000  1.078478826922E+001
  6.912320649114E-001 -6.919493634575E-002 -3.304337993562E+000  1.081077024628E+001
  6.956578648660E-001 -8.371333144436E-002 -3.256449304605E+000  1.082856533394E+001
  7.001094443516E-001 -9.810234275532E-002 -3.208220156242E+000  1.083846366685E+001
  7.045869828664E-001 -1.123586115013E-001 -3.159682605064E+000  1.084075087872E+001
  7.090906615461E-001 -1.264788755334E-001 -3.110868014403E+000  1.083570799688E+001
  7.136206631812E-001 -1.404599689123E-001 -3.061807053811E+000  1.082361134553E+001
  7.181771722357E-001 -1.542988214455E-001 -3.012529699177E+000  1.080473245755E+001
  7.227603748644E-001 -1.679924581836E-001 -2.963065233470E+000  1.077933799486E+001
  7.273704589315E-001 -1.815379988770E-001 -2.913442248084E+000  1.074768967710E+001
  7.320076140295E-001 -1.949326573942E-001 -2.863688644767E+000  1.071004421845E+001
  7.366720314977E-001 -2.081737411049E-001 -2.813831638112E+000  1.066665327266E+001
  7.413639044413E-001 -2.212586502292E-001 -2.763897758591E+000  1.061776338583E+001
  7.460834277508E-001 -2.341848771535E-001 -2.713912856111E+000  1.056361595703E+001
  7.508307981215E-001 -2.469500057176E-001 -2.663902104070E+000  1.050444720640E+001
  7.556062140732E-001 -2.595517104723E-001 -2.613890003888E+000  1.044048815062E+001
  7.604098759705E-001 -2.719877559106E-001 -2.563900390001E+000  1.037196458556E+001
  7.652419860431E-001 -2.842559956739E-001 -2.513956435280E+000  1.029909707588E+001
  7.701027484060E-001 -2.963543717352E-001 -2.464080656873E+000  1.022210095132E+001
  7.749923690810E-001 -3.082809135611E-001 -2.414294922427E+000  1.014118630955E+001
  7.799110560171E-001 -3.200337372533E-001 -2.364620456685E+000  1.005655802531E+001
  7.848590191124E-001 -3.316110446730E-001 -2.315077848424E+000  9.968415765604E+000
  7.898364702358E-001 -3.430111225482E-001 -2.265687057723E+000  9.876954010690E+000
  7.948436232486E-001 -3.542323415666E-001 -2.216467423525E+000  9.782362080706E+000
  7.998806940270E-001 -3.652731554551E-001 -2.167437671484E+000  9.684824167593E+000
  8.049479004846E-001 -3.761321000471E-001 -2.118615922068E+000  9.584519372144E+000
  8.100454625952E-001 -3.868077923406E-001 -2.070019698906E+000  9.481621745878E+000
  8.151736024160E-001 -3.972989295457E-001 -2.021665937339E+000  9.376300337536E+000
  8.203325441110E-001 -4.076042881266E-001 -1.973570993178E+000  9.268719243915E+000
  8.255225139746E-001 -4.177227228356E-001 -1.925750651629E+000  9.159037664804E+000
  8.307437404560E-001 -4.276531657432E-001 -1.878220136382E+000  9.047409961774E+000
  8.359964541833E-001 -4.373946252641E-001 -1.830994118826E+000  8.933985720572E+000
  8.412808879885E-001 -4.469461851803E-001 -1.784086727390E+000  8.818909816867E+000
  8.465972769320E-001 -4.563070036635E-001 -1.737511556974E+000  8.702322485110E+000
  8.519458583285E-001 -4.654763122961E-001 -1.691281678469E+000  8.584359390263E+000
  8.573268717726E-001 -4.744534150934E-001 -1.645409648330E+000  8.465151702153E+000
  8.627405591648E-001 -4.832376875268E-001 -1.599907518206E+000  8.344826172221E+000
  8.681871647376E-001 -4.918285755494E-001 -1.554786844589E+000  8.223505212434E+000
  8.736669350829E-001 -5.002255946247E-001 -1.510058698483E+000  8.101306976123E+000
  8.791801191785E-001 -5.084283287593E-001 -1.465733675071E+000  7.978345440537E+000
  8.847269684160E-001 -5.164364295399E-001 -1.421821903368E+000  7.854730490879E+000
  8.903077366283E-001 -5.242496151754E-001 -1.378333055834E+000  7.730568005632E+000
  8.959226801184E-001 -5.318676695448E-001 -1.335276357963E+000  7.605959942938E+000
  9.015720576873E-001 -5.392904412514E-001 -1.292660597796E+000  7.481004427867E+000
  9.072561306635E-001 -5.465178426837E-001 -1.250494135384E+000  7.355795840337E+000
  9.129751629322E-001 -5.535498490829E-001 -1.208784912162E+000  7.230424903544E+000
  9.187294209652E-001 -5.603864976187E-001 -1.167540460239E+000  7.104978772675E+000
  9.245191738511E-001 -5.670278864717E-001 -1.126767911588E+000  6.979541123761E+000
  9.303446933257E-001 -5.734741739247E-001 -1.086474007132E+000  6.854192242491E+000
  9.362062538036E-001 -5.797255774615E-001 -1.046665105704E+000  6.729009112827E+000
  9.421041324088E-001 -5.857823728742E-001 -1.007347192897E+000  6.604065505261E+000
  9.480386090075E-001 -5.916448933786E-001 -9.685258897739E-001  6.479432064584E+000
  9.540099662399E-001 -5.973135287386E-001 -9.302064614410E-001  6.355176397017E+000
  9.600184895530E-001 -6.027887243979E-001 -8.923938254830E-001  6.231363156572E+000
  9.660644672342E-001 -6.080709806207E-001 -8.550925602461E-001  6.108054130531E+000
  9.721481904447E-001 -6.131608516409E-001 -8.183069129703E-001  5.985308323919E+000
  9.782699532537E-001 -6.180589448181E-001 -7.820408077647E-001  5.863182042873E+000
  9.844300526731E-001 -6.227659198030E-001 -7.462978534245E-001  5.741728976792E+000
  9.906287886927E-001 -6.272824877096E-001 -7.110813510847E-001  5.621000279192E+000
  9.968664643158E-001 -6.316094102948E-001 -6.763943017107E-001  5.501044647179E+000
  1.003143385595E+000 -6.357474991454E-001 -6.422394134229E-001  5.381908399449E+000
  1.009459861670E+000 -6.396976148721E-001 -6.086191086550E-001  5.263635552768E+000
  1.015816204803E+000 -6.434606663096E-001 -5.755355311455E-001  5.146267896846E+000
  1.022212730417E+000 -6.470376097232E-001 -5.429905527624E-001  5.029845067572E+000
  1.028649757135E+000 -6.504294480211E-001 -5.109857801620E-001  4.914404618542E+000
  1.035127606818E+000 -6.536372299720E-001 -4.795225612822E-001  4.799982090855E+000
  1.041646604604E+000 -6.566620494277E-001 -4.486019916727E-001  4.686611081130E+000
  1.048207078948E+000 -6.595050445502E-001 -4.182249206633E-001  4.574323307721E+000
  1.054809361664E+000 -6.621673970431E-001 -3.883919573727E-001  4.463148675108E+000
  1.061453787962E+000 -6.646503313864E-001 -3.591034765610E-001  4.353115336445E+000
  1.068140696494E+000 -6.669551140747E-001 -3.303596243281E-001  4.244249754258E+000
  1.074870429395E+000 -6.690830528576E-001 -3.021603236623E-001  4.136576759285E+000
  1.081643332322E+000 -6.710354959832E-001 -2.745052798414E-001  4.030119607456E+000
  1.088459754505E+000 -6.728138314424E-001 -2.473939856918E-001  3.924900035031E+000
  1.095320048782E+000 -6.744194862154E-001 -2.208257267085E-001  3.820938311884E+000
  1.102224571653E+000 -6.758539255180E-001 -1.947995860409E-001  3.718253292973E+000
  1.109173683316E+000 -6.771186520493E-001 -1.693144493491E-001  3.616862467999E+000
  1.116167747721E+000 -6.782152052385E-001 -1.443690095350E-001  3.516782009274E+000
  1.123207132611E+000 -6.791451604915E-001 -1.199617713531E-001  3.418026817842E+000
  1.130292209573E+000 -6.799101284364E-001 -9.609105590726E-002  3.320610567872E+000
  1.137423354084E+000 -6.805117541679E-001 -7.275500503605E-002  3.224545749352E+000
  1.144600945560E+000 -6.809517164888E-001 -4.995158559468E-002  3.129843709134E+000
  1.151825367405E+000 -6.812317271508E-001 -2.767859363678E-002  3.036514690359E+000
  1.159097007063E+000 -6.813535300915E-001 -5.933658502203E-003  2.944567870309E+000
  1.166416256069E+000 -6.813189006688E-001  1.528575318401E-002  2.854011396730E+000
  1.173783510095E+000 -6.811296448923E-001  3.598233359626E-002  2.764852422670E+000
  1.181199169012E+000 -6.807875986503E-001  5.615892987119E-002  2.677097139882E+000
  1.188663636935E+000 -6.802946269337E-001  7.581854034361E-002  2.590750810837E+000
  1.196177322279E+000 -6.796526230553E-001  9.496431085021E-002  2.505817799409E+000
  1.203740637818E+000 -6.788635078646E-001  1.135995310960E-001  2.422301600270E+000
  1.211354000735E+000 -6.779292289580E-001  1.317276310785E-001  2.340204867058E+000
  1.219017832681E+000 -6.768517598842E-001  1.493521775648E-001  2.259529439359E+000
  1.226732559833E+000 -6.756330993448E-001  1.664768706169E-001  2.180276368578E+000
  1.234498612950E+000 -6.742752703893E-001  1.831055401601E-001  2.102445942725E+000
  1.242316427433E+000 -6.727803196051E-001  1.992421425905E-001  2.026037710197E+000
  1.250186443388E+000 -6.711503163019E-001  2.148907574178E-001  1.951050502583E+000
  1.258109105679E+000 -6.693873516914E-001  2.300555839379E-001  1.877482456569E+000
  1.266084863999E+000 -6.674935380608E-001  2.447409379323E-001  1.805331034981E+000
  1.274114172926E+000 -6.654710079415E-001  2.589512483907E-001  1.734593047023E+000
  1.282197491990E+000 -6.633219132717E-001  2.726910542528E-001  1.665264667754E+000
  1.290335285734E+000 -6.610484245548E-001  2.859650011661E-001  1.597341456872E+000
  1.298528023786E+000 -6.586527300119E-001  2.987778382562E-001  1.530818376826E+000
  1.306776180919E+000 -6.561370347289E-001  3.111344149082E-001  1.465689810335E+000
  1.315080237120E+000 -6.535035598002E-001  3.230396775543E-001  1.401949577330E+000
  1.323440677664E+000 -6.507545414658E-001  3.344986664667E-001  1.339590951387E+000
  1.331857993175E+000 -6.478922302453E-001  3.455165125540E-001  1.278606675685E+000
  1.340332679704E+000 -6.449188900671E-001  3.560984341569E-001  1.218988978525E+000
  1.348865238797E+000 -6.418367973941E-001  3.662497338446E-001  1.160729588460E+000
  1.357456177571E+000 -6.386482403448E-001  3.759757952073E-001  1.103819749070E+000
  1.366106008782E+000 -6.353555178121E-001  3.852820796462E-001  1.048250233414E+000
  1.374815250909E+000 -6.319609385786E-001  3.941741231580E-001  9.940113582020E-001
  1.383584428224E+000 -6.284668204293E-001  4.026575331140E-001  9.410929977108E-001
  1.392414070872E+000 -6.248754892620E-001  4.107379850337E-001  8.894845974784E-001
  1.401304714948E+000 -6.211892781963E-001  4.184212193516E-001  8.391751878058E-001
  1.410256902580E+000 -6.174105266804E-001  4.257130381773E-001  7.901533970915E-001
  1.419271182008E+000 -6.135415795982E-001  4.326193020493E-001  7.424074650225E-001
  1.428348107668E+000 -6.095847863745E-001  4.391459266833E-001  6.959252556458E-001
  1.437488240275E+000 -6.055425000815E-001  4.452988797139E-001  6.506942703406E-001
  1.446692146911E+000 -6.014170765448E-001  4.510841774321E-001  6.067016607090E-001
  1.455960401104E+000 -5.972108734512E-001  4.565078815187E-001  5.639342414027E-001
  1.465293582927E+000 -5.929262494579E-001  4.615760957740E-001  5.223785028997E-001
  1.474692279079E+000 -5.885655633031E-001  4.662949628472E-001  4.820206242450E-001
  1.484157082978E+000 -5.841311729204E-001  4.706706609639E-001  4.428464857650E-001
  1.493688594856E+000 -5.796254345555E-001  4.747094006560E-001  4.048416817657E-001
  1.503287421848E+000 -5.750507018869E-001  4.784174214938E-001  3.679915332222E-001
  1.512954178094E+000 -5.704093251514E-001  4.818009888235E-001  3.322811004646E-001
  1.522689484827E+000 -5.657036502735E-001  4.848663905103E-001  2.976951958659E-001
  1.532493970480E+000 -5.609360180012E-001  4.876199336916E-001  2.642183965328E-001
  1.542368270780E+000 -5.561087630475E-001  4.900679415401E-001  2.318350570027E-001
  1.552313028853E+000 -5.512242132381E-001  4.922167500402E-001  2.005293219439E-001
  1.562328895326E+000 -5.462846886671E-001  4.940727047803E-001  1.702851388607E-001
  1.572416528431E+000 -5.412925008595E-001  4.956421577627E-001  1.410862707971E-001
  1.582576594115E+000 -5.362499519425E-001  4.969314642339E-001  1.129163090385E-001
  1.592809766145E+000 -5.311593338261E-001  4.979469795376E-001  8.575868580266E-002
  1.603116726218E+000 -5.260229273917E-001  4.986950559933E-001  5.959668691656E-002
  1.613498164078E+000 -5.208430016918E-001  4.991820398030E-001  3.441346447057E-002
  1.623954777622E+000 -5.156218131600E-001  4.994142679883E-001  1.019204944184E-002
  1.634487273025E+000 -5.103616048314E-001  4.993980653607E-001 -1.308463572153E-002
  1.645096364848E+000 -5.050646055747E-001  4.991397415276E-001 -3.543376456558E-002
  1.655782776168E+000 -4.997330293363E-001  4.986455879370E-001 -5.687259415475E-002
  1.666547238688E+000 -4.943690743969E-001  4.979218749630E-001 -7.741845266655E-002
  1.677390492873E+000 -4.889749226405E-001  4.969748490345E-001 -9.708872706761E-002
  1.688313288066E+000 -4.835527388372E-001  4.958107298101E-001 -1.159008508830E-001
  1.699316382620E+000 -4.781046699392E-001  4.944357074017E-001 -1.338722920711E-001
  1.710400544029E+000 -4.726328443912E-001  4.928559396482E-001 -1.510205410158E-001
  1.721566549058E+000 -4.671393714554E-001  4.910775494431E-001 -1.673630986488E-001
  1.732815183877E+000 -4.616263405507E-001  4.891066221164E-001 -1.829174647157E-001
  1.744147244202E+000 -4.560958206079E-001  4.869492028756E-001 -1.977011261958E-001
  1.755563535430E+000 -4.505498594397E-001  4.846112943045E-001 -2.117315458914E-001
  1.767064872781E+000 -4.449904831269E-001  4.820988539248E-001 -2.250261511974E-001
  1.778652081442E+000 -4.394196954207E-001  4.794177918208E-001 -2.376023230634E-001
  1.790325996715E+000 -4.338394771606E-001  4.765739683292E-001 -2.494773851615E-001
  1.802087464166E+000 -4.282517857098E-001  4.735731917958E-001 -2.606685932714E-001
  1.813937339772E+000 -4.226585544069E-001  4.704212164010E-001 -2.711931248933E-001
  1.825876490081E+000 -4.170616920345E-001  4.671237400545E-001 -2.810680691019E-001
  1.837905792365E+000 -4.114630823046E-001  4.636864023619E-001 -2.903104166502E-001
  1.850026134778E+000 -4.058645833623E-001  4.601147826632E-001 -2.989370503350E-001
  1.862238416525E+000 -4.002680273054E-001  4.564143981446E-001 -3.069647356329E-001
  1.874543548019E+000 -3.946752197227E-001  4.525907020251E-001 -3.144101116164E-001
  1.886942451054E+000 -3.890879392489E-001  4.486490818176E-001 -3.212896821597E-001
  1.899436058973E+000 -3.835079371379E-001  4.445948576666E-001 -3.276198074405E-001
  1.912025316845E+000 -3.779369368530E-001  4.404332807610E-001 -3.334166957467E-001
  1.924711181638E+000 -3.723766336748E-001  4.361695318249E-001 -3.386963955948E-001
  1.937494622402E+000 -3.668286943274E-001  4.318087196840E-001 -3.434747881650E-001
  1.950376620452E+000 -3.612947566211E-001  4.273558799103E-001 -3.477675800595E-001
  1.963358169552E+000 -3.557764291138E-001  4.228159735426E-001 -3.515902963884E-001
  1.976440276109E+000 -3.502752907885E-001  4.181938858850E-001 -3.549582741870E-001
  1.989623959360E+000 -3.447928907496E-001  4.134944253811E-001 -3.578866561681E-001
  2.002910251577E+000 -3.393307479353E-001  4.087223225652E-001 -3.603903848115E-001
  2.016300198259E+000 -3.338903508480E-001  4.038822290881E-001 -3.624841967926E-001
  2.029794858340E+000 -3.284731573009E-001  3.989787168195E-001 -3.641826177511E-001
  2.043395304396E+000 -3.230805941826E-001  3.940162770232E-001 -3.654999574006E-001
  2.057102622856E+000 -3.177140572372E-001  3.889993196065E-001 -3.664503049781E-001
  2.070917914217E+000 -3.123749108618E-001  3.839321724422E-001 -3.670475250318E-001
  2.084842293261E+000 -3.070644879201E-001  3.788190807614E-001 -3.673052535477E-001
  2.098876889283E+000 -3.017840895722E-001  3.736642066171E-001 -3.672368944089E-001
  2.113022846310E+000 -2.965349851204E-001  3.684716284164E-001 -3.668556161880E-001
  2.127281323341E+000 -2.913184118706E-001  3.632453405206E-001 -3.661743492664E-001
  2.141653494575E+000 -2.861355750099E-001  3.579892529109E-001 -3.652057832769E-001
  2.156140549656E+000 -2.809876474986E-001  3.527071909200E-001 -3.639623648650E-001
  2.170743693911E+000 -2.758757699783E-001  3.474028950252E-001 -3.624562957620E-001
  2.185464148607E+000 -2.708010506942E-001  3.420800207046E-001 -3.606995311656E-001
  2.200303151197E+000 -2.657645654326E-001  3.367421383521E-001 -3.587037784190E-001
  2.215261955581E+000 -2.607673574726E-001  3.313927332505E-001 -3.564804959839E-001
  2.230341832367E+000 -2.558104375517E-001  3.260352056017E-001 -3.540408926978E-001
  2.245544069142E+000 -2.508947838464E-001  3.206728706105E-001 -3.513959273081E-001
  2.260869970742E+000 -2.460213419657E-001  3.153089586215E-001 -3.485563082752E-001
  2.276320859530E+000 -2.411910249583E-001  3.099466153071E-001 -3.455324938356E-001
  2.291898075679E+000 -2.364047133338E-001  3.045889019036E-001 -3.423346923145E-001
  2.307602977460E+000 -2.316632550959E-001  2.992387954951E-001 -3.389728626812E-001
  2.323436941540E+000 -2.269674657897E-001  2.938991893422E-001 -3.354567153355E-001
  2.339401363274E+000 -2.223181285610E-001  2.885728932541E-001 -3.317957131158E-001
  2.355497657016E+000 -2.177159942286E-001  2.832626340021E-001 -3.279990725196E-001
  2.371727256428E+000 -2.131617813685E-001  2.779710557726E-001 -3.240757651255E-001
  2.388091614797E+000 -2.086561764104E-001  2.727007206576E-001 -3.200345192071E-001
  2.404592205358E+000 -2.041998337468E-001  2.674541091814E-001 -3.158838215279E-001
  2.421230521622E+000 -1.997933758529E-001  2.622336208616E-001 -3.116319193078E-001
  2.438008077714E+000 -1.954373934192E-001  2.570415748017E-001 -3.072868223494E-001
  2.454926408713E+000 -1.911324454950E-001  2.518802103153E-001 -3.028563053158E-001
  2.471987071003E+000 -1.868790596435E-001  2.467516875783E-001 -2.983479101485E-001
  2.489191642624E+000 -1.826777321087E-001  2.416580883100E-001 -2.937689486149E-001
  2.506541723641E+000 -1.785289279921E-001  2.366014164781E-001 -2.891265049776E-001
  2.524038936507E+000 -1.744330814427E-001  2.315835990300E-001 -2.844274387726E-001
  2.541684926444E+000 -1.703905958555E-001  2.266064866457E-001 -2.796783876900E-001
  2.559481361827E+000 -1.664018440829E-001  2.216718545130E-001 -2.748857705460E-001
  2.577429934572E+000 -1.624671686562E-001  2.167814031226E-001 -2.700557903369E-001
  2.595532360540E+000 -1.585868820171E-001  2.119367590825E-001 -2.651944373681E-001
  2.613790379943E+000 -1.547612667617E-001  2.071394759502E-001 -2.603074924472E-001
  2.632205757760E+000 -1.509905758934E-001  2.023910350815E-001 -2.554005301352E-001
  2.650780284158E+000 -1.472750330875E-001  1.976928464951E-001 -2.504789220463E-001
  2.669515774928E+000 -1.436148329659E-001  1.930462497526E-001 -2.455478401889E-001
  2.688414071925E+000 -1.400101413826E-001  1.884525148515E-001 -2.406122603425E-001
  2.707477043518E+000 -1.364610957198E-001  1.839128431320E-001 -2.356769654601E-001
  2.726706585047E+000 -1.329678051942E-001  1.794283681958E-001 -2.307465490934E-001
  2.746104619295E+000 -1.295303511741E-001  1.750001568367E-001 -2.258254188325E-001
  2.765673096964E+000 -1.261487875068E-001  1.706292099825E-001 -2.209177997541E-001
  2.785413997161E+000 -1.228231408568E-001  1.663164636474E-001 -2.160277378753E-001
  2.805329327899E+000 -1.195534110540E-001  1.620627898939E-001 -2.111591036049E-001
  2.825421126601E+000 -1.163395714525E-001  1.578689978056E-001 -2.063155951906E-001
  2.845691460623E+000 -1.131815693003E-001  1.537358344680E-001 -2.015007421559E-001
  2.866142427776E+000 -1.100793261188E-001  1.496639859591E-001 -1.967179087237E-001
  2.886776156875E+000 -1.070327380929E-001  1.456540783487E-001 -1.919702972242E-001
  2.907594808280E+000 -1.040416764715E-001  1.417066787061E-001 -1.872609514819E-001
  2.928600574467E+000 -1.011059879785E-001  1.378222961161E-001 -1.825927601816E-001
  2.949795680597E+000 -9.822549523386E-002  1.340013827038E-001 -1.779684602091E-001
  2.971182385105E+000 -9.539999718467E-002  1.302443346667E-001 -1.733906399656E-001
  2.992762980296E+000 -9.262926954698E-002  1.265514933163E-001 -1.688617426549E-001
  3.014539792958E+000 -8.991306525722E-002  1.229231461262E-001 -1.643840695404E-001
  3.036515184988E+000 -8.725111493378E-002  1.193595277898E-001 -1.599597831722E-001
  3.058691554023E+000 -8.464312734852E-002  1.158608212853E-001 -1.555909105837E-001
  3.081071334099E+000 -8.208878990796E-002  1.124271589491E-001 -1.512793464561E-001
  3.103656996309E+000 -7.958776914415E-002  1.090586235570E-001 -1.470268562518E-001
  3.126451049484E+000 -7.713971121501E-002  1.057552494149E-001 -1.428350793167E-001
  3.149456040888E+000 -7.474424241397E-002  1.025170234557E-001 -1.387055319504E-001
  3.172674556926E+000 -7.240096968867E-002  9.934388634664E-002 -1.346396104462E-001
  3.196109223865E+000 -7.010948116867E-002  9.623573360328E-002 -1.306385941006E-001
  3.219762708576E+000 -6.786934670163E-002  9.319241671268E-002 -1.267036481938E-001
  3.243637719289E+000 -6.568011839810E-002  9.021374426455E-002 -1.228358269413E-001
  3.267737006362E+000 -6.354133118426E-002  8.729948309058E-002 -1.190360764176E-001
  3.292063363076E+000 -6.145250336257E-002  8.444935941199E-002 -1.153052374541E-001
  3.316619626434E+000 -5.941313717985E-002  8.166305999504E-002 -1.116440485111E-001
  3.341408677987E+000 -5.742271940254E-002  7.894023331442E-002 -1.080531485257E-001
  3.366433444679E+000 -5.548072189868E-002  7.628049072429E-002 -1.045330797365E-001
  3.391696899702E+000 -5.358660222630E-002  7.368340763678E-002 -1.010842904868E-001
  3.417202063379E+000 -5.173980422769E-002  7.114852470760E-002 -9.770713800696E-002
  3.442952004065E+000 -4.993975862920E-002  6.867534902853E-002 -9.440189117689E-002
  3.468949839059E+000 -4.818588364603E-002  6.626335532624E-002 -9.116873327083E-002
  3.495198735552E+000 -4.647758559154E-002  6.391198716725E-002 -8.800776468418E-002
  3.521701911582E+000 -4.481425949063E-002  6.162065816825E-002 -8.491900564418E-002
  3.548462637020E+000 -4.319528969645E-002  5.938875321148E-002 -8.190239890501E-002
  3.575484234572E+000 -4.162005051013E-002  5.721562966445E-002 -7.895781242806E-002
  3.602770080809E+000 -4.008790680275E-002  5.510061860331E-002 -7.608504204816E-002
  3.630323607217E+000 -3.859821463905E-002  5.304302603928E-002 -7.328381412613E-002
  3.658148301271E+000 -3.715032190227E-002  5.104213414719E-002 -7.055378818815E-002
  3.686247707537E+000 -3.574356891932E-002  4.909720249550E-002 -6.789455955222E-002
  3.714625428793E+000 -3.437728908586E-002  4.720746927673E-002 -6.530566194163E-002
  3.743285127184E+000 -3.305080949047E-002  4.537215253749E-002 -6.278657008563E-002
  3.772230525397E+000 -3.176345153723E-002  4.359045140706E-002 -6.033670230693E-002
  3.801465407866E+000 -3.051453156603E-002  4.186154732350E-002 -5.795542309568E-002
  3.830993622005E+000 -2.930336147002E-002  4.018460525618E-002 -5.564204566943E-002
  3.860819079470E+000 -2.812924930925E-002  3.855877492368E-002 -5.339583451843E-002
  3.890945757450E+000 -2.699149991999E-002  3.698319200579E-002 -5.121600793531E-002
  3.921377699988E+000 -2.588941551894E-002  3.545697934842E-002 -4.910174052818E-002
  3.952119019336E+000 -2.482229630156E-002  3.397924816027E-002 -4.705216571614E-002
  3.983173897337E+000 -2.378944103383E-002  3.254909919991E-002 -4.506637820564E-002
  4.014546586845E+000 -2.279014763679E-002  3.116562395196E-002 -4.314343644646E-002
  4.046241413173E+000 -2.182371376293E-002  2.982790579114E-002 -4.128236506574E-002
  4.078262775585E+000 -2.088943736403E-002  2.853502113278E-002 -3.948215727819E-002
  4.110615148813E+000 -1.998661724945E-002  2.728604056853E-002 -3.774177727091E-002
  4.143303084620E+000 -1.911455363438E-002  2.608002998583E-002 -3.606016256074E-002
  4.176331213391E+000 -1.827254867724E-002  2.491605166987E-002 -3.443622632223E-002
  4.209704245774E+000 -1.745990700569E-002  2.379316538675E-002 -3.286885968410E-002
  4.243426974351E+000 -1.667593623053E-002  2.271042944632E-002 -3.135693399210E-002
  4.277504275353E+000 -1.591994744685E-002  2.166690174368E-002 -2.989930303599E-002
  4.311941110423E+000 -1.519125572196E-002  2.066164077771E-002 -2.849480523844E-002
  4.346742528412E+000 -1.448918056931E-002  1.969370664575E-002 -2.714226580361E-002
  4.381913667228E+000 -1.381304640811E-002  1.876216201287E-002 -2.584049882297E-002
  4.417459755726E+000 -1.316218300790E-002  1.786607305477E-002 -2.458830933630E-002
  4.453386115645E+000 -1.253592591775E-002  1.700451037302E-002 -2.338449534534E-002
  4.489698163598E+000 -1.193361687952E-002  1.617654988167E-002 -2.222784977799E-002
  4.526401413105E+000 -1.135460422492E-002  1.538127366412E-002 -2.111716240089E-002
  4.563501476684E+000 -1.079824325573E-002  1.461777079929E-002 -2.005122167799E-002
  4.601004067991E+000 -1.026389660712E-002  1.388513815614E-002 -1.902881657330E-002
  4.638915004011E+000 -9.750934593546E-003  1.318248115580E-002 -1.804873829566E-002
  4.677240207311E+000 -9.258735537128E-003  1.250891450042E-002 -1.710978198354E-002
  4.715985708351E+000 -8.786686078120E-003  1.186356286805E-002 -1.621074832833E-002
  4.755157647843E+000 -8.334181467420E-003  1.124556157311E-002 -1.535044513412E-002
  4.794762279187E+000 -7.900625840922E-003  1.065405719159E-002 -1.452768881261E-002
  4.834805970953E+000 -7.485432475630E-003  1.008820815091E-002 -1.374130581168E-002
  4.875295209443E+000 -7.088024027470E-003  9.547185283719E-003 -1.299013397633E-002
  4.916236601308E+000 -6.707832750808E-003  9.030172345664E-003 -1.227302384084E-002
  4.957636876237E+000 -6.344300699700E-003  8.536366496740E-003 -1.158883985136E-002
  4.999502889720E+000 -5.996879910956E-003  8.064978746236E-003 -1.093646151791E-002
  5.041841625875E+000 -5.665032569138E-003  7.615234361267E-003 -1.031478449542E-002
  5.084660200360E+000 -5.348231153662E-003  7.186373238966E-003 -9.722721593276E-003
  5.127965863354E+000 -5.045958568202E-003  6.777650242559E-003 -9.159203713116E-003
  5.171766002619E+000 -4.757708252656E-003  6.388335501592E-003 -8.623180714977E-003
  5.216068146649E+000 -4.482984277946E-003  6.017714676688E-003 -8.113622211802E-003
  5.260879967894E+000 -4.221301423987E-003  5.665089189310E-003 -7.629518292723E-003
  5.306209286078E+000 -3.972185241183E-003  5.329776417068E-003 -7.169880175654E-003
  5.352064071605E+000 -3.735172095841E-003  5.011109855222E-003 -6.733740789898E-003
  5.398452449055E+000 -3.509809199944E-003  4.708439245101E-003 -6.320155289704E-003
  5.445382700775E+000 -3.295654625721E-003  4.421130670232E-003 -5.928201499852E-003
  5.492863270572E+000 -3.092277305528E-003  4.148566621053E-003 -5.556980294551E-003
  5.540902767504E+000 -2.899257017528E-003  3.890146029169E-003 -5.205615911103E-003
  5.589509969774E+000 -2.716184357731E-003  3.645284272147E-003 -4.873256199922E-003
  5.638693828737E+000 -2.542660698928E-003  3.413413149933E-003 -4.559072812713E-003
  5.688463473008E+000 -2.378298137123E-003  3.193980834023E-003 -4.262261330697E-003
  5.738828212699E+000 -2.222719426028E-003  2.986451790554E-003 -3.982041334971E-003
  5.789797543759E+000 -2.075557900252E-003  2.790306678568E-003 -3.717656421168E-003
  5.841381152447E+000 -1.936457387782E-003  2.605042224689E-003 -3.468374160746E-003
  5.893588919926E+000 -1.805072112385E-003  2.430171075526E-003 -3.233486011307E-003
  5.946430926988E+000 -1.681066586561E-003  2.265221629129E-003 -3.012307178465E-003
  5.999917458910E+000 -1.564115495673E-003  2.109737846835E-003 -2.804176431851E-003
  6.054059010457E+000 -1.453903573880E-003  1.963279046888E-003 -2.608455877922E-003
  6.108866291020E+000 -1.350125472499E-003  1.825419681173E-003 -2.424530692293E-003
  6.164350229902E+000 -1.252485621421E-003  1.695749096469E-003 -2.251808814354E-003
  6.220521981762E+000 -1.160698084164E-003  1.573871281566E-003 -2.089720606963E-003
  6.277392932215E+000 -1.074486407191E-003  1.459404601621E-003 -1.937718484030E-003
  6.334974703589E+000 -9.935834640510E-004  1.351981521082E-003 -1.795276508795E-003
  6.393279160860E+000 -9.177312949196E-004  1.251248316512E-003 -1.661889965616E-003
  6.452318417752E+000 -8.466809420793E-004  1.156864780605E-003 -1.537074908023E-003
  6.512104843026E+000 -7.801922818737E-004  1.068503918641E-003 -1.420367685806E-003
  6.572651066946E+000 -7.180338536348E-004  9.858516386297E-004 -1.311324453812E-003
  6.633969987942E+000 -6.599826860654E-004  9.086064362930E-004 -1.209520665094E-003
  6.696074779472E+000 -6.058241215351E-004  8.364790760499E-004 -1.114550550980E-003
  6.758978897091E+000 -5.553516387173E-004  7.691922690668E-004 -1.026026590538E-003
  6.822696085726E+000 -5.083666739731E-004  7.064803494172E-004 -9.435789718307E-004
  6.887240387180E+000 -4.646784418576E-004  6.480889493188E-004 -8.668550472633E-004
  6.952626147859E+000 -4.241037550970E-004  5.937746743675E-004 -7.955187851973E-004
  7.018868026732E+000 -3.864668443572E-004  5.433047796204E-004 -7.292502199150E-004
  7.085981003543E+000 -3.515991780967E-004  4.964568473209E-004 -6.677449018798E-004
  7.153980387268E+000 -3.193392827691E-004  4.530184669945E-004 -6.107133501246E-004
  7.222881824836E+000 -2.895325636124E-004  4.127869185797E-004 -5.578805084638E-004
  7.292701310121E+000 -2.620311262382E-004  3.755688591941E-004 -5.089852070979E-004
  7.363455193219E+000 -2.366935992062E-004  3.411800140722E-004 -4.637796310413E-004
  7.435160190001E+000 -2.133849577466E-004  3.094448721485E-004 -4.220287966730E-004
  7.507833391988E+000 -1.919763487686E-004  2.801963866987E-004 -3.835100375707E-004
  7.581492276516E+000 -1.723449172739E-004  2.532756813906E-004 -3.480125006593E-004
  7.656154717242E+000 -1.543736342721E-004  2.285317620387E-004 -3.153366535686E-004
  7.731838994973E+000 -1.379511262777E-004  2.058212343044E-004 -2.852938039706E-004
  7.808563808847E+000 -1.229715064515E-004  1.850080275258E-004 -2.577056315360E-004
  7.886348287874E+000 -1.093342074362E-004  1.659631248181E-004 -2.324037330344E-004
  7.965212002848E+000 -9.694381592078E-005  1.485642995343E-004 -2.092291809829E-004
  8.045174978646E+000 -8.570990896190E-005  1.326958581395E-004 -1.880320961398E-004
  8.126257706932E+000 -7.554689207710E-005  1.182483895068E-004 -1.686712340372E-004
  8.208481159274E+000 -6.637383912299E-005  1.051185206163E-004 -1.510135856492E-004
  8.291866800694E+000 -5.811433396394E-005  9.320867860165E-005 -1.349339922042E-004
  8.376436603664E+000 -5.069631393571E-005  8.242685906649E-005 -1.203147740679E-004
  8.462213062574E+000 -4.405191510749E-005  7.268640056887E-005 -1.070453735516E-004
  8.549219208676E+000 -3.811731934679E-005  6.390576515482E-005 -9.502201143346E-005
  8.637478625536E+000 -3.283260319447E-005  5.600832480700E-005 -8.414735692595E-005
  8.727015464999E+000 -2.814158856121E-005  4.892215366467E-005 -7.433021077045E-005
  8.817854463709E+000 -2.399169526226E-005  4.257982586390E-005 -6.548520110234E-005
  8.910020960175E+000 -2.033379541395E-005  3.691821884393E-005 -5.753249169468E-005
  9.003540912431E+000 -1.712206972287E-005  3.187832196517E-005 -5.039750216390E-005
  9.098440916308E+000 -1.431386570698E-005  2.740505028727E-005 -4.401063970234E-005
  9.194748224321E+000 -1.186955789694E-005  2.344706336068E-005 -3.830704189085E-005
  9.292490765233E+000 -9.752410074825E-006  1.995658889338E-005 -3.322633013963E-005
  9.391697164283E+000 -7.928439616937E-006  1.688925116337E-005 -2.871237330569E-005
  9.492396764138E+000 -6.366284016634E-006  1.420390405956E-005 -2.471306104155E-005
  9.594619646576E+000 -5.037069671900E-006  1.186246864554E-005 -2.118008644018E-005
  9.698396654938E+000 -3.914283030964E-006  9.829775154938E-006 -1.806873755574E-005
  9.803759417385E+000 -2.973644196920E-006  8.073409340532E-006 -1.533769739805E-005
  9.910740370981E+000 -2.192983099196E-006  6.563563114089E-006 -1.294885201950E-005
  1.001937278665E+001 -1.552118345536E-006  5.272889427938E-006 -1.086710633646E-005
  1.012969079502E+001 -1.032738872798E-006  4.176361363241E-006 -9.060207352054E-006
  1.024172941323E+001 -6.182885181108E-007  3.251135403055E-006 -7.498574473183E-006
  1.035552457272E+001 -2.938536338645E-007  2.476418880557E-006 -6.155136640852E-006
  1.047111314798E+001 -4.605387024719E-008  1.833341603769E-006 -5.005176019475E-006
  1.058853298647E+001  1.370637521868E-007  1.304831667765E-006 -4.026178016434E-006
  1.070782293953E+001  2.661273603836E-007  8.754954733534E-007 -3.197687428100E-006
  1.082902289454E+001  3.505392221376E-007  5.315019774756E-007 -2.501170531954E-006
  1.095217380826E+001  3.985711062018E-007  2.604712050475E-007 -1.919882966211E-006
  1.107731774137E+001  4.174559083054E-007  5.136705442515E-008 -1.438743258043E-006
  1.120449789442E+001  4.134754516328E-007 -1.056055707369E-007 -1.044211879048E-006
  1.133375864507E+001  3.920443812223E-007 -2.190992718904E-007 -7.241757216784E-007
  1.146514558681E+001  3.577900840007E-007 -2.967182802499E-007 -4.678379028806E-007
  1.159870556913E+001  3.146285796868E-007 -3.451081728808E-007 -2.656128112150E-007
  1.173448673928E+001  2.658363424000E-007 -3.700411643529E-007 -1.090263210464E-007
  1.187253858566E+001  2.141180283511E-007 -3.764969666777E-007  9.378897771587E-009
  1.201291198287E+001  1.616701012784E-007 -3.687392203023E-007  9.613304396175E-008
  1.215565923859E+001  1.102403641414E-007 -3.503875102880E-007  1.569238918849E-007
  1.230083414231E+001  6.118342278164E-008 -3.244849942527E-007  1.966766130068E-007
  1.244849201595E+001  1.551212460907E-008 -2.935616819862E-007  2.196287873128E-007
  1.259868976657E+001 -2.605496735753E-008 -2.596934206337E-007  2.294006860728E-007
  1.275148594119E+001 -6.304998777070E-008 -2.245566537481E-007  2.290609146980E-007
  1.290694078384E+001 -9.521597573519E-008 -1.894790370891E-007  2.211875129763E-007
  1.306511629490E+001 -1.224707654706E-007 -1.554860085681E-007  2.079246194416E-007
  1.322607629292E+001 -1.448744363340E-007 -1.233434239565E-007  1.910348167386E-007
  1.338988647898E+001 -1.626001838568E-007 -9.359638366437E-008  1.719472852999E-007
  1.355661450375E+001 -1.759084608702E-007 -6.660438884727E-008  1.518019031824E-007
  1.372633003727E+001 -1.851242266135E-007 -4.257297709607E-008  1.314894402293E-007
  1.389910484176E+001 -1.906171320595E-007 -2.158199884086E-008  1.116880046006E-007
  1.407501284743E+001 -1.927844616687E-007 -3.610705179197E-009  9.289590888929E-008
  1.425413023161E+001 -1.920366454699E-007  1.144017400687E-008  7.546113131933E-008
  1.443653550117E+001 -1.887851508288E-007  2.372917616901E-008  5.960755470487E-008
  1.462230957852E+001 -1.834325605215E-007  3.345748598403E-008  4.545817179132E-008
  1.481153589140E+001 -1.763646428011E-007  4.085475525228E-008  3.305545016153E-008
  1.500430046649E+001 -1.679442199829E-007  4.616716744318E-008  2.237905298552E-008
  1.520069202718E+001 -1.585066446539E-007  4.964755164182E-008  1.336111345375E-008
  1.540080209569E+001 -1.483566968321E-007  5.154735244287E-008  5.899260732879E-009
  1.560472509963E+001 -1.377667211829E-007  5.211026575104E-008 -1.324062808292E-010
  1.581255848342E+001 -1.269758306046E-007  5.156735539711E-008 -4.874204228299E-009
  1.602440282470E+001 -1.161900109893E-007  5.013347185905E-008 -8.473420955265E-009
  1.624036195599E+001 -1.055829715855E-007  4.800480205837E-008 -1.107835890602E-008
  1.646054309190E+001 -9.529759596077E-008  4.535738803726E-008 -1.283369078395E-008
  1.668505696224E+001 -8.544785990676E-008  4.234646214840E-008 -1.387696037380E-008
  1.691401795117E+001 -7.612109454437E-008  3.910645703215E-008 -1.433607076460E-008
  1.714754424293E+001 -6.738048519053E-008  3.575155993313E-008 -1.432761238270E-008
  1.738575797433E+001 -5.926770903589E-008  3.237669263233E-008 -1.395589407002E-008
  1.762878539445E+001 -5.180562717054E-008  2.905881025408E-008 -1.331255174381E-008
  1.787675703191E+001 -4.500095879873E-008  2.585842426633E-008 -1.247662077243E-008
  1.812980787015E+001 -3.884687743321E-008  2.282126694870E-008 -1.151496991914E-008
  1.838807753110E+001 -3.332548029961E-008  1.998002629040E-008 -1.048300637021E-008
  1.865171046781E+001 -2.841009297218E-008  1.735609154479E-008 -9.425572814114E-009
  1.892085616642E+001 -2.406738128591E-008  1.496126037260E-008 -8.377968625010E-009
  1.919566935809E+001 -2.025925172877E-008  1.279936853318E-008 -7.367037791706E-009
  1.947631024137E+001 -1.694452973738E-008  1.086781233387E-008 -6.412276207859E-009
  1.976294471571E+001 -1.408041254798E-008  9.158942445818E-009 -5.526920201745E-009
  2.005574462663E+001 -1.162369946567E-008  7.661315185955E-009 -4.718986659373E-009
  2.035488802332E+001 -9.531807602656E-009  6.360793916724E-009 -3.992242727291E-009
  2.066055942930E+001 -7.763585318379E-009  5.241498818346E-009 -3.347089837433E-009
  2.097295012706E+001 -6.279938808590E-009  4.286607952625E-009 -2.781352662594E-009
  2.129225845729E+001 -5.044289590708E-009  3.479016292474E-009 -2.290968594086E-009
  2.161869013374E+001 -4.022882091171E-009  2.801862283959E-009 -1.870577457261E-009
  2.195245857462E+001 -3.184961239031E-009  2.238933598981E-009 -1.514014486680E-009
  2.229378525140E+001 -2.502840001839E-009  1.774965099749E-009 -1.214712125042E-009
  2.264290005632E+001 -1.951876263364E-009  1.395842752991E-009 -9.660180542168E-010
  2.300004168951E+001 -1.510377439604E-009  1.088727390449E-009 -7.614380868815E-010
  2.336545806705E+001 -1.159449861354E-009  8.421119035227E-010 -5.948132229780E-010
  2.373940675129E+001 -8.828083166619E-010  6.458247751607E-010 -4.604403890757E-010
  2.412215540475E+001 -6.665593377340E-010  4.909918798095E-010 -3.531462134071E-010
  2.451398226921E+001 -4.989699190823E-010  3.699673061801E-010 -2.683227254731E-010
  2.491517667142E+001 -3.702314423653E-010  2.762426547024E-010 -2.019331828524E-010
  2.532603955735E+001 -2.722267228992E-010  2.043429002752E-010 -1.504953893310E-010
  2.574688405660E+001 -1.983063360353E-010  1.497155502572E-010 -1.110489402743E-010
  2.617803607920E+001 -1.430787693872E-010  1.086185163374E-010 -8.111186741644E-011
  2.661983494664E+001 -1.022175083863E-010  7.801089529260E-011 -5.863120101249E-011
  2.707263405971E+001 -7.228691581936E-011  5.544974579456E-011 -4.193105844023E-011
  2.753680160532E+001 -5.058771869216E-011  3.899497479148E-011 -2.966103172454E-011
  2.801272130518E+001 -3.502206685522E-011  2.712361719149E-011 -2.074690048207E-011
  2.850079320900E+001 -2.397746876824E-011  1.865410856116E-011 -1.434505217117E-011
  2.900143453541E+001 -1.622842611370E-011  1.268060784128E-011 -9.801452325974E-012
  2.951508056378E+001 -1.085426196143E-011  8.517016136257E-012 -6.615572135912E-012
  3.004218558064E+001 -7.171445357590E-012  5.650045219520E-012 -4.409343404518E-012
  3.058322388437E+001 -4.678635789269E-012  3.700499896041E-012 -2.900962479874E-012
  3.113869085248E+001 -3.012681149368E-012  2.391834972999E-012 -1.883193998848E-012
  3.170910407585E+001 -1.913880802055E-012  1.525013363913E-012 -1.205719947070E-012
  3.229500456485E+001 -1.198951167031E-012  9.587105571784E-013 -7.610271036980E-013
  3.289695803249E+001 -7.402873541380E-013  5.939674502157E-013 -4.733143884683E-013
  3.351555626047E+001 -4.502859943590E-013  3.624753369683E-013 -2.899199357960E-013
  3.415141855403E+001 -2.696696202154E-013  2.177726691757E-013 -1.748062236107E-013
  3.480519329257E+001 -1.589226717731E-013  1.287342866698E-013 -1.036921772145E-013
  3.547755958299E+001 -9.210700353503E-014  7.483343748577E-014 -6.047736316656E-014
  3.616922902393E+001 -5.246653574466E-014  4.275034052597E-014 -3.466026444182E-014
  3.688094758921E+001 -2.935429042818E-014  2.398524336952E-014 -1.950669745127E-014
  3.761349763993E+001 -1.611990731511E-014  1.320727649242E-014 -1.077344680767E-014
  3.836770007534E+001 -8.682454033274E-015  7.132401388696E-015 -5.834928601854E-015
  3.914441663347E+001 -4.583347111716E-015  3.774717032483E-015 -3.096714139885E-015
  3.994455235367E+001 -2.369396430100E-015  1.956207559059E-015 -1.609196357496E-015
  4.076905821405E+001 -1.198516327776E-015  9.918938207487E-016 -8.180858553244E-016
  4.161893395835E+001 -5.926782009310E-016  4.916475841177E-016 -4.065285456122E-016
  4.249523112779E+001 -2.862596235370E-016  2.380014671756E-016 -1.972811565510E-016
  4.339905631520E+001 -1.349097486014E-016  1.124137431517E-016 -9.340305247455E-017
  4.433157466006E+001 -6.197575854218E-017  5.175203837419E-017 -4.309958014937E-017
  4.529401360538E+001 -2.772200362458E-017  2.319710247033E-017 -1.936211367347E-017
  4.628766693861E+001 -1.206020840152E-017  1.011212369609E-017 -8.458738382201E-018
  4.731389914191E+001 -5.096689309864E-018  4.281835396205E-018 -3.589296110172E-018
  4.837415007871E+001 -2.089638203736E-018  1.758910785804E-018 -1.477448093133E-018
  4.946994004686E+001 -8.300778717647E-019  7.000030249167E-019 -5.891575790115E-019
  5.060287523143E+001 -3.190165614075E-019  2.695137378847E-019 -2.272744439509E-019
  5.177465359367E+001 -1.184405754914E-019  1.002383119185E-019 -8.468715146630E-020
  5.298707123650E+001 -4.241200559008E-020  3.595565946733E-020 -3.043280223633E-020
  5.424202929116E+001 -1.462330385297E-020  1.241793794280E-020 -1.052913585537E-020
  5.554154137419E+001 -4.846121608106E-021  4.121969493920E-021 -3.501023484165E-021
  5.688774166961E+001 -1.540678953596E-021  1.312534280543E-021 -1.116675821689E-021
  5.828289369667E+001 -4.689491676264E-022  4.001238570894E-022 -3.409706743294E-022
  5.972939983075E+001 -1.363666038041E-022  1.165278026808E-022 -9.945780290117E-023
  6.122981165190E+001 -3.779844018401E-023  3.234681136393E-023 -2.765086668100E-023
  6.278684120462E+001 -9.962676515334E-024  8.537946018268E-024 -7.309379475990E-024
  6.440337326150E+001 -2.490578032335E-024  2.137378817754E-024 -1.832486950628E-024
  6.608247869451E+001 -5.889246263818E-025  5.060922545301E-025 -4.345146048324E-025
  6.782742906960E+001 -1.313379714296E-025  1.130144573354E-025 -9.716448169363E-026
  6.964171259434E+001 -2.753870058084E-026  2.372719433254E-026 -2.042691714454E-026
  7.152905156377E+001 -5.411028500238E-027  4.667968660826E-027 -4.023943036277E-027
  7.349342146763E+001 -9.928002256225E-028  8.575144685737E-028 -7.401467113540E-028
  7.553907194217E+001 -1.694515802514E-028  1.465356771385E-028 -1.266361373547E-028
  7.767054977292E+001 -2.679611362014E-029  2.319929388677E-029 -2.007302621218E-029
  7.989272418113E+001 -3.908913052943E-030  3.388063591506E-030 -2.934943423634E-030
  8.221081465675E+001 -5.235737395029E-031  4.543114652410E-031 -3.940022054312E-031
  8.463042163523E+001 -6.407212359181E-032  5.565616593582E-032 -4.832168481322E-032
  8.715756035520E+001 -7.125257402967E-033  6.195856925297E-033 -5.385194580574E-033
  8.979869827958E+001 -7.159247698957E-034  6.231799725261E-034 -5.422162073920E-034
  9.256079651532E+001 -6.459117557759E-035  5.627991921359E-035 -4.901844599297E-035
  9.545135572765E+001 -5.197710265893E-036  4.533312838788E-036 -3.952366621318E-036
  9.847846711487E+001 -3.703811349761E-037  3.233443343912E-037 -2.821830617059E-037
  1.016508690915E+002 -2.318980530102E-038  2.026356949977E-038 -1.770087647770E-038
  1.049780104220E+002 -1.265011624941E-039  1.106383600537E-039 -9.673573731826E-040
  1.084701206579E+002 -5.957658787724E-041  5.215180565647E-041 -4.563966908038E-041
  1.121382888606E+002 -2.398508034875E-042  2.101395398363E-042 -1.840613553123E-042
  1.159945517414E+002 -8.166272866225E-044  7.160674637407E-044 -6.277410172597E-044
  1.200519925308E+002 -2.324074374268E-045  2.039549797883E-045 -1.789463595714E-045
  1.243248520934E+002 -5.458787874698E-047  4.794305758795E-047 -4.209851311548E-047
  1.288286540551E+002 -1.043616295782E-048  9.172901920850E-049 -8.061037815970E-049
  1.335803459987E+002 -1.599591780136E-050  1.407028204282E-050 -1.237431318860E-050
  1.385984591287E+002 -1.933353201472E-052  1.701861098904E-052 -1.497847562379E-052
  1.439032892205E+002 -1.809553757228E-054  1.594025876223E-054 -1.403962098656E-054
  1.495171021587E+002 -1.285728086824E-056  1.133380767144E-056 -9.989502438098E-057
  1.554643679592E+002 -6.784953029067E-059  5.985058520199E-059 -5.278810730384E-059
  1.617720278763E+002 -2.596014597100E-061  2.291478063401E-061 -2.022436548554E-061
  1.684698000514E+002 -7.012832115721E-064  6.194144749768E-064 -5.470462777247E-064
  1.755905301928E+002 -1.298834651066E-066  1.147925132891E-066 -1.014453070787E-066
  1.831705950299E+002 -1.596482863362E-069  1.411849293539E-069 -1.248460286969E-069
  1.912503678195E+002 -1.256166689892E-072  1.111548599876E-072 -9.835021274756E-073
  1.998747570544E+002 -6.078030615191E-076  5.381384419119E-076 -4.764243208709E-076
  2.090938318328E+002 -1.729279739281E-079  1.531931356233E-079 -1.357016126611E-079
  2.189635501945E+002 -2.751816824846E-083  2.439099837228E-083 -2.161792196894E-083
  2.295466102647E+002 -2.315638929245E-087  2.053572771478E-087 -1.821067830153E-087
  2.409134484547E+002 -9.675116957987E-092  8.584558866589E-092 -7.616558442367E-092
  2.531434144886E+002 -1.869595258011E-096  1.659683473404E-096 -1.473275832055E-096
  2.663261599835E+002 -1.542097464133E-101  1.369616296782E-101 -1.216379380168E-101
  2.805632861191E+002 -4.957582101919E-107  4.405143209631E-107 -3.914127353736E-107
  2.959703071532E+002 -5.601875146243E-113  4.979895882476E-113 -4.426836868658E-113
  3.126790009236E+002 -1.977380682983E-119  1.758602279160E-119 -1.563986031010E-119
  3.308402360200E+002 -1.905045066350E-126  1.694989359072E-126 -1.508057632219E-126
  3.506273893903E+002 -4.289341816814E-134  3.817954156694E-134 -3.398296199202E-134
  3.722404996260E+002 -1.887082942692E-142  1.680364139192E-142 -1.496261159165E-142
  3.959113426415E+002 -1.318283082590E-151  1.174322993749E-151 -1.046065895230E-151
  4.219096715122E+002 -1.148621614923E-161  1.023567577638E-161 -9.121149270588E-162
  4.505509359373E+002 -9.411466401880E-173  8.389802403949E-173 -7.478947741446E-173
  4.822058963204E+002 -5.203545787160E-185  4.640267670821E-185 -4.137916821467E-185
  5.173126831536E+002 -1.311445748709E-198  1.169869933555E-198 -1.043567542344E-198
  5.563920392209E+002 -9.452034011322E-214  8.434329510674E-214 -7.526138015003E-214
  6.000667421536E+002 -1.115454262133E-230  9.956566385739E-231 -8.887186073661E-231
  6.490865708786E+002 -1.101431016717E-249  9.834272149577E-250 -8.780605448695E-250
  7.043607010442E+002 -4.031499260780E-271  3.600586158531E-271 -3.215715081238E-271
  7.670001674974E+002 -2.022470034131E-295  1.806779194955E-295 -1.614084101019E-295
  8.383741345464E+002  0.000000000000E+000  0.000000000000E+000  0.000000000000E+000
  9.201853543213E+002  0.000000000000E+000  0.000000000000E+000  0.000000000000E+000
  1.014572672318E+003  0.000000000000E+000  0.000000000000E+000  0.000000000000E+000
  1.124252254996E+003  0.000000000000E+000  0.000000000000E+000  0.000000000000E+000
  1.252715205428E+003  0.000000000000E+000  0.000000000000E+000  0.000000000000E+000
  1.404508845568E+003  0.000000000000E+000  0.000000000000E+000  0.000000000000E+000
  1.585644739908E+003  0.000000000000E+000  0.000000000000E+000  0.000000000000E+000
  1.804203189488E+003  0.000000000000E+000  0.000000000000E+000  0.000000000000E+000
  2.071250249814E+003  0.000000000000E+000  0.000000000000E+000  0.000000000000E+000
  2.402266552340E+003  0.000000000000E+000  0.000000000000E+000  0.000000000000E+000
  2.819442449497E+003  0.000000000000E+000  0.000000000000E+000  0.000000000000E+000
  3.355496240167E+003  0.000000000000E+000  0.000000000000E+000  0.000000000000E+000
  4.060290442982E+003  0.000000000000E+000  0.000000000000E+000  0.000000000000E+000
  5.012860622227E+003  0.000000000000E+000  0.000000000000E+000  0.000000000000E+000
  6.344578802016E+003  0.000000000000E+000  0.000000000000E+000  0.000000000000E+000
  8.287000878586E+003  0.000000000000E+000  0.000000000000E+000  0.000000000000E+000
  1.127976970933E+004  0.000000000000E+000  0.000000000000E+000  0.000000000000E+000
  1.624316171036E+004  0.000000000000E+000  0.000000000000E+000  0.000000000000E+000
  2.538031516868E+004  0.000000000000E+000  0.000000000000E+000  0.000000000000E+000
  4.512107881524E+004  0.000000000000E+000  0.000000000000E+000  0.000000000000E+000
  1.015232606647E+005  0.000000000000E+000  0.000000000000E+000  0.000000000000E+000
  4.060950426526E+005  0.000000000000E+000  0.000000000000E+000  0.000000000000E+000
