# 1st line: number of mesh points
# abcissa wavefunction wavefunction_1st wavefunction_2nd
1000
# Principal QN=   3 , l=   1 , Occupation=   5.0000
  2.462477732966E-006  3.588651320993E-004  1.457256826189E+002 -6.228075994145E+003
  9.849959442330E-006  1.435241015931E-003  1.456796797931E+002 -6.226188678051E+003
  2.216259066178E-005  3.228469320978E-003  1.456030383857E+002 -6.223044646002E+003
  3.940061395432E-005  5.737453518879E-003  1.454958033133E+002 -6.218646138119E+003
  6.156436892224E-005  8.960659915971E-003  1.453580373865E+002 -6.212996286494E+003
  8.865429222131E-005  1.289611909658E-002  1.451898212365E+002 -6.206099111127E+003
  1.206709175794E-004  1.754142777474E-002  1.449912532220E+002 -6.197959514706E+003
  1.576148758184E-004  2.289375105138E-002  1.447624493150E+002 -6.188583276254E+003
  1.994868948811E-004  2.894982507326E-002  1.445035429671E+002 -6.177977043638E+003
  2.462877998613E-004  3.570596008971E-002  1.442146849548E+002 -6.166148324976E+003
  2.980185130383E-004  4.315804390194E-002  1.438960432063E+002 -6.153105478928E+003
  3.546800539158E-004  5.130154569982E-002  1.435478026078E+002 -6.138857703918E+003
  4.162735392647E-004  6.013152027982E-002  1.431701647915E+002 -6.123415026285E+003
  4.828001831694E-004  6.964261263738E-002  1.427633479045E+002 -6.106788287390E+003
  5.542612970792E-004  7.982906292685E-002  1.423275863594E+002 -6.088989129711E+003
  6.306582898628E-004  9.068471178071E-002  1.418631305674E+002 -6.070029981933E+003
  7.119926678676E-004  1.022030059801E-001  1.413702466540E+002 -6.049924043080E+003
  7.982660349828E-004  1.143770044677E-001  1.408492161568E+002 -6.028685265694E+003
  8.894800927067E-004  1.271993846933E-001  1.403003357090E+002 -6.006328338114E+003
  9.856366402179E-004  1.406624492832E-001  1.397239167049E+002 -5.982868665871E+003
  1.086737574451E-003  1.547581330215E-001  1.391202849516E+002 -5.958322352229E+003
  1.192784890174E-003  1.694780101341E-001  1.384897803058E+002 -5.932706177928E+003
  1.303780680078E-003  1.848133018634E-001  1.378327562962E+002 -5.906037580133E+003
  1.419727134858E-003  2.007548843226E-001  1.371495797332E+002 -5.878334630651E+003
  1.540626543307E-003  2.172932966174E-001  1.364406303053E+002 -5.849616013443E+003
  1.666481292416E-003  2.344187492225E-001  1.357063001640E+002 -5.819901001472E+003
  1.797293867468E-003  2.521211326017E-001  1.349469934972E+002 -5.789209432923E+003
  1.933066852148E-003  2.703900260568E-001  1.341631260924E+002 -5.757561686844E+003
  2.073802928647E-003  2.892147067943E-001  1.333551248895E+002 -5.724978658241E+003
  2.219504877777E-003  3.085841591947E-001  1.325234275251E+002 -5.691481732678E+003
  2.370175579090E-003  3.284870842722E-001  1.316684818683E+002 -5.657092760414E+003
  2.525818010992E-003  3.489119093103E-001  1.307907455488E+002 -5.621834030137E+003
  2.686435250879E-003  3.698467976599E-001  1.298906854789E+002 -5.585728242321E+003
  2.852030475254E-003  3.912796586860E-001  1.289687773684E+002 -5.548798482265E+003
  3.022606959872E-003  4.131981578485E-001  1.280255052358E+002 -5.511068192850E+003
  3.198168079872E-003  4.355897269034E-001  1.270613609139E+002 -5.472561147063E+003
  3.378717309917E-003  4.584415742101E-001  1.260768435522E+002 -5.433301420337E+003
  3.564258224347E-003  4.817406951310E-001  1.250724591171E+002 -5.393313362745E+003
  3.754794497325E-003  5.054738825086E-001  1.240487198893E+002 -5.352621571091E+003
  3.950329902993E-003  5.296277372071E-001  1.230061439604E+002 -5.311250860965E+003
  4.150868315631E-003  5.541886787033E-001  1.219452547290E+002 -5.269226238770E+003
  4.356413709820E-003  5.791429557145E-001  1.208665803972E+002 -5.226572873805E+003
  4.566970160612E-003  6.044766568481E-001  1.197706534682E+002 -5.183316070417E+003
  4.782541843700E-003  6.301757212604E-001  1.186580102460E+002 -5.139481240285E+003
  5.003133035593E-003  6.562259493115E-001  1.175291903371E+002 -5.095093874868E+003
  5.228748113801E-003  6.826130132020E-001  1.163847361566E+002 -5.050179518069E+003
  5.459391557015E-003  7.093224675796E-001  1.152251924371E+002 -5.004763739147E+003
  5.695067945303E-003  7.363397601031E-001  1.140511057439E+002 -4.958872105927E+003
  5.935781960296E-003  7.636502419508E-001  1.128630239942E+002 -4.912530158337E+003
  6.181538385392E-003  7.912391782614E-001  1.116614959833E+002 -4.865763382328E+003
  6.432342105956E-003  8.190917584967E-001  1.104470709178E+002 -4.818597184192E+003
  6.688198109528E-003  8.471931067134E-001  1.092202979554E+002 -4.771056865340E+003
  6.949111486034E-003  8.755282917342E-001  1.079817257533E+002 -4.723167597552E+003
  7.215087428003E-003  9.040823372063E-001  1.067319020251E+002 -4.674954398757E+003
  7.486131230784E-003  9.328402315392E-001  1.054713731071E+002 -4.626442109349E+003
  7.762248292776E-003  9.617869377100E-001  1.042006835339E+002 -4.577655369099E+003
  8.043444115654E-003  9.909074029278E-001  1.029203756242E+002 -4.528618594677E+003
  8.329724304602E-003  1.020186568148E+000  1.016309890780E+002 -4.479355957805E+003
  8.621094568555E-003  1.049609377431E+000  1.003330605841E+002 -4.429891364099E+003
  8.917560720438E-003  1.079160787129E+000  9.902712343964E+001 -4.380248432589E+003
  9.219128677417E-003  1.108825774903E+000  9.771370718149E+001 -4.330450475965E+003
  9.525804461149E-003  1.138589348565E+000  9.639333723018E+001 -4.280520481571E+003
  9.837594198038E-003  1.168436554717E+000  9.506653454626E+001 -4.230481093152E+003
  1.015450411950E-002  1.198352487215E+000  9.373381529980E+001 -4.180354593391E+003
  1.047654056222E-002  1.228322295421E+000  9.239569055313E+001 -4.130162887244E+003
  1.080370996845E-002  1.258331192260E+000  9.105266595716E+001 -4.079927486088E+003
  1.113601888623E-002  1.288364462063E+000  8.970524146134E+001 -4.029669492709E+003
  1.147347396972E-002  1.318407468203E+000  8.835391103773E+001 -3.979409587122E+003
  1.181608197948E-002  1.348445660509E+000  8.699916241893E+001 -3.929168013247E+003
  1.216384978272E-002  1.378464582469E+000  8.564147685046E+001 -3.878964566456E+003
  1.251678435364E-002  1.408449878205E+000  8.428132885727E+001 -3.828818581979E+003
  1.287489277369E-002  1.438387299231E+000  8.291918602475E+001 -3.778748924190E+003
  1.323818223191E-002  1.468262710982E+000  8.155550879407E+001 -3.728773976771E+003
  1.360666002522E-002  1.498062099118E+000  8.019075027201E+001 -3.678911633758E+003
  1.398033355872E-002  1.527771575603E+000  7.882535605512E+001 -3.629179291467E+003
  1.435921034603E-002  1.557377384559E+000  7.745976406825E+001 -3.579593841297E+003
  1.474329800963E-002  1.586865907890E+000  7.609440441740E+001 -3.530171663417E+003
  1.513260428113E-002  1.616223670684E+000  7.472969925658E+001 -3.480928621312E+003
  1.552713700165E-002  1.645437346388E+000  7.336606266887E+001 -3.431880057212E+003
  1.592690412217E-002  1.674493761765E+000  7.200390056118E+001 -3.383040788359E+003
  1.633191370382E-002  1.703379901626E+000  7.064361057279E+001 -3.334425104138E+003
  1.674217391826E-002  1.732082913345E+000  6.928558199725E+001 -3.286046764035E+003
  1.715769304806E-002  1.760590111162E+000  6.793019571763E+001 -3.237918996423E+003
  1.757847948698E-002  1.788888980266E+000  6.657782415459E+001 -3.190054498163E+003
  1.800454174044E-002  1.816967180677E+000  6.522883122727E+001 -3.142465434990E+003
  1.843588842578E-002  1.844812550920E+000  6.388357232645E+001 -3.095163442688E+003
  1.887252827273E-002  1.872413111494E+000  6.254239429986E+001 -3.048159629021E+003
  1.931447012370E-002  1.899757068149E+000  6.120563544916E+001 -3.001464576409E+003
  1.976172293425E-002  1.926832814970E+000  5.987362553832E+001 -2.955088345325E+003
  2.021429577341E-002  1.953628937268E+000  5.854668581298E+001 -2.909040478390E+003
  2.067219782411E-002  1.980134214297E+000  5.722512903040E+001 -2.863330005153E+003
  2.113543838356E-002  2.006337621783E+000  5.590925949962E+001 -2.817965447522E+003
  2.160402686371E-002  2.032228334292E+000  5.459937313147E+001 -2.772954825826E+003
  2.207797279156E-002  2.057795727421E+000  5.329575749779E+001 -2.728305665488E+003
  2.255728580967E-002  2.083029379837E+000  5.199869189976E+001 -2.684025004275E+003
  2.304197567655E-002  2.107919075152E+000  5.070844744455E+001 -2.640119400104E+003
  2.353205226706E-002  2.132454803652E+000  4.942528713006E+001 -2.596594939374E+003
  2.402752557287E-002  2.156626763890E+000  4.814946593722E+001 -2.553457245803E+003
  2.452840570292E-002  2.180425364125E+000  4.688123092936E+001 -2.510711489730E+003
  2.503470288379E-002  2.203841223646E+000  4.562082135822E+001 -2.468362397866E+003
  2.554642746023E-002  2.226865173958E+000  4.436846877609E+001 -2.426414263457E+003
  2.606358989558E-002  2.249488259856E+000  4.312439715361E+001 -2.384870956835E+003
  2.658620077221E-002  2.271701740379E+000  4.188882300283E+001 -2.343735936324E+003
  2.711427079202E-002  2.293497089666E+000  4.066195550492E+001 -2.303012259471E+003
  2.764781077690E-002  2.314865997694E+000  3.944399664211E+001 -2.262702594579E+003
  2.818683166921E-002  2.335800370940E+000  3.823514133354E+001 -2.222809232504E+003
  2.873134453224E-002  2.356292332931E+000  3.703557757424E+001 -2.183334098693E+003
  2.928136055074E-002  2.376334224727E+000  3.584548657708E+001 -2.144278765431E+003
  2.983689103139E-002  2.395918605316E+000  3.466504291709E+001 -2.105644464264E+003
  3.039794740329E-002  2.415038251933E+000  3.349441467771E+001 -2.067432098582E+003
  3.096454121851E-002  2.433686160313E+000  3.233376359853E+001 -2.029642256312E+003
  3.153668415253E-002  2.451855544884E+000  3.118324522418E+001 -1.992275222718E+003
  3.211438800486E-002  2.469539838888E+000  3.004300905380E+001 -1.955330993258E+003
  3.269766469947E-002  2.486732694462E+000  2.891319869080E+001 -1.918809286487E+003
  3.328652628537E-002  2.503427982659E+000  2.779395199247E+001 -1.882709556967E+003
  3.388098493714E-002  2.519619793422E+000  2.668540121905E+001 -1.847031008165E+003
  3.448105295547E-002  2.535302435525E+000  2.558767318194E+001 -1.811772605314E+003
  3.508674276771E-002  2.550470436463E+000  2.450088939058E+001 -1.776933088205E+003
  3.569806692844E-002  2.565118542318E+000  2.342516619780E+001 -1.742510983897E+003
  3.631503812000E-002  2.579241717583E+000  2.236061494321E+001 -1.708504619308E+003
  3.693766915309E-002  2.592835144964E+000  2.130734209438E+001 -1.674912133675E+003
  3.756597296732E-002  2.605894225155E+000  2.026544938550E+001 -1.641731490858E+003
  3.819996263183E-002  2.618414576583E+000  1.923503395315E+001 -1.608960491470E+003
  3.883965134583E-002  2.630392035143E+000  1.821618846916E+001 -1.576596784800E+003
  3.948505243923E-002  2.641822653897E+000  1.720900127001E+001 -1.544637880528E+003
  4.013617937323E-002  2.652702702771E+000  1.621355648280E+001 -1.513081160208E+003
  4.079304574093E-002  2.663028668227E+000  1.522993414744E+001 -1.481923888490E+003
  4.145566526792E-002  2.672797252920E+000  1.425821033492E+001 -1.451163224082E+003
  4.212405181296E-002  2.682005375342E+000  1.329845726150E+001 -1.420796230427E+003
  4.279821936853E-002  2.690650169451E+000  1.235074339860E+001 -1.390819886083E+003
  4.347818206155E-002  2.698728984289E+000  1.141513357840E+001 -1.361231094797E+003
  4.416395415396E-002  2.706239383584E+000  1.049168909484E+001 -1.332026695247E+003
  4.485555004336E-002  2.713179145339E+000  9.580467800106E+000 -1.303203470467E+003
  4.555298426375E-002  2.719546261409E+000  8.681524196383E+000 -1.274758156915E+003
  4.625627148608E-002  2.725338937062E+000  7.794909522922E+000 -1.246687453197E+003
  4.696542651902E-002  2.730555590528E+000  6.920671838290E+000 -1.218988028435E+003
  4.768046430958E-002  2.735194852528E+000  6.058856097835E+000 -1.191656530259E+003
  4.840139994379E-002  2.739255565787E+000  5.209504226320E+000 -1.164689592439E+003
  4.912824864743E-002  2.742736784535E+000  4.372655185761E+000 -1.138083842134E+003
  4.986102578670E-002  2.745637773977E+000  3.548345038471E+000 -1.111835906762E+003
  5.059974686895E-002  2.747958009752E+000  2.736607005357E+000 -1.085942420493E+003
  5.134442754336E-002  2.749697177362E+000  1.937471519524E+000 -1.060400030355E+003
  5.209508360169E-002  2.750855171580E+000  1.150966275254E+000 -1.035205401952E+003
  5.285173097899E-002  2.751432095826E+000  3.771162724374E-001 -1.010355224807E+003
  5.361438575437E-002  2.751428261519E+000 -3.840561434357E-001 -9.858462173133E+002
  5.438306415168E-002  2.750844187393E+000 -1.132531245628E+000 -9.616751313119E+002
  5.515778254035E-002  2.749680598778E+000 -1.868291894722E+000 -9.378387562892E+002
  5.593855743605E-002  2.747938426849E+000 -2.591323511273E+000 -9.143339232006E+002
  5.672540550155E-002  2.745618807833E+000 -3.301614052396E+000 -8.911575079267E+002
  5.751834354743E-002  2.742723082169E+000 -3.999153992150E+000 -8.683064343652E+002
  5.831738853289E-002  2.739252793635E+000 -4.683936305534E+000 -8.457776771668E+002
  5.912255756656E-002  2.735209688412E+000 -5.355956455940E+000 -8.235682641203E+002
  5.993386790726E-002  2.730595714116E+000 -6.015212385876E+000 -8.016752781955E+002
  6.075133696481E-002  2.725413018760E+000 -6.661704510766E+000 -7.800958592526E+002
  6.157498230090E-002  2.719663949672E+000 -7.295435715649E+000 -7.588272054254E+002
  6.240482162984E-002  2.713351052353E+000 -7.916411354556E+000 -7.378665741900E+002
  6.324087281946E-002  2.706477069267E+000 -8.524639252381E+000 -7.172112831262E+002
  6.408315389190E-002  2.699044938577E+000 -9.120129709021E+000 -6.968587103852E+002
  6.493168302447E-002  2.691057792813E+000 -9.702895505580E+000 -6.768062948722E+002
  6.578647855056E-002  2.682518957464E+000 -1.027295191243E+001 -6.570515361557E+002
  6.664755896041E-002  2.673431949511E+000 -1.083031669887E+001 -6.375919941162E+002
  6.751494290207E-002  2.663800475881E+000 -1.137501014429E+001 -6.184252883451E+002
  6.838864918226E-002  2.653628431823E+000 -1.190705505036E+001 -5.995490973074E+002
  6.926869676725E-002  2.642919899214E+000 -1.242647675440E+001 -5.809611572789E+002
  7.015510478375E-002  2.631679144780E+000 -1.293330314336E+001 -5.626592610724E+002
  7.104789251987E-002  2.619910618243E+000 -1.342756466839E+001 -5.446412565661E+002
  7.194707942599E-002  2.607618950377E+000 -1.390929435974E+001 -5.269050450446E+002
  7.285268511573E-002  2.594808950985E+000 -1.437852784184E+001 -5.094485793690E+002
  7.376472936684E-002  2.581485606795E+000 -1.483530334814E+001 -4.922698619872E+002
  7.468323212221E-002  2.567654079261E+000 -1.527966173585E+001 -4.753669427982E+002
  7.560821349078E-002  2.553319702283E+000 -1.571164650004E+001 -4.587379168840E+002
  7.653969374850E-002  2.538487979838E+000 -1.613130378714E+001 -4.423809221209E+002
  7.747769333938E-002  2.523164583520E+000 -1.653868240757E+001 -4.262941366859E+002
  7.842223287637E-002  2.507355349993E+000 -1.693383384731E+001 -4.104757764678E+002
  7.937333314243E-002  2.491066278356E+000 -1.731681227822E+001 -3.949240923983E+002
  8.033101509154E-002  2.474303527415E+000 -1.768767456704E+001 -3.796373677149E+002
  8.129529984966E-002  2.457073412870E+000 -1.804648028282E+001 -3.646139151674E+002
  8.226620871580E-002  2.439382404409E+000 -1.839329170261E+001 -3.498520741812E+002
  8.324376316303E-002  2.421237122721E+000 -1.872817381539E+001 -3.353502079882E+002
  8.422798483957E-002  2.402644336410E+000 -1.905119432398E+001 -3.211067007376E+002
  8.521889556978E-002  2.383610958835E+000 -1.936242364487E+001 -3.071199545974E+002
  8.621651735528E-002  2.364144044858E+000 -1.966193490586E+001 -2.933883868581E+002
  8.722087237602E-002  2.344250787506E+000 -1.994980394132E+001 -2.799104270477E+002
  8.823198299134E-002  2.323938514560E+000 -2.022610928514E+001 -2.666845140704E+002
  8.924987174107E-002  2.303214685049E+000 -2.049093216108E+001 -2.537090933765E+002
  9.027456134670E-002  2.282086885683E+000 -2.074435647062E+001 -2.409826141739E+002
  9.130607471240E-002  2.260562827191E+000 -2.098646877812E+001 -2.285035266906E+002
  9.234443492626E-002  2.238650340602E+000 -2.121735829329E+001 -2.162702794947E+002
  9.338966526132E-002  2.216357373439E+000 -2.143711685094E+001 -2.042813168827E+002
  9.444178917683E-002  2.193691985852E+000 -2.164583888790E+001 -1.925350763411E+002
  9.550083031933E-002  2.170662346688E+000 -2.184362141717E+001 -1.810299860894E+002
  9.656681252387E-002  2.147276729486E+000 -2.203056399919E+001 -1.697644627110E+002
  9.763975981519E-002  2.123543508420E+000 -2.220676871034E+001 -1.587369088786E+002
  9.871969640891E-002  2.099471154186E+000 -2.237234010850E+001 -1.479457111783E+002
  9.980664671274E-002  2.075068229829E+000 -2.252738519590E+001 -1.373892380389E+002
  1.009006353277E-001  2.050343386522E+000 -2.267201337905E+001 -1.270658377701E+002
  1.020016870494E-001  2.025305359300E+000 -2.280633642598E+001 -1.169738367141E+002
  1.031098268692E-001  1.999962962751E+000 -2.293046842067E+001 -1.071115375142E+002
  1.042250799756E-001  1.974325086662E+000 -2.304452571479E+001 -9.747721750347E+001
  1.053474717553E-001  1.948400691637E+000 -2.314862687685E+001 -8.806912721593E+001
  1.064770277946E-001  1.922198804680E+000 -2.324289263867E+001 -7.888548902311E+001
  1.076137738809E-001  1.895728514749E+000 -2.332744583942E+001 -6.992449589673E+001
  1.087577360036E-001  1.868998968287E+000 -2.340241136717E+001 -6.118431029962E+001
  1.099089403557E-001  1.842019364738E+000 -2.346791609809E+001 -5.266306320522E+001
  1.110674133350E-001  1.814798952042E+000 -2.352408883338E+001 -4.435885324621E+001
  1.122331815458E-001  1.787347022121E+000 -2.357106023400E+001 -3.626974599225E+001
  1.134062717995E-001  1.759672906362E+000 -2.360896275340E+001 -2.839377335629E+001
  1.145867111168E-001  1.731785971086E+000 -2.363793056816E+001 -2.072893312872E+001
  1.157745267286E-001  1.703695613037E+000 -2.365809950687E+001 -1.327318863802E+001
  1.169697460775E-001  1.675411254856E+000 -2.366960697717E+001 -6.024468536416E+000
  1.181723968193E-001  1.646942340581E+000 -2.367259189130E+001  1.019333291382E+000
  1.193825068243E-001  1.618298331154E+000 -2.366719458995E+001  7.860357698744E+000
  1.206001041787E-001  1.589488699944E+000 -2.365355676488E+001  1.450078012943E+001
  1.218252171865E-001  1.560522928298E+000 -2.363182138023E+001  2.094281035464E+001
  1.230578743703E-001  1.531410501115E+000 -2.360213259268E+001  2.718869209784E+001
  1.242981044731E-001  1.502160902450E+000 -2.356463567065E+001  3.324070255096E+001
  1.255459364600E-001  1.472783611151E+000 -2.351947691261E+001  3.910115178538E+001
  1.268013995194E-001  1.443288096535E+000 -2.346680356467E+001  4.477238206187E+001
  1.280645230647E-001  1.413683814109E+000 -2.340676373756E+001  5.025676704336E+001
  1.293353367356E-001  1.383980201325E+000 -2.333950632318E+001  5.555671091485E+001
  1.306138704000E-001  1.354186673396E+000 -2.326518091078E+001  6.067464741501E+001
  1.319001541553E-001  1.324312619156E+000 -2.318393770295E+001  6.561303878396E+001
  1.331942183303E-001  1.294367396979E+000 -2.309592743158E+001  7.037437463193E+001
  1.344960934863E-001  1.264360330749E+000 -2.300130127382E+001  7.496117073369E+001
  1.358058104191E-001  1.234300705901E+000 -2.290021076832E+001  7.937596775366E+001
  1.371234001607E-001  1.204197765520E+000 -2.279280773171E+001  8.362132990658E+001
  1.384488939805E-001  1.174060706507E+000 -2.267924417554E+001  8.769984355897E+001
  1.397823233874E-001  1.143898675813E+000 -2.255967222386E+001  9.161411577626E+001
  1.411237201313E-001  1.113720766753E+000 -2.243424403137E+001  9.536677282084E+001
  1.424731162050E-001  1.083536015378E+000 -2.230311170243E+001  9.896045860603E+001
  1.438305438454E-001  1.053353396943E+000 -2.216642721102E+001  1.023978331111E+002
  1.451960355357E-001  1.023181822435E+000 -2.202434232160E+001  1.056815707626E+002
  1.465696240072E-001  9.930301351927E-001 -2.187700851121E+001  1.088143587862E+002
  1.479513422405E-001  9.629071076031E-001 -2.172457689274E+001  1.117988955356E+002
  1.493412234681E-001  9.328214378825E-001 -2.156719813948E+001  1.146378888015E+002
  1.507393011753E-001  9.027817469416E-001 -2.140502241116E+001  1.173340541066E+002
  1.521456091027E-001  8.727965753373E-001 -2.123819928138E+001  1.198901129918E+002
  1.535601812478E-001  8.428743803103E-001 -2.106687766669E+001  1.223087912960E+002
  1.549830518669E-001  8.130235329118E-001 -2.089120575729E+001  1.245928174370E+002
  1.564142554766E-001  7.832523152179E-001 -2.071133094942E+001  1.267449206951E+002
  1.578538268564E-001  7.535689176339E-001 -2.052739977959E+001  1.287678295058E+002
  1.593018010499E-001  7.239814362886E-001 -2.033955786058E+001  1.306642697636E+002
  1.607582133673E-001  6.944978705178E-001 -2.014794981941E+001  1.324369631428E+002
  1.622230993867E-001  6.651261204393E-001 -1.995271923717E+001  1.340886254375E+002
  1.636964949568E-001  6.358739846179E-001 -1.975400859095E+001  1.356219649252E+002
  1.651784361984E-001  6.067491578208E-001 -1.955195919768E+001  1.370396807572E+002
  1.666689595063E-001  5.777592288631E-001 -1.934671116014E+001  1.383444613789E+002
  1.681681015517E-001  5.489116785439E-001 -1.913840331496E+001  1.395389829828E+002
  1.696758992842E-001  5.202138776709E-001 -1.892717318282E+001  1.406259079977E+002
  1.711923899335E-001  4.916730851750E-001 -1.871315692074E+001  1.416078836165E+002
  1.727176110118E-001  4.632964463128E-001 -1.849648927652E+001  1.424875403645E+002
  1.742516003158E-001  4.350909909563E-001 -1.827730354531E+001  1.432674907110E+002
  1.757943959287E-001  4.070636319701E-001 -1.805573152839E+001  1.439503277265E+002
  1.773460362227E-001  3.792211636741E-001 -1.783190349406E+001  1.445386237863E+002
  1.789065598608E-001  3.515702603903E-001 -1.760594814071E+001  1.450349293242E+002
  1.804760057990E-001  3.241174750744E-001 -1.737799256198E+001  1.454417716347E+002
  1.820544132889E-001  2.968692380293E-001 -1.714816221412E+001  1.457616537285E+002
  1.836418218792E-001  2.698318556991E-001 -1.691658088540E+001  1.459970532396E+002
  1.852382714189E-001  2.430115095447E-001 -1.668337066761E+001  1.461504213867E+002
  1.868438020586E-001  2.164142549957E-001 -1.644865192963E+001  1.462241819882E+002
  1.884584542535E-001  1.900460204812E-001 -1.621254329306E+001  1.462207305329E+002
  1.900822687655E-001  1.639126065352E-001 -1.597516160976E+001  1.461424333057E+002
  1.917152866652E-001  1.380196849759E-001 -1.573662194147E+001  1.459916265689E+002
  1.933575493349E-001  1.123727981580E-001 -1.549703754123E+001  1.457706157988E+002
  1.950090984705E-001  8.697735829550E-002 -1.525651983678E+001  1.454816749782E+002
  1.966699760840E-001  6.183864685368E-002 -1.501517841572E+001  1.451270459446E+002
  1.983402245061E-001  3.696181400880E-002 -1.477312101253E+001  1.447089377918E+002
  2.000198863884E-001  1.235187817356E-002 -1.453045349729E+001  1.442295263275E+002
  2.017090047061E-001 -1.198627441306E-002 -1.428727986607E+001  1.436909535840E+002
  2.034076227605E-001 -3.604789003353E-002 -1.404370223304E+001  1.430953273813E+002
  2.051157841813E-001 -5.982834777854E-002 -1.379982082409E+001  1.424447209429E+002
  2.068335329293E-001 -8.332315977455E-002 -1.355573397199E+001  1.417411725625E+002
  2.085609132993E-001 -1.065279713538E-001 -1.331153811312E+001  1.409866853204E+002
  2.102979699219E-001 -1.294385611685E-001 -1.306732778548E+001  1.401832268489E+002
  2.120447477670E-001 -1.520508412504E-001 -1.282319562817E+001  1.393327291447E+002
  2.138012921459E-001 -1.743608570180E-001 -1.257923238214E+001  1.384370884278E+002
  2.155676487143E-001 -1.963647872329E-001 -1.233552689219E+001  1.374981650448E+002
  2.173438634747E-001 -2.180589439056E-001 -1.209216611015E+001  1.365177834152E+002
  2.191299827795E-001 -2.394397721545E-001 -1.184923509926E+001  1.354977320194E+002
  2.209260533334E-001 -2.605038500175E-001 -1.160681703950E+001  1.344397634268E+002
  2.227321221965E-001 -2.812478882189E-001 -1.136499323409E+001  1.333455943613E+002
  2.245482367870E-001 -3.016687298925E-001 -1.112384311682E+001  1.322169058049E+002
  2.263744448840E-001 -3.217633502622E-001 -1.088344426041E+001  1.310553431345E+002
  2.282107946304E-001 -3.415288562821E-001 -1.064387238559E+001  1.298625162928E+002
  2.300573345358E-001 -3.609624862361E-001 -1.040520137113E+001  1.286399999907E+002
  2.319141134796E-001 -3.800616093000E-001 -1.016750326449E+001  1.273893339384E+002
  2.337811807137E-001 -3.988237250653E-001 -9.930848293235E+000  1.261120231049E+002
  2.356585858657E-001 -4.172464630278E-001 -9.695304877068E+000  1.248095380037E+002
  2.375463789419E-001 -4.353275820400E-001 -9.460939640483E+000  1.234833150025E+002
  2.394446103301E-001 -4.530649697306E-001 -9.227817425950E+000  1.221347566552E+002
  2.413533308032E-001 -4.704566418901E-001 -8.996001307613E+000  1.207652320555E+002
  2.432725915217E-001 -4.875007418251E-001 -8.765552605445E+000  1.193760772087E+002
  2.452024440374E-001 -5.041955396800E-001 -8.536530899824E+000  1.179685954215E+002
  2.471429402963E-001 -5.205394317301E-001 -8.308994046495E+000  1.165440577076E+002
  2.490941326418E-001 -5.365309396437E-001 -8.082998191859E+000  1.151037032073E+002
  2.510560738180E-001 -5.521687097159E-001 -7.858597788578E+000  1.136487396199E+002
  2.530288169732E-001 -5.674515120745E-001 -7.635845611440E+000  1.121803436468E+002
  2.550124156627E-001 -5.823782398574E-001 -7.414792773468E+000  1.106996614453E+002
  2.570069238527E-001 -5.969479083647E-001 -7.195488742229E+000  1.092078090890E+002
  2.590123959233E-001 -6.111596541829E-001 -6.977981356324E+000  1.077058730368E+002
  2.610288866721E-001 -6.250127342842E-001 -6.762316842022E+000  1.061949106060E+002
  2.630564513176E-001 -6.385065251003E-001 -6.548539830024E+000  1.046759504508E+002
  2.650951455027E-001 -6.516405215714E-001 -6.336693372323E+000  1.031499930429E+002
  2.671450252982E-001 -6.644143361704E-001 -6.126818959151E+000  1.016180111548E+002
  2.692061472063E-001 -6.768276979036E-001 -5.918956535979E+000  1.000809503437E+002
  2.712785681644E-001 -6.888804512872E-001 -5.713144520560E+000  9.853972943499E+001
  2.733623455485E-001 -7.005725553008E-001 -5.509419820008E+000  9.699524100491E+001
  2.754575371771E-001 -7.119040823177E-001 -5.307817847877E+000  9.544835186111E+001
  2.775642013146E-001 -7.228752170120E-001 -5.108372541248E+000  9.389990352030E+001
  2.796823966754E-001 -7.334862552441E-001 -4.911116377804E+000  9.235071268230E+001
  2.818121824272E-001 -7.437376029225E-001 -4.716080392879E+000  9.080157169966E+001
  2.839536181956E-001 -7.536297748453E-001 -4.523294196491E+000  8.925324904241E+001
  2.861067640671E-001 -7.631633935178E-001 -4.332785990323E+000  8.770648975705E+001
  2.882716805935E-001 -7.723391879503E-001 -4.144582584682E+000  8.616201591953E+001
  2.904484287958E-001 -7.811579924328E-001 -3.958709415401E+000  8.462052708149E+001
  2.926370701682E-001 -7.896207452899E-001 -3.775190560703E+000  8.308270070958E+001
  2.948376666818E-001 -7.977284876128E-001 -3.594048758015E+000  8.154919261729E+001
  2.970502807892E-001 -8.054823619723E-001 -3.415305420732E+000  8.002063738905E+001
  2.992749754281E-001 -8.128836111090E-001 -3.238980654934E+000  7.849764879639E+001
  3.015118140259E-001 -8.199335766048E-001 -3.065093276064E+000  7.698082020584E+001
  3.037608605035E-001 -8.266336975322E-001 -2.893660825551E+000  7.547072497852E+001
  3.060221792797E-001 -8.329855090848E-001 -2.724699587405E+000  7.396791686115E+001
  3.082958352758E-001 -8.389906411866E-001 -2.558224604764E+000  7.247293036851E+001
  3.105818939192E-001 -8.446508170823E-001 -2.394249696419E+000  7.098628115737E+001
  3.128804211487E-001 -8.499678519077E-001 -2.232787473303E+000  6.950846639164E+001
  3.151914834180E-001 -8.549436512403E-001 -2.073849354968E+000  6.803996509906E+001
  3.175151477009E-001 -8.595802096314E-001 -1.917445586033E+000  6.658123851936E+001
  3.198514814953E-001 -8.638796091188E-001 -1.763585252639E+000  6.513273044394E+001
  3.222005528283E-001 -8.678440177214E-001 -1.612276298882E+000  6.369486754733E+001
  3.245624302601E-001 -8.714756879152E-001 -1.463525543264E+000  6.226805971053E+001
  3.269371828894E-001 -8.747769550912E-001 -1.317338695143E+000  6.085270033633E+001
  3.293248803576E-001 -8.777502359964E-001 -1.173720371206E+000  5.944916665699E+001
  3.317255928537E-001 -8.803980271565E-001 -1.032674111961E+000  5.805782003433E+001
  3.341393911192E-001 -8.827229032827E-001 -8.942023982557E-001  5.667900625257E+001
  3.365663464529E-001 -8.847275156617E-001 -7.583066678398E-001  5.531305580414E+001
  3.390065307159E-001 -8.864145905299E-001 -6.249873319592E-001  5.396028416878E+001
  3.414600163363E-001 -8.877869274316E-001 -4.942437920046E-001  5.262099208613E+001
  3.439268763145E-001 -8.888473975632E-001 -3.660744562100E-001  5.129546582214E+001
  3.464071842282E-001 -8.895989421015E-001 -2.404767564109E-001  4.998397742966E+001
  3.489010142374E-001 -8.900445705197E-001 -1.174471648656E-001  4.868678500340E+001
  3.514084410898E-001 -8.901873588888E-001  3.018788854977E-003  4.740413292964E+001
  3.539295401259E-001 -8.900304481665E-001  1.209265009060E-001  4.613625213099E+001
  3.564643872842E-001 -8.895770424747E-001  2.362822761309E-001  4.488336030649E+001
  3.590130591069E-001 -8.888304073644E-001  3.490933109445E-001  4.364566216737E+001
  3.615756327448E-001 -8.877938680709E-001  4.593676761351E-001  4.242334966880E+001
  3.641521859632E-001 -8.864708077578E-001  5.671142995814E-001  4.121660223784E+001
  3.667427971473E-001 -8.848646657526E-001  6.723429488849E-001  4.002558699803E+001
  3.693475453076E-001 -8.829789357732E-001  7.750642139154E-001  3.885045899075E+001
  3.719665100860E-001 -8.808171641463E-001  8.752894892695E-001  3.769136139376E+001
  3.745997717609E-001 -8.783829480191E-001  9.730309566413E-001  3.654842573711E+001
  3.772474112534E-001 -8.756799335646E-001  1.068301567108E+000  3.542177211674E+001
  3.799095101331E-001 -8.727118141816E-001  1.161115023332E+000  3.431150940593E+001
  3.825861506238E-001 -8.694823286897E-001  1.251485761671E+000  3.321773546500E+001
  3.852774156096E-001 -8.659952595206E-001  1.339428934223E+000  3.214053734925E+001
  3.879833886411E-001 -8.622544309070E-001  1.424960390777E+000  3.107999151565E+001
  3.907041539409E-001 -8.582637070692E-001  1.508096660701E+000  3.003616402819E+001
  3.934397964105E-001 -8.540269904002E-001  1.588854934754E+000  2.900911076229E+001
  3.961904016361E-001 -8.495482196510E-001  1.667253046832E+000  2.799887760835E+001
  3.989560558949E-001 -8.448313681173E-001  1.743309455660E+000  2.700550067462E+001
  4.017368461617E-001 -8.398804418260E-001  1.817043226418E+000  2.602900648954E+001
  4.045328601149E-001 -8.346994777265E-001  1.888474012331E+000  2.506941220364E+001
  4.073441861437E-001 -8.292925418840E-001  1.957622036206E+000  2.412672579125E+001
  4.101709133538E-001 -8.236637276775E-001  2.024508071940E+000  2.320094625192E+001
  4.130131315750E-001 -8.178171540041E-001  2.089153426001E+000  2.229206381183E+001
  4.158709313670E-001 -8.117569634883E-001  2.151579918881E+000  2.140006012515E+001
  4.187444040269E-001 -8.054873206999E-001  2.211809866548E+000  2.052490847550E+001
  4.216336415958E-001 -7.990124103793E-001  2.269866061888E+000  1.966657397742E+001
  4.245387368658E-001 -7.923364356721E-001  2.325771756157E+000  1.882501377810E+001
  4.274597833869E-001 -7.854636163741E-001  2.379550640442E+000  1.800017725913E+001
  4.303968754741E-001 -7.783981871872E-001  2.431226827152E+000  1.719200623855E+001
  4.333501082151E-001 -7.711443959873E-001  2.480824831544E+000  1.640043517298E+001
  4.363195774768E-001 -7.637065021046E-001  2.528369553283E+000  1.562539135997E+001
  4.393053799131E-001 -7.560887746186E-001  2.573886258072E+000  1.486679514044E+001
  4.423076129724E-001 -7.482954906667E-001  2.617400559328E+000  1.412456010125E+001
  4.453263749047E-001 -7.403309337690E-001  2.658938399948E+000  1.339859327779E+001
  4.483617647698E-001 -7.321993921690E-001  2.698526034150E+000  1.268879535666E+001
  4.514138824444E-001 -7.239051571922E-001  2.736190009412E+000  1.199506087819E+001
  4.544828286302E-001 -7.154525216215E-001  2.771957148520E+000  1.131727843894E+001
  4.575687048617E-001 -7.068457780928E-001  2.805854531727E+000  1.065533089389E+001
  4.606716135142E-001 -6.980892175091E-001  2.837909479042E+000  1.000909555841E+001
  4.637916578118E-001 -6.891871274757E-001  2.868149532655E+000  9.378444409906E+000
  4.669289418353E-001 -6.801437907558E-001  2.896602439510E+000  8.763244288849E+000
  4.700835705309E-001 -6.709634837483E-001  2.923296134037E+000  8.163357099376E+000
  4.732556497182E-001 -6.616504749885E-001  2.948258721048E+000  7.578640009132E+000
  4.764452860985E-001 -6.522090236709E-001  2.971518458815E+000  7.008945648348E+000
  4.796525872639E-001 -6.426433781967E-001  2.993103742333E+000  6.454122308022E+000
  4.828776617050E-001 -6.329577747453E-001  3.013043086784E+000  5.914014137075E+000
  4.861206188205E-001 -6.231564358712E-001  3.031365111205E+000  5.388461338379E+000
  4.893815689254E-001 -6.132435691257E-001  3.048098522370E+000  4.877300363526E+000
  4.926606232602E-001 -6.032233657054E-001  3.063272098904E+000  4.380364106228E+000
  4.959578939999E-001 -5.930999991271E-001  3.076914675624E+000  3.897482094213E+000
  4.992734942630E-001 -5.828776239296E-001  3.089055128123E+000  3.428480679509E+000
  5.026075381207E-001 -5.725603744034E-001  3.099722357612E+000  2.973183226981E+000
  5.059601406064E-001 -5.621523633475E-001  3.108945276010E+000  2.531410301013E+000
  5.093314177250E-001 -5.516576808559E-001  3.116752791303E+000  2.102979850207E+000
  5.127214864626E-001 -5.410803931310E-001  3.123173793182E+000  1.687707389979E+000
  5.161304647959E-001 -5.304245413281E-001  3.128237138953E+000  1.285406182942E+000
  5.195584717022E-001 -5.196941404271E-001  3.131971639737E+000  8.958874169642E-001
  5.230056271692E-001 -5.088931781354E-001  3.134406046959E+000  5.189603807760E-001
  5.264720522050E-001 -4.980256138193E-001  3.135569039141E+000  1.544326370375E-001
  5.299578688483E-001 -4.870953774670E-001  3.135489208998E+000 -1.978898072551E-001
  5.334632001783E-001 -4.761063686799E-001  3.134195050831E+000 -5.382023331160E-001
  5.369881703256E-001 -4.650624556958E-001  3.131714948251E+000 -8.667015447718E-001
  5.405329044823E-001 -4.539674744418E-001  3.128077162209E+000 -1.183585107811E+000
  5.440975289128E-001 -4.428252276177E-001  3.123309819350E+000 -1.489051590370E+000
  5.476821709641E-001 -4.316394838104E-001  3.117440900688E+000 -1.783300307446E+000
  5.512869590774E-001 -4.204139766386E-001  3.110498230621E+000 -2.066531168407E+000
  5.549120227985E-001 -4.091524039283E-001  3.102509466262E+000 -2.338944527785E+000
  5.585574927889E-001 -3.978584269188E-001  3.093502087111E+000 -2.600741039424E+000
  5.622235008375E-001 -3.865356694994E-001  3.083503385061E+000 -2.852121514033E+000
  5.659101798716E-001 -3.751877174762E-001  3.072540454737E+000 -3.093286780233E+000
  5.696176639685E-001 -3.638181178700E-001  3.060640184178E+000 -3.324437549125E+000
  5.733460883672E-001 -3.524303782434E-001  3.047829245853E+000 -3.545774282447E+000
  5.770955894803E-001 -3.410279660592E-001  3.034134088013E+000 -3.757497064369E+000
  5.808663049055E-001 -3.296143080674E-001  3.019580926391E+000 -3.959805476951E+000
  5.846583734383E-001 -3.181927897230E-001  3.004195736230E+000 -4.152898479311E+000
  5.884719350837E-001 -3.067667546324E-001  2.988004244656E+000 -4.336974290534E+000
  5.923071310690E-001 -2.953395040298E-001  2.971031923382E+000 -4.512230276339E+000
  5.961641038558E-001 -2.839142962818E-001  2.953303981752E+000 -4.678862839535E+000
  6.000429971532E-001 -2.724943464212E-001  2.934845360116E+000 -4.837067314269E+000
  6.039439559304E-001 -2.610828257087E-001  2.915680723534E+000 -4.987037864088E+000
  6.078671264295E-001 -2.496828612228E-001  2.895834455818E+000 -5.128967383808E+000
  6.118126561791E-001 -2.382975354775E-001  2.875330653885E+000 -5.263047405206E+000
  6.157806940069E-001 -2.269298860667E-001  2.854193122451E+000 -5.389468006513E+000
  6.197713900541E-001 -2.155829053364E-001  2.832445369034E+000 -5.508417725714E+000
  6.237848957880E-001 -2.042595400822E-001  2.810110599275E+000 -5.620083477630E+000
  6.278213640166E-001 -1.929626912741E-001  2.787211712578E+000 -5.724650474777E+000
  6.318809489022E-001 -1.816952138058E-001  2.763771298048E+000 -5.822302151970E+000
  6.359638059756E-001 -1.704599162699E-001  2.739811630748E+000 -5.913220094640E+000
  6.400700921502E-001 -1.592595607574E-001  2.715354668243E+000 -5.997583970861E+000
  6.441999657370E-001 -1.480968626819E-001  2.690422047448E+000 -6.075571467014E+000
  6.483535864586E-001 -1.369744906270E-001  2.665035081763E+000 -6.147358227092E+000
  6.525311154647E-001 -1.258950662172E-001  2.639214758494E+000 -6.213117795563E+000
  6.567327153465E-001 -1.148611640118E-001  2.612981736555E+000 -6.273021563786E+000
  6.609585501525E-001 -1.038753114203E-001  2.586356344442E+000 -6.327238719905E+000
  6.652087854034E-001 -9.293998864070E-002  2.559358578480E+000 -6.375936202176E+000
  6.694835881080E-001 -8.205762861760E-002  2.532008101332E+000 -6.419278655686E+000
  6.737831267789E-001 -7.123061702206E-002  2.504324240762E+000 -6.457428392388E+000
  6.781075714485E-001 -6.046129225103E-002  2.476325988656E+000 -6.490545354414E+000
  6.824570936852E-001 -4.975194544642E-002  2.448032000279E+000 -6.518787080580E+000
  6.868318666096E-001 -3.910482053330E-002  2.419460593778E+000 -6.542308676044E+000
  6.912320649114E-001 -2.852211427650E-002  2.390629749919E+000 -6.561262785033E+000
  6.956578648660E-001 -1.800597635508E-002  2.361557112039E+000 -6.575799566585E+000
  7.001094443516E-001 -7.558509454228E-003  2.332259986230E+000 -6.586066673222E+000
  7.045869828664E-001  2.818230626029E-003  2.302755341729E+000 -6.592209232491E+000
  7.090906615461E-001  1.312223484594E-002  2.273059811517E+000 -6.594369831308E+000
  7.136206631812E-001  2.335154078538E-002  2.243189693112E+000 -6.592688503012E+000
  7.181771722357E-001  3.350423248809E-002  2.213160949565E+000 -6.587302717070E+000
  7.227603748644E-001  4.357844029134E-002  2.182989210630E+000 -6.578347371349E+000
  7.273704589315E-001  5.357234064152E-002  2.152689774124E+000 -6.565954786881E+000
  7.320076140295E-001  6.348415589624E-002  2.122277607454E+000 -6.550254705041E+000
  7.366720314977E-001  7.331215411347E-002  2.091767349308E+000 -6.531374287063E+000
  7.413639044413E-001  8.305464882831E-002  2.061173311511E+000 -6.509438115805E+000
  7.460834277508E-001  9.270999881780E-002  2.030509481029E+000 -6.484568199702E+000
  7.508307981215E-001  1.022766078544E-001  1.999789522120E+000 -6.456883978810E+000
  7.556062140732E-001  1.117529244486E-001  1.969026778622E+000 -6.426502332865E+000
  7.604098759705E-001  1.211374415812E-001  1.938234276379E+000 -6.393537591292E+000
  7.652419860431E-001  1.304286964258E-001  1.907424725786E+000 -6.358101545057E+000
  7.701027484060E-001  1.396252700619E-001  1.876610524460E+000 -6.320303460317E+000
  7.749923690810E-001  1.487257871793E-001  1.845803760018E+000 -6.280250093752E+000
  7.799110560171E-001  1.577289157737E-001  1.815016212968E+000 -6.238045709538E+000
  7.848590191124E-001  1.666333668350E-001  1.784259359693E+000 -6.193792097852E+000
  7.898364702358E-001  1.754378940277E-001  1.753544375539E+000 -6.147588594852E+000
  7.948436232486E-001  1.841412933645E-001  1.722882137984E+000 -6.099532104046E+000
  7.998806940270E-001  1.927424028735E-001  1.692283229890E+000 -6.049717118978E+000
  8.049479004846E-001  2.012401022586E-001  1.661757942838E+000 -5.998235747157E+000
  8.100454625952E-001  2.096333125555E-001  1.631316280525E+000 -5.945177735155E+000
  8.151736024160E-001  2.179209957809E-001  1.600967962233E+000 -5.890630494798E+000
  8.203325441110E-001  2.261021545776E-001  1.570722426357E+000 -5.834679130389E+000
  8.255225139746E-001  2.341758318556E-001  1.540588833984E+000 -5.777406466879E+000
  8.307437404560E-001  2.421411104277E-001  1.510576072526E+000 -5.718893078928E+000
  8.359964541833E-001  2.499971126424E-001  1.480692759392E+000 -5.659217320789E+000
  8.412808879885E-001  2.577430000133E-001  1.450947245707E+000 -5.598455356941E+000
  8.465972769320E-001  2.653779728446E-001  1.421347620056E+000 -5.536681193413E+000
  8.519458583285E-001  2.729012698549E-001  1.391901712265E+000 -5.473966709737E+000
  8.573268717726E-001  2.803121677977E-001  1.362617097207E+000 -5.410381691465E+000
  8.627405591648E-001  2.876099810803E-001  1.333501098623E+000 -5.345993863193E+000
  8.681871647376E-001  2.947940613804E-001  1.304560792966E+000 -5.280868922032E+000
  8.736669350829E-001  3.018637972614E-001  1.275803013257E+000 -5.215070571472E+000
  8.791801191785E-001  3.088186137865E-001  1.247234352943E+000 -5.148660555583E+000
  8.847269684160E-001  3.156579721310E-001  1.218861169772E+000 -5.081698693504E+000
  8.903077366283E-001  3.223813691948E-001  1.190689589655E+000 -5.014242914158E+000
  8.959226801184E-001  3.289883372136E-001  1.162725510540E+000 -4.946349291161E+000
  9.015720576873E-001  3.354784433695E-001  1.134974606266E+000 -4.878072077857E+000
  9.072561306635E-001  3.418512894024E-001  1.107442330424E+000 -4.809463742453E+000
  9.129751629322E-001  3.481065112200E-001  1.080133920193E+000 -4.740575003198E+000
  9.187294209652E-001  3.542437785095E-001  1.053054400165E+000 -4.671454863563E+000
  9.245191738511E-001  3.602627943483E-001  1.026208586161E+000 -4.602150647394E+000
  9.303446933257E-001  3.661632948161E-001  9.996010890101E-001 -4.532708033979E+000
  9.362062538036E-001  3.719450486070E-001  9.732363183262E-001 -4.463171093015E+000
  9.421041324088E-001  3.776078566431E-001  9.471184862429E-001 -4.393582319424E+000
  9.480386090075E-001  3.831515516882E-001  9.212516111311E-001 -4.323982667989E+000
  9.540099662399E-001  3.885759979633E-001  8.956395212849E-001 -4.254411587779E+000
  9.600184895530E-001  3.938810907625E-001  8.702858585761E-001 -4.184907056339E+000
  9.660644672342E-001  3.990667560704E-001  8.451940820775E-001 -4.115505613602E+000
  9.721481904447E-001  4.041329501815E-001  8.203674716506E-001 -4.046242395513E+000
  9.782699532537E-001  4.090796593194E-001  7.958091314988E-001 -3.977151167332E+000
  9.844300526731E-001  4.139068992590E-001  7.715219936823E-001 -3.908264356588E+000
  9.906287886927E-001  4.186147149495E-001  7.475088215959E-001 -3.839613085677E+000
  9.968664643158E-001  4.232031801386E-001  7.237722134061E-001 -3.771227204069E+000
  1.003143385595E+000  4.276723969993E-001  7.003146054485E-001 -3.703135320116E+000
  1.009459861670E+000  4.320224957572E-001  6.771382755837E-001 -3.635364832434E+000
  1.015816204803E+000  4.362536343203E-001  6.542453465105E-001 -3.567941960861E+000
  1.022212730417E+000  4.403659979100E-001  6.316377890369E-001 -3.500891776951E+000
  1.028649757135E+000  4.443597986939E-001  6.093174253070E-001 -3.434238234016E+000
  1.035127606818E+000  4.482352754205E-001  5.872859319841E-001 -3.368004196695E+000
  1.041646604604E+000  4.519926930550E-001  5.655448433897E-001 -3.302211470030E+000
  1.048207078948E+000  4.556323424176E-001  5.440955545976E-001 -3.236880828063E+000
  1.054809361664E+000  4.591545398228E-001  5.229393244826E-001 -3.172032041923E+000
  1.061453787962E+000  4.625596267208E-001  5.020772787253E-001 -3.107683907412E+000
  1.068140696494E+000  4.658479693401E-001  4.815104127704E-001 -3.043854272080E+000
  1.074870429395E+000  4.690199583319E-001  4.612395947413E-001 -2.980560061783E+000
  1.081643332322E+000  4.720760084167E-001  4.412655683081E-001 -2.917817306726E+000
  1.088459754505E+000  4.750165580310E-001  4.215889555124E-001 -2.855641166980E+000
  1.095320048782E+000  4.778420689771E-001  4.022102595463E-001 -2.794045957487E+000
  1.102224571653E+000  4.805530260734E-001  3.831298674871E-001 -2.733045172534E+000
  1.109173683316E+000  4.831499368064E-001  3.643480529885E-001 -2.672651509712E+000
  1.116167747721E+000  4.856333309840E-001  3.458649789279E-001 -2.612876893357E+000
  1.123207132611E+000  4.880037603905E-001  3.276807000098E-001 -2.553732497469E+000
  1.130292209573E+000  4.902617984423E-001  3.097951653273E-001 -2.495228768120E+000
  1.137423354084E+000  4.924080398453E-001  2.922082208813E-001 -2.437375445355E+000
  1.144600945560E+000  4.944431002537E-001  2.749196120567E-001 -2.380181584581E+000
  1.151825367405E+000  4.963676159288E-001  2.579289860591E-001 -2.323655577459E+000
  1.159097007063E+000  4.981822434007E-001  2.412358943102E-001 -2.267805172303E+000
  1.166416256069E+000  4.998876591293E-001  2.248397948026E-001 -2.212637493984E+000
  1.173783510095E+000  5.014845591674E-001  2.087400544168E-001 -2.158159063353E+000
  1.181199169012E+000  5.029736588240E-001  1.929359511983E-001 -2.104375816193E+000
  1.188663636935E+000  5.043556923294E-001  1.774266765978E-001 -2.051293121695E+000
  1.196177322279E+000  5.056314125001E-001  1.622113376732E-001 -1.998915800479E+000
  1.203740637818E+000  5.068015904051E-001  1.472889592560E-001 -1.947248142158E+000
  1.211354000735E+000  5.078670150330E-001  1.326584860817E-001 -1.896293922457E+000
  1.219017832681E+000  5.088284929589E-001  1.183187848849E-001 -1.846056419904E+000
  1.226732559833E+000  5.096868480134E-001  1.042686464607E-001 -1.796538432077E+000
  1.234498612950E+000  5.104429209508E-001  9.050678769169E-002 -1.747742291450E+000
  1.242316427433E+000  5.110975691185E-001  7.703185354318E-002 -1.699669880817E+000
  1.250186443388E+000  5.116516661269E-001  6.384241902557E-002 -1.652322648322E+000
  1.258109105679E+000  5.121061015195E-001  5.093699112573E-002 -1.605701622093E+000
  1.266084863999E+000  5.124617804434E-001  3.831401070768E-002 -1.559807424496E+000
  1.274114172926E+000  5.127196233206E-001  2.597185438332E-002 -1.514640286018E+000
  1.282197491990E+000  5.128805655189E-001  1.390883635398E-002 -1.470200058780E+000
  1.290335285734E+000  5.129455570239E-001  2.123210223464E-003 -1.426486229704E+000
  1.298528023786E+000  5.129155621105E-001 -9.386829216841E-003 -1.383497933330E+000
  1.306776180919E+000  5.127915590152E-001 -2.062314422999E-002 -1.341233964294E+000
  1.315080237120E+000  5.125745396082E-001 -3.158765240207E-002 -1.299692789486E+000
  1.323440677664E+000  5.122655090659E-001 -4.228232493679E-002 -1.258872559887E+000
  1.331857993175E+000  5.118654855434E-001 -5.270918497529E-002 -1.218771122093E+000
  1.340332679704E+000  5.113754998473E-001 -6.287030594075E-002 -1.179386029547E+000
  1.348865238797E+000  5.107965951083E-001 -7.276780990720E-002 -1.140714553468E+000
  1.357456177571E+000  5.101298264543E-001 -8.240386599188E-002 -1.102753693509E+000
  1.366106008782E+000  5.093762606830E-001 -9.178068877073E-002 -1.065500188131E+000
  1.374815250909E+000  5.085369759351E-001 -1.009005367165E-001 -1.028950524710E+000
  1.383584428224E+000  5.076130613671E-001 -1.097657106588E-001 -9.931009493901E-001
  1.392414070872E+000  5.066056168246E-001 -1.183785522660E-001 -9.579474766823E-001
  1.401304714948E+000  5.055157525150E-001 -1.267414425483E-001 -9.234858988166E-001
  1.410256902580E+000  5.043445886806E-001 -1.348568003813E-001 -8.897117948599E-001
  1.419271182008E+000  5.030932552717E-001 -1.427270810501E-001 -8.566205396039E-001
  1.428348107668E+000  5.017628916198E-001 -1.503547748137E-001 -8.242073122282E-001
  1.437488240275E+000  5.003546461102E-001 -1.577424054884E-001 -7.924671047480E-001
  1.446692146911E+000  4.988696758554E-001 -1.648925290508E-001 -7.613947302509E-001
  1.455960401104E+000  4.973091463680E-001 -1.718077322600E-001 -7.309848309294E-001
  1.465293582927E+000  4.956742312337E-001 -1.784906312981E-001 -7.012318859154E-001
  1.474692279079E+000  4.939661117842E-001 -1.849438704291E-001 -6.721302189213E-001
  1.484157082978E+000  4.921859767705E-001 -1.911701206762E-001 -6.436740056942E-001
  1.493688594856E+000  4.903350220360E-001 -1.971720785163E-001 -6.158572812876E-001
  1.503287421848E+000  4.884144501894E-001 -2.029524645933E-001 -5.886739471557E-001
  1.512954178094E+000  4.864254702779E-001 -2.085140224475E-001 -5.621177780753E-001
  1.522689484827E+000  4.843692974604E-001 -2.138595172631E-001 -5.361824288999E-001
  1.532493970480E+000  4.822471526809E-001 -2.189917346324E-001 -5.108614411492E-001
  1.542368270780E+000  4.800602623419E-001 -2.239134793369E-001 -4.861482494398E-001
  1.552313028853E+000  4.778098579774E-001 -2.286275741451E-001 -4.620361877595E-001
  1.562328895326E+000  4.754971759269E-001 -2.331368586266E-001 -4.385184955894E-001
  1.572416528431E+000  4.731234570091E-001 -2.374441879834E-001 -4.155883238780E-001
  1.582576594115E+000  4.706899461954E-001 -2.415524318965E-001 -3.932387408692E-001
  1.592809766145E+000  4.681978922840E-001 -2.454644733890E-001 -3.714627377886E-001
  1.603116726218E+000  4.656485475742E-001 -2.491832077058E-001 -3.502532343904E-001
  1.613498164078E+000  4.630431675406E-001 -2.527115412082E-001 -3.296030843682E-001
  1.623954777622E+000  4.603830105077E-001 -2.560523902853E-001 -3.095050806313E-001
  1.634487273025E+000  4.576693373245E-001 -2.592086802808E-001 -2.899519604507E-001
  1.645096364848E+000  4.549034110401E-001 -2.621833444348E-001 -2.709364104758E-001
  1.655782776168E+000  4.520864965781E-001 -2.649793228427E-001 -2.524510716243E-001
  1.666547238688E+000  4.492198604132E-001 -2.675995614276E-001 -2.344885438484E-001
  1.677390492873E+000  4.463047702462E-001 -2.700470109300E-001 -2.170413907777E-001
  1.688313288066E+000  4.433424946809E-001 -2.723246259115E-001 -2.001021442424E-001
  1.699316382620E+000  4.403343029002E-001 -2.744353637741E-001 -1.836633086773E-001
  1.710400544029E+000  4.372814643435E-001 -2.763821837949E-001 -1.677173654093E-001
  1.721566549058E+000  4.341852483836E-001 -2.781680461757E-001 -1.522567768292E-001
  1.732815183877E+000  4.310469240048E-001 -2.797959111071E-001 -1.372739904507E-001
  1.744147244202E+000  4.278677594810E-001 -2.812687378482E-001 -1.227614428563E-001
  1.755563535430E+000  4.246490220542E-001 -2.825894838206E-001 -1.087115635337E-001
  1.767064872781E+000  4.213919776140E-001 -2.837611037173E-001 -9.511677860183E-002
  1.778652081442E+000  4.180978903771E-001 -2.847865486256E-001 -8.196951443075E-002
  1.790325996715E+000  4.147680225673E-001 -2.856687651656E-001 -6.926220115367E-002
  1.802087464166E+000  4.114036340966E-001 -2.864106946416E-001 -5.698727607498E-002
  1.813937339772E+000  4.080059822464E-001 -2.870152722089E-001 -4.513718697428E-002
  1.825876490081E+000  4.045763213497E-001 -2.874854260539E-001 -3.370439530816E-002
  1.837905792365E+000  4.011159024734E-001 -2.878240765885E-001 -2.268137931104E-002
  1.850026134778E+000  3.976259731019E-001 -2.880341356583E-001 -1.206063699632E-002
  1.862238416525E+000  3.941077768210E-001 -2.881185057643E-001 -1.834689059199E-003
  1.874543548019E+000  3.905625530029E-001 -2.880800792980E-001  8.003918317449E-003
  1.886942451054E+000  3.869915364916E-001 -2.879217377903E-001  1.746261075283E-002
  1.899436058973E+000  3.833959572895E-001 -2.876463511732E-001  2.654878305222E-002
  1.912025316845E+000  3.797770402445E-001 -2.872567770541E-001  3.526979668382E-002
  1.924711181638E+000  3.761360047386E-001 -2.867558600040E-001  4.363297734698E-002
  1.937494622402E+000  3.724740643764E-001 -2.861464308574E-001  5.164561263039E-002
  1.950376620452E+000  3.687924266763E-001 -2.854313060247E-001  5.931494975874E-002
  1.963358169552E+000  3.650922927607E-001 -2.846132868175E-001  6.664819342624E-002
  1.976440276109E+000  3.613748570492E-001 -2.836951587851E-001  7.365250371561E-002
  1.989623959360E+000  3.576413069517E-001 -2.826796910636E-001  8.033499410073E-002
  2.002910251577E+000  3.538928225636E-001 -2.815696357362E-001  8.670272953148E-002
  2.016300198259E+000  3.501305763614E-001 -2.803677272048E-001  9.276272459897E-002
  2.029794858340E+000  3.463557329008E-001 -2.790766815733E-001  9.852194177952E-002
  2.043395304396E+000  3.425694485153E-001 -2.776991960417E-001  1.039872897556E-001
  2.057102622856E+000  3.387728710167E-001 -2.762379483108E-001  1.091656218118E-001
  2.070917914217E+000  3.349671393974E-001 -2.746955959979E-001  1.140637343046E-001
  2.084842293261E+000  3.311533835342E-001 -2.730747760624E-001  1.186883652027E-001
  2.098876889283E+000  3.273327238939E-001 -2.713781042422E-001  1.230461926979E-001
  2.113022846310E+000  3.235062712408E-001 -2.696081744996E-001  1.271438338831E-001
  2.127281323341E+000  3.196751263464E-001 -2.677675584771E-001  1.309878434956E-001
  2.141653494575E+000  3.158403797009E-001 -2.658588049634E-001  1.345847127251E-001
  2.156140549656E+000  3.120031112273E-001 -2.638844393678E-001  1.379408680818E-001
  2.170743693911E+000  3.081643899977E-001 -2.618469632045E-001  1.410626703261E-001
  2.185464148607E+000  3.043252739517E-001 -2.597488535865E-001  1.439564134537E-001
  2.200303151197E+000  3.004868096184E-001 -2.575925627274E-001  1.466283237380E-001
  2.215261955581E+000  2.966500318400E-001 -2.553805174526E-001  1.490845588249E-001
  2.230341832367E+000  2.928159634991E-001 -2.531151187197E-001  1.513312068792E-001
  2.245544069142E+000  2.889856152489E-001 -2.507987411461E-001  1.533742857806E-001
  2.260869970742E+000  2.851599852465E-001 -2.484337325468E-001  1.552197423663E-001
  2.276320859530E+000  2.813400588896E-001 -2.460224134794E-001  1.568734517197E-001
  2.291898075679E+000  2.775268085566E-001 -2.435670767979E-001  1.583412165013E-001
  2.307602977460E+000  2.737211933512E-001 -2.410699872147E-001  1.596287663215E-001
  2.323436941540E+000  2.699241588497E-001 -2.385333808713E-001  1.607417571523E-001
  2.339401363274E+000  2.661366368537E-001 -2.359594649168E-001  1.616857707759E-001
  2.355497657016E+000  2.623595451460E-001 -2.333504170947E-001  1.624663142698E-001
  2.371727256428E+000  2.585937872518E-001 -2.307083853386E-001  1.630888195238E-001
  2.388091614797E+000  2.548402522042E-001 -2.280354873758E-001  1.635586427900E-001
  2.404592205358E+000  2.510998143150E-001 -2.253338103394E-001  1.638810642622E-001
  2.421230521622E+000  2.473733329498E-001 -2.226054103894E-001  1.640612876838E-001
  2.438008077714E+000  2.436616523102E-001 -2.198523123423E-001  1.641044399821E-001
  2.454926408713E+000  2.399656012193E-001 -2.170765093092E-001  1.640155709281E-001
  2.471987071003E+000  2.362859929151E-001 -2.142799623439E-001  1.637996528197E-001
  2.489191642624E+000  2.326236248488E-001 -2.114646000994E-001  1.634615801874E-001
  2.506541723641E+000  2.289792784899E-001 -2.086323184941E-001  1.630061695210E-001
  2.524038936507E+000  2.253537191376E-001 -2.057849803884E-001  1.624381590159E-001
  2.541684926444E+000  2.217476957390E-001 -2.029244152703E-001  1.617622083385E-001
  2.559481361827E+000  2.181619407148E-001 -2.000524189522E-001  1.609828984094E-001
  2.577429934572E+000  2.145971697918E-001 -1.971707532776E-001  1.601047312026E-001
  2.595532360540E+000  2.110540818427E-001 -1.942811458400E-001  1.591321295620E-001
  2.613790379943E+000  2.075333587351E-001 -1.913852897118E-001  1.580694370324E-001
  2.632205757760E+000  2.040356651865E-001 -1.884848431855E-001  1.569209177053E-001
  2.650780284158E+000  2.005616486294E-001 -1.855814295278E-001  1.556907560799E-001
  2.669515774928E+000  1.971119390836E-001 -1.826766367452E-001  1.543830569368E-001
  2.688414071925E+000  1.936871490384E-001 -1.797720173633E-001  1.530018452269E-001
  2.707477043518E+000  1.902878733429E-001 -1.768690882194E-001  1.515510659726E-001
  2.726706585047E+000  1.869146891062E-001 -1.739693302695E-001  1.500345841832E-001
  2.746104619295E+000  1.835681556064E-001 -1.710741884091E-001  1.484561847848E-001
  2.765673096964E+000  1.802488142102E-001 -1.681850713096E-001  1.468195725624E-001
  2.785413997161E+000  1.769571883014E-001 -1.653033512699E-001  1.451283721181E-001
  2.805329327899E+000  1.736937832204E-001 -1.624303640845E-001  1.433861278428E-001
  2.825421126601E+000  1.704590862136E-001 -1.595674089273E-001  1.415963039035E-001
  2.845691460623E+000  1.672535663932E-001 -1.567157482533E-001  1.397622842467E-001
  2.866142427776E+000  1.640776747077E-001 -1.538766077178E-001  1.378873726179E-001
  2.886776156875E+000  1.609318439237E-001 -1.510511761130E-001  1.359747925987E-001
  2.907594808280E+000  1.578164886184E-001 -1.482406053244E-001  1.340276876623E-001
  2.928600574467E+000  1.547320051827E-001 -1.454460103057E-001  1.320491212483E-001
  2.949795680597E+000  1.516787718366E-001 -1.426684690730E-001  1.300420768572E-001
  2.971182385105E+000  1.486571486551E-001 -1.399090227205E-001  1.280094581673E-001
  2.992762980296E+000  1.456674776059E-001 -1.371686754553E-001  1.259540891729E-001
  3.014539792958E+000  1.427100825990E-001 -1.344483946544E-001  1.238787143478E-001
  3.036515184988E+000  1.397852695469E-001 -1.317491109426E-001  1.217859988322E-001
  3.058691554023E+000  1.368933264376E-001 -1.290717182930E-001  1.196785286472E-001
  3.081071334099E+000  1.340345234185E-001 -1.264170741491E-001  1.175588109367E-001
  3.103656996309E+000  1.312091128919E-001 -1.237859995701E-001  1.154292742373E-001
  3.126451049484E+000  1.284173296228E-001 -1.211792793987E-001  1.132922687799E-001
  3.149456040888E+000  1.256593908575E-001 -1.185976624530E-001  1.111500668222E-001
  3.172674556926E+000  1.229354964543E-001 -1.160418617412E-001  1.090048630138E-001
  3.196109223865E+000  1.202458290252E-001 -1.135125547002E-001  1.068587747967E-001
  3.219762708576E+000  1.175905540891E-001 -1.110103834583E-001  1.047138428399E-001
  3.243637719289E+000  1.149698202364E-001 -1.085359551215E-001  1.025720315120E-001
  3.267737006362E+000  1.123837593042E-001 -1.060898420845E-001  1.004352293911E-001
  3.292063363076E+000  1.098324865625E-001 -1.036725823651E-001  9.830524981333E-002
  3.316619626434E+000  1.073161009111E-001 -1.012846799631E-001  9.618383146260E-002
  3.341408677987E+000  1.048346850868E-001 -9.892660524277E-002  9.407263900022E-002
  3.366433444679E+000  1.023883058808E-001 -9.659879533942E-002  9.197326373701E-002
  3.391696899702E+000  9.997701436598E-002 -9.430165458945E-002  8.988722434797E-002
  3.417202063379E+000  9.760084613352E-002 -9.203555498352E-002  8.781596763020E-002
  3.442952004065E+000  9.525982153894E-002 -8.980083664290E-002  8.576086930478E-002
  3.468949839059E+000  9.295394595698E-002 -8.759780831826E-002  8.372323486289E-002
  3.495198735552E+000  9.068321004492E-002 -8.542674791062E-002  8.170430045663E-002
  3.521701911582E+000  8.844759001405E-002 -8.328790301383E-002  7.970523383452E-002
  3.548462637020E+000  8.624704790873E-002 -8.118149147813E-002  7.772713532184E-002
  3.575484234572E+000  8.408153189280E-002 -7.910770199401E-002  7.577103884571E-002
  3.602770080809E+000  8.195097654273E-002 -7.706669469571E-002  7.383791300447E-002
  3.630323607217E+000  7.985530314703E-002 -7.505860178362E-002  7.192866218109E-002
  3.658148301271E+000  7.779442001158E-002 -7.308352816472E-002  7.004412770004E-002
  3.686247707537E+000  7.576822277015E-002 -7.114155211016E-002  6.818508902668E-002
  3.714625428793E+000  7.377659469981E-002 -6.923272592906E-002  6.635226500855E-002
  3.743285127184E+000  7.181940704052E-002 -6.735707665746E-002  6.454631515719E-002
  3.772230525397E+000  6.989651931845E-002 -6.551460676151E-002  6.276784096953E-002
  3.801465407866E+000  6.800777967242E-002 -6.370529485356E-002  6.101738728728E-002
  3.830993622005E+000  6.615302518296E-002 -6.192909642025E-002  5.929544369284E-002
  3.860819079470E+000  6.433208220332E-002 -6.018594456117E-002  5.760244594002E-002
  3.890945757450E+000  6.254476669197E-002 -5.847575073707E-002  5.593877741772E-002
  3.921377699988E+000  6.079088454592E-002 -5.679840552607E-002  5.430477064454E-002
  3.952119019336E+000  5.907023193430E-002 -5.515377938681E-002  5.270070879215E-002
  3.983173897337E+000  5.738259563171E-002 -5.354172342709E-002  5.112682723524E-002
  4.014546586845E+000  5.572775335058E-002 -5.196207017652E-002  4.958331512548E-002
  4.046241413173E+000  5.410547407222E-002 -5.041463436205E-002  4.807031698708E-002
  4.078262775585E+000  5.251551837578E-002 -4.889921368465E-002  4.658793433129E-002
  4.110615148813E+000  5.095763876472E-002 -4.741558959604E-002  4.513622728692E-002
  4.143303084620E+000  4.943157999019E-002 -4.596352807378E-002  4.371521624434E-002
  4.176331213391E+000  4.793707937082E-002 -4.454278039349E-002  4.232488350968E-002
  4.209704245774E+000  4.647386710843E-002 -4.315308389662E-002  4.096517496653E-002
  4.243426974351E+000  4.504166659912E-002 -4.179416275251E-002  3.963600174186E-002
  4.277504275353E+000  4.364019473943E-002 -4.046572871321E-002  3.833724187316E-002
  4.311941110423E+000  4.226916222691E-002 -3.916748185984E-002  3.706874197369E-002
  4.346742528412E+000  4.092827385495E-002 -3.789911133897E-002  3.583031889245E-002
  4.381913667228E+000  3.961722880124E-002 -3.666029608784E-002  3.462176136603E-002
  4.417459755726E+000  3.833572090972E-002 -3.545070554711E-002  3.344283165890E-002
  4.453386115645E+000  3.708343896559E-002 -3.427000035991E-002  3.229326718907E-002
  4.489698163598E+000  3.586006696308E-002 -3.311783305597E-002  3.117278213603E-002
  4.526401413105E+000  3.466528436581E-002 -3.199384871979E-002  3.008106902791E-002
  4.563501476684E+000  3.349876635952E-002 -3.089768564175E-002  2.901780030473E-002
  4.601004067991E+000  3.236018409688E-002 -2.982897595105E-002  2.798262985498E-002
  4.638915004011E+000  3.124920493444E-002 -2.878734622981E-002  2.697519452249E-002
  4.677240207311E+000  3.016549266139E-002 -2.777241810717E-002  2.599511558104E-002
  4.715985708351E+000  2.910870772035E-002 -2.678380883286E-002  2.504200017383E-002
  4.755157647843E+000  2.807850741987E-002 -2.582113182933E-002  2.411544271562E-002
  4.794762279187E+000  2.707454613898E-002 -2.488399722208E-002  2.321502625482E-002
  4.834805970953E+000  2.609647552359E-002 -2.397201234738E-002  2.234032379357E-002
  4.875295209443E+000  2.514394467501E-002 -2.308478223716E-002  2.149089956362E-002
  4.916236601308E+000  2.421660033072E-002 -2.222191008067E-002  2.066631025620E-002
  4.957636876237E+000  2.331408703756E-002 -2.138299766263E-002  1.986610620404E-002
  4.999502889720E+000  2.243604731749E-002 -2.056764577767E-002  1.908983251413E-002
  5.041841625875E+000  2.158212182641E-002 -1.977545462123E-002  1.833703014986E-002
  5.084660200360E+000  2.075194950610E-002 -1.900602415666E-002  1.760723696134E-002
  5.127965863354E+000  1.994516772979E-002 -1.825895445884E-002  1.689998866307E-002
  5.171766002619E+000  1.916141244166E-002 -1.753384603457E-002  1.621481975810E-002
  5.216068146649E+000  1.840031829070E-002 -1.683030011996E-002  1.555126440837E-002
  5.260879967894E+000  1.766151875937E-002 -1.614791895522E-002  1.490885725069E-002
  5.306209286078E+000  1.694464628751E-002 -1.548630603755E-002  1.428713415848E-002
  5.352064071605E+000  1.624933239202E-002 -1.484506635250E-002  1.368563294930E-002
  5.398452449055E+000  1.557520778276E-002 -1.422380658456E-002  1.310389403848E-002
  5.445382700775E+000  1.492190247523E-002 -1.362213530780E-002  1.254146103951E-002
  5.492863270572E+000  1.428904590064E-002 -1.303966315733E-002  1.199788131180E-002
  5.540902767504E+000  1.367626701374E-002 -1.247600298245E-002  1.147270645688E-002
  5.589509969774E+000  1.308319439919E-002 -1.193076998253E-002  1.096549276408E-002
  5.638693828737E+000  1.250945637680E-002 -1.140358182656E-002  1.047580160709E-002
  5.688463473008E+000  1.195468110648E-002 -1.089405875755E-002  1.000319979283E-002
  5.738828212699E+000  1.141849669312E-002 -1.040182368279E-002  9.547259864324E-003
  5.789797543759E+000  1.090053129223E-002 -9.926502251185E-003  9.107560359392E-003
  5.841381152447E+000  1.040041321677E-002 -9.467722918817E-003  8.683686027096E-003
  5.893588919926E+000  9.917771045599E-003 -9.025117004019E-003  8.275228004031E-003
  5.946430926988E+000  9.452233734195E-003 -8.598318733084E-003  7.881783952656E-003
  5.999917458910E+000  9.003430728005E-003 -8.186965277901E-003  7.502958163959E-003
  6.054059010457E+000  8.570992078898E-003 -7.790696786752E-003  7.138361626852E-003
  6.108866291020E+000  8.154548565125E-003 -7.409156409456E-003  6.787612066728E-003
  6.164350229902E+000  7.753731815161E-003 -7.041990318105E-003  6.450333955713E-003
  6.220521981762E+000  7.368174435741E-003 -6.688847724545E-003  6.126158497139E-003
  6.277392932215E+000  6.997510144384E-003 -6.349380895756E-003  5.814723586829E-003
  6.334974703589E+000  6.641373906639E-003 -6.023245168243E-003  5.515673753752E-003
  6.393279160860E+000  6.299402078235E-003 -5.710098962496E-003  5.228660082627E-003
  6.452318417752E+000  5.971232552267E-003 -5.409603798514E-003  4.953340121022E-003
  6.512104843026E+000  5.656504911497E-003 -5.121424313341E-003  4.689377773436E-003
  6.572651066946E+000  5.354860585791E-003 -4.845228281489E-003  4.436443184814E-003
  6.633969987942E+000  5.065943014643E-003 -4.580686639046E-003  4.194212615882E-003
  6.696074779472E+000  4.789397814704E-003 -4.327473512175E-003  3.962368312566E-003
  6.758978897091E+000  4.524872952130E-003 -4.085266250666E-003  3.740598371703E-003
  6.822696085726E+000  4.272018919560E-003 -3.853745467062E-003  3.528596605119E-003
  6.887240387180E+000  4.030488917410E-003 -3.632595081823E-003  3.326062404027E-003
  6.952626147859E+000  3.799939039162E-003 -3.421502374896E-003  3.132700605569E-003
  7.018868026732E+000  3.580028460237E-003 -3.220158043929E-003  2.948221363185E-003
  7.085981003543E+000  3.370419629993E-003 -3.028256269326E-003  2.772340022340E-003
  7.153980387268E+000  3.170778466329E-003 -2.845494786179E-003  2.604777002979E-003
  7.222881824836E+000  2.980774552344E-003 -2.671574963056E-003  2.445257689921E-003
  7.292701310121E+000  2.800081334397E-003 -2.506201887514E-003  2.293512332237E-003
  7.363455193219E+000  2.628376320945E-003 -2.349084458104E-003  2.149275952479E-003
  7.435160190001E+000  2.465341281413E-003 -2.199935482554E-003  2.012288266470E-003
  7.507833391988E+000  2.310662444375E-003 -2.058471781708E-003  1.882293614175E-003
  7.581492276516E+000  2.164030694251E-003 -1.924414298734E-003  1.759040902021E-003
  7.656154717242E+000  2.025141765713E-003 -1.797488213020E-003  1.642283556845E-003
  7.731838994973E+000  1.893696434975E-003 -1.677423058099E-003  1.531779491524E-003
  7.808563808847E+000  1.769400707106E-003 -1.563952842888E-003  1.427291082121E-003
  7.886348287874E+000  1.651965998517E-003 -1.456816175449E-003  1.328585156309E-003
  7.965212002848E+000  1.541109313744E-003 -1.355756388439E-003  1.235432992613E-003
  8.045174978646E+000  1.436553415674E-003 -1.260521665349E-003  1.147610329940E-003
  8.126257706932E+000  1.338026988352E-003 -1.170865166622E-003  1.064897386699E-003
  8.208481159274E+000  1.245264791528E-003 -1.086545154678E-003  9.870788887245E-004
  8.291866800694E+000  1.158007806135E-003 -1.007325116882E-003  9.139441051118E-004
  8.376436603664E+000  1.076003369892E-003 -9.329738854551E-004  8.452868909700E-004
  8.462213062574E+000  9.990053022933E-004 -8.632657533437E-004  7.809057360423E-004
  8.549219208676E+000  9.267740182599E-004 -7.979805850585E-004  7.206038180676E-004
  8.637478625536E+000  8.590766297975E-004 -7.369039215181E-004  6.641890597150E-004
  8.727015464999E+000  7.956870350450E-004 -6.798270779527E-004  6.114741878873E-004
  8.817854463709E+000  7.363859941657E-004 -6.265472339600E-004  5.622767941682E-004
  8.910020960175E+000  6.809611915985E-004 -5.768675148495E-004  5.164193951847E-004
  9.003540912431E+000  6.292072842518E-004 -5.305970634629E-004  4.737294916603E-004
  9.098440916308E+000  5.809259353038E-004 -4.875511017174E-004  4.340396249590E-004
  9.194748224321E+000  5.359258333473E-004 -4.475509811872E-004  3.971874299520E-004
  9.292490765233E+000  4.940226967009E-004 -4.104242221120E-004  3.630156830849E-004
  9.391697164283E+000  4.550392627929E-004 -3.760045403006E-004  3.313723445845E-004
  9.492396764138E+000  4.188052626104E-004 -3.441318614859E-004  3.021105938085E-004
  9.594619646576E+000  3.851573802949E-004 -3.146523227738E-004  2.750888568231E-004
  9.698396654938E+000  3.539391980529E-004 -2.874182609270E-004  2.501708253815E-004
  9.803759417385E+000  3.250011266394E-004 -2.622881873177E-004  2.272254665669E-004
  9.910740370981E+000  2.982003217576E-004 -2.391267494828E-004  2.061270224720E-004
  1.001937278665E+001  2.734005868055E-004 -2.178046793167E-004  1.867549993895E-004
  1.012969079502E+001  2.504722624807E-004 -1.981987280338E-004  1.689941460996E-004
  1.024172941323E+001  2.292921038350E-004 -1.801915881318E-004  1.527344209584E-004
  1.035552457272E+001  2.097431454457E-004 -1.636718026848E-004  1.378709476023E-004
  1.047111314798E+001  1.917145554397E-004 -1.485336623883E-004  1.243039592023E-004
  1.058853298647E+001  1.751014791718E-004 -1.346770908656E-004  1.119387313167E-004
  1.070782293953E+001  1.598048734163E-004 -1.220075188339E-004  1.006855035025E-004
  1.082902289454E+001  1.457313319834E-004 -1.104357478046E-004  9.045938995589E-005
  1.095217380826E+001  1.327929037151E-004 -9.987780406623E-005  8.118027955713E-005
  1.107731774137E+001  1.209069038512E-004 -9.025478376367E-005  7.277272579251E-005
  1.120449789442E+001  1.099957197842E-004 -8.149268994622E-005  6.516582712038E-005
  1.133375864507E+001  9.998661224188E-005 -7.352226250425E-005  5.829309843087E-005
  1.146514558681E+001  9.081151294454E-005 -6.627880195636E-005  5.209233432593E-005
  1.159870556913E+001  8.240681978756E-005 -5.970198807926E-005  4.650546501287E-005
  1.173448673928E+001  7.471319059060E-005 -5.373569439385E-005  4.147840566134E-005
  1.187253858566E+001  6.767533643878E-005 -4.832779953292E-005  3.696090012068E-005
  1.201291198287E+001  6.124181561566E-005 -4.342999651733E-005  3.290635993026E-005
  1.215565923859E+001  5.536482909379E-005 -3.899760095975E-005  2.927169958070E-005
  1.230083414231E+001  5.000001850645E-005 -3.498935919677E-005  2.601716899803E-005
  1.244849201595E+001  4.510626747465E-005 -3.136725732370E-005  2.310618422602E-005
  1.259868976657E+001  4.064550710641E-005 -2.809633206975E-005  2.050515727429E-005
  1.275148594119E+001  3.658252642232E-005 -2.514448440706E-005  1.818332608217E-005
  1.290694078384E+001  3.288478839240E-005 -2.248229673443E-005  1.611258552006E-005
  1.306511629490E+001  2.952225219587E-005 -2.008285441719E-005  1.426732031287E-005
  1.322607629292E+001  2.646720223777E-005 -1.792157239892E-005  1.262424072405E-005
  1.338988647898E+001  2.369408437606E-005 -1.597602752914E-005  1.116222178471E-005
  1.355661450375E+001  2.117934973066E-005 -1.422579717572E-005  9.862146791253E-006
  1.372633003727E+001  1.890130636265E-005 -1.265230461159E-005  8.706755727794E-006
  1.389910484176E+001  1.683997902886E-005 -1.123867158345E-005  7.680499197581E-006
  1.407501284743E+001  1.497697713559E-005 -9.969578387920E-006  6.769398371287E-006
  1.425413023161E+001  1.329537093563E-005 -8.831131697159E-006  5.960911381245E-006
  1.443653550117E+001  1.177957593647E-005 -7.810740294098E-006  5.243806509976E-006
  1.462230957852E+001  1.041524541594E-005 -6.896998797301E-006  4.608042440250E-006
  1.481153589140E+001  9.189170874253E-006 -6.079579378335E-006  4.044655753356E-006
  1.500430046649E+001  8.089190190473E-006 -5.349131401407E-006  3.545655783533E-006
  1.520069202718E+001  7.104103196785E-006 -4.697188846718E-006  3.103926860440E-006
  1.540080209569E+001  6.223594336420E-006 -4.116085316315E-006  2.713137899387E-006
  1.560472509963E+001  5.438162030961E-006 -3.598876364911E-006  2.367659231462E-006
  1.581255848342E+001  4.739054350493E-006 -3.139268848673E-006  2.062486503638E-006
  1.602440282470E+001  4.118210555687E-006 -2.731556942883E-006  1.793171423028E-006
  1.624036195599E+001  3.568208064513E-006 -2.370564444870E-006  1.555759070268E-006
  1.646054309190E+001  3.082214387631E-006 -2.051592951925E-006  1.346731464959E-006
  1.668505696224E+001  2.653943575483E-006 -1.770375484945E-006  1.162957031442E-006
  1.691401795117E+001  2.277616726082E-006 -1.523035117339E-006  1.001645586150E-006
  1.714754424293E+001  1.947926115197E-006 -1.306048164804E-006  8.603084481979E-007
  1.738575797433E+001  1.660002529116E-006 -1.116211494677E-006  7.367232627854E-007
  1.762878539445E+001  1.409385403943E-006 -9.506135231339E-007  6.289031219197E-007
  1.787675703191E+001  1.191995403486E-006 -8.066084838420E-007  5.350695686623E-007
  1.812980787015E+001  1.004109099346E-006 -6.817935721409E-007  4.536290789172E-007
  1.838807753110E+001  8.423354509449E-007 -5.739885935979E-007  3.831526281595E-007
  1.865171046781E+001  7.035938190100E-007 -4.812177739933E-007  3.223579687037E-007
  1.892085616642E+001  5.850932824524E-007 -4.016934186124E-007  2.700942653874E-007
  1.919566935809E+001  4.843130648728E-007 -3.338011412367E-007  2.253287630648E-007
  1.947631024137E+001  3.989839121741E-007 -2.760864166002E-007  1.871351872638E-007
  1.976294471571E+001  3.270702962542E-007 -2.272422434694E-007  1.546836089143E-007
  2.005574462663E+001  2.667533508058E-007 -1.860977381595E-007  1.272315344113E-007
  2.035488802332E+001  2.164144733335E-007 -1.516075095265E-007  1.041160126829E-007
  2.066055942930E+001  1.746195521641E-007 -1.228416956697E-007  8.474658067678E-008
  2.097295012706E+001  1.401037981780E-007 -9.897656926166E-008  6.859889716673E-008
  2.129225845729E+001  1.117571780602E-007 -7.928564219604E-008  5.520894146162E-008
  2.161869013374E+001  8.861045899738E-008 -6.313122086023E-008  4.416767806160E-008
  2.195245857462E+001  6.982188403675E-008 -4.995638063806E-008  3.511611022083E-008
  2.229378525140E+001  5.466450293958E-008 -3.927734220688E-008  2.774066452895E-008
  2.264290005632E+001  4.251418562254E-008 -3.067624288070E-008  2.176886490502E-008
  2.300004168951E+001  3.283834454462E-008 -2.379430384006E-008  1.696526779960E-008
  2.336545806705E+001  2.518538911619E-008 -1.832539883298E-008  1.312764100323E-008
  2.373940675129E+001  1.917492986294E-008 -1.401003214947E-008  1.008337642776E-008
  2.412215540475E+001  1.448874318106E-008 -1.062973373440E-008  7.686132787456E-009
  2.451398226921E+001  1.086249958457E-008 -8.001877610499E-009  5.812707542458E-009
  2.491517667142E+001  8.078249865409E-009 -5.974926748890E-009  4.360139092505E-009
  2.532603955735E+001  5.957655024377E-009 -4.424103557336E-009  3.243040360892E-009
  2.574688405660E+001  4.355937595965E-009 -3.247480645924E-009  2.391163925913E-009
  2.617803607920E+001  3.156524432838E-009 -2.362481830441E-009  1.747197069819E-009
  2.661983494664E+001  2.266344414575E-009 -1.702778755464E-009  1.264782829785E-009
  2.707263405971E+001  1.611739104891E-009 -1.215564318899E-009  9.067606257758E-010
  2.753680160532E+001  1.134940230150E-009 -8.591804565915E-010  6.436175401437E-010
  2.801272130518E+001  7.910650451382E-010 -6.010749393431E-010  4.521390220519E-010
  2.850079320900E+001  5.455791780845E-010 -4.160597271428E-010  3.142458279788E-010
  2.900143453541E+001  3.721763355670E-010 -2.848421445871E-010  2.160024827509E-010
  2.951508056378E+001  2.510251809325E-010 -1.927996678039E-010  1.467815051894E-010
  3.004218558064E+001  1.673356223915E-010 -1.289693876804E-010  9.856710095595E-011
  3.058322388437E+001  1.101994803178E-010 -8.522414725018E-011  6.538196212848E-011
  3.113869085248E+001  7.166385652219E-011 -5.560883212603E-011  4.282118214148E-011
  3.170910407585E+001  4.599930954257E-011 -3.581219953205E-011  2.767803123434E-011
  3.229500456485E+001  2.912896620590E-011 -2.275183826522E-011  1.764736550472E-011
  3.289695803249E+001  1.818880444840E-011 -1.425223763144E-011  1.109368157715E-011
  3.351555626047E+001  1.119338173597E-011 -8.798397229969E-012  6.872199611296E-012
  3.415141855403E+001  6.785139747763E-012 -5.349835417752E-012  4.192786724000E-012
  3.480519329257E+001  4.048999478638E-012 -3.202174007183E-012  2.517957175886E-012
  3.547755958299E+001  2.377209428590E-012 -1.885630738253E-012  1.487552783834E-012
  3.616922902393E+001  1.372286756076E-012 -1.091698513092E-012  8.639774704879E-013
  3.688094758921E+001  7.783836854531E-013 -6.210078690627E-013  4.930066775480E-013
  3.761349763993E+001  4.335246085733E-013 -3.468484969510E-013  2.762001852735E-013
  3.836770007534E+001  2.369135554061E-013 -1.900710974448E-013  1.518104128333E-013
  3.914441663347E+001  1.269379386021E-013 -1.021163857891E-013  8.180042578452E-014
  3.994455235367E+001  6.663017333553E-014 -5.374409649522E-014  4.317569254403E-014
  4.076905821405E+001  3.423444816668E-014 -2.768581377722E-014  2.230429385241E-014
  4.161893395835E+001  1.720222989855E-014 -1.394734246945E-014  1.126730283296E-014
  4.249523112779E+001  8.445616897920E-015 -6.864829900623E-015  5.560716298272E-015
  4.339905631520E+001  4.047419257453E-015 -3.297976282815E-015  2.678530152037E-015
  4.433157466006E+001  1.891374794293E-015 -1.544889516680E-015  1.257970763508E-015
  4.529401360538E+001  8.609104119661E-016 -7.048686031979E-016  5.754159698653E-016
  4.628766693861E+001  3.812607176117E-016 -3.128836326753E-016  2.560555410787E-016
  4.731389914191E+001  1.640761265368E-016 -1.349575784355E-016  1.107142730356E-016
  4.837415007871E+001  6.852899427990E-017 -5.649346011860E-017  4.645552480988E-017
  4.946994004686E+001  2.774113907804E-017 -2.291929177593E-017  1.889085189204E-017
  5.060287523143E+001  1.086869383747E-017 -8.998887249512E-018  7.434110971639E-018
  5.177465359367E+001  4.115098790878E-018 -3.414350068828E-018  2.826944648218E-018
  5.298707123650E+001  1.503286679465E-018 -1.249879072726E-018  1.037112455482E-018
  5.424202929116E+001  5.289689507329E-019 -4.406940201284E-019  3.664574720341E-019
  5.554154137419E+001  1.789658186671E-019 -1.493965399778E-019  1.244904135586E-019
  5.688774166961E+001  5.810849606692E-020 -4.860226735630E-020  4.058276340311E-020
  5.828289369667E+001  1.807036354975E-020 -1.514305489511E-020  1.266979104164E-020
  5.972939983075E+001  5.370642256020E-021 -4.509060818361E-021  3.780023052560E-021
  6.122981165190E+001  1.522068813067E-021 -1.280239573752E-021  1.075310534841E-021
  6.278684120462E+001  4.103416876570E-022 -3.457672027883E-022  2.909665097617E-022
  6.440337326150E+001  1.049658439886E-022 -8.860367357637E-023  7.469819361568E-023
  6.608247869451E+001  2.540721506316E-023 -2.148379493949E-023  1.814477065901E-023
  6.782742906960E+001  5.802442261688E-024 -4.914732307202E-024  4.158203607313E-024
  6.964171259434E+001  1.246417167808E-024 -1.057481355438E-024  8.962467831504E-025
  7.152905156377E+001  2.510026664733E-025 -2.133011945281E-025  1.810844312817E-025
  7.349342146763E+001  4.721945835632E-026 -4.019085554790E-026  3.417686698781E-026
  7.553907194217E+001  8.267052084717E-027 -7.047484040023E-027  6.002619381359E-027
  7.767054977292E+001  1.341564327763E-027 -1.145402740215E-027  9.771280057213E-028
  7.989272418113E+001  2.009197908424E-028 -1.717983784578E-028  1.467857703531E-028
  8.221081465675E+001  2.764189649876E-029 -2.367011491401E-029  2.025453641809E-029
  8.463042163523E+001  3.476023908146E-030 -2.980837132808E-030  2.554482289720E-030
  8.715756035520E+001  3.974134932623E-031 -3.412778100347E-031  2.928878331688E-031
  8.979869827958E+001  4.107213228642E-032 -3.531911686603E-032  3.035413953437E-032
  9.256079651532E+001  3.813336873077E-033 -3.283615484951E-033  2.825931452831E-033
  9.545135572765E+001  3.159480564038E-034 -2.724174580806E-034  2.347643618168E-034
  9.847846711487E+001  2.319258395539E-035 -2.002296054962E-035  1.727827304442E-035
  1.016508690915E+002  1.496665981068E-036 -1.293754620813E-036  1.117856075493E-036
  1.049780104220E+002  8.419510021412E-038 -7.287018369986E-038  6.304245661621E-038
  1.084701206579E+002  4.091438007076E-039 -3.545384686464E-039  3.071025897992E-039
  1.121382888606E+002  1.700591487526E-040 -1.475367555520E-040  1.279513774878E-040
  1.159945517414E+002  5.981345758552E-042 -5.195180451166E-042  4.510845691552E-042
  1.200519925308E+002  1.759570549680E-043 -1.530025750010E-043  1.330015923946E-043
  1.243248520934E+002  4.274724580854E-045 -3.721169939647E-045  3.238371971831E-045
  1.288286540551E+002  8.458440521890E-047 -7.371062824977E-047  6.421773933514E-047
  1.335803459987E+002  1.342726548424E-048 -1.171345797422E-048  1.021589498451E-048
  1.385984591287E+002  1.681975753050E-050 -1.468806028454E-050  1.282363168595E-050
  1.439032892205E+002  1.632757139797E-052 -1.427259850704E-052  1.247366274900E-052
  1.495171021587E+002  1.204101777308E-054 -1.053588711812E-054  9.217128573418E-055
  1.554643679592E+002  6.600227097930E-057 -5.780735382896E-057  5.062098616463E-057
  1.617720278763E+002  2.625206525379E-059 -2.301409812977E-059  2.017223355586E-059
  1.684698000514E+002  7.378253476529E-062 -6.474115340086E-062  5.679925820397E-062
  1.755905301928E+002  1.422955206490E-064 -1.249696891260E-064  1.097384844345E-064
  1.831705950299E+002  1.822918295056E-067 -1.602350814212E-067  1.408295796173E-067
  1.912503678195E+002  1.496304680461E-070 -1.316369571542E-070  1.157940458005E-070
  1.998747570544E+002  7.560085005318E-074 -6.656446513879E-074  5.860210194231E-074
  2.090938318328E+002  2.248326871501E-077 -1.981179674750E-077  1.745610429540E-077
  2.189635501945E+002  3.743716290898E-081 -3.301465542537E-081  2.911209344215E-081
  2.295466102647E+002  3.300069678001E-085 -2.912441829885E-085  2.570145649930E-085
  2.409134484547E+002  1.446036924491E-089 -1.277129174441E-089  1.127872033105E-089
  2.531434144886E+002  2.934051615980E-094 -2.593197315094E-094  2.291795809731E-094
  2.663261599835E+002  2.544374281258E-099 -2.250361819631E-099  1.990210440996E-099
  2.805632861191E+002  8.611288093371E-105 -7.621391511858E-105  6.744942507498E-105
  2.959703071532E+002  1.025819407442E-110 -9.084963958787E-111  8.045548521499E-111
  3.126790009236E+002  3.823050793834E-117 -3.387972986240E-117  3.002286217065E-117
  3.308402360200E+002  3.894806609763E-124 -3.453701914363E-124  3.062443156422E-124
  3.506273893903E+002  9.288581767787E-132 -8.241552521894E-132  7.312311158994E-132
  3.722404996260E+002  4.335979891289E-140 -3.849454693073E-140  3.417423455834E-140
  3.959113426415E+002  3.219941367792E-149 -2.860249917589E-149  2.540674924190E-149
  4.219096715122E+002  2.988238669770E-159 -2.655872171537E-159  2.360421104723E-159
  4.505509359373E+002  2.613401271685E-170 -2.323944352321E-170  2.066507511191E-170
  4.822058963204E+002  1.545721849011E-182 -1.375215146386E-182  1.223496324537E-182
  5.173126831536E+002  4.177396971308E-196 -3.718405259152E-196  3.309797223191E-196
  5.563920392209E+002  3.236826867495E-211 -2.882532230702E-211  2.566985627772E-211
  6.000667421536E+002  4.117974184765E-228 -3.668885545359E-228  3.268737505449E-228
  6.490865708786E+002  4.396621796027E-247 -3.918841181281E-247  3.492948995120E-247
  7.043607010442E+002  1.745643368674E-268 -1.556590261087E-268  1.388000838803E-268
  7.670001674974E+002  9.532649958094E-293 -8.503641325268E-293  7.585660286247E-293
  8.383741345464E+002  0.000000000000E+000  0.000000000000E+000  0.000000000000E+000
  9.201853543213E+002  0.000000000000E+000  0.000000000000E+000  0.000000000000E+000
  1.014572672318E+003  0.000000000000E+000  0.000000000000E+000  0.000000000000E+000
  1.124252254996E+003  0.000000000000E+000  0.000000000000E+000  0.000000000000E+000
  1.252715205428E+003  0.000000000000E+000  0.000000000000E+000  0.000000000000E+000
  1.404508845568E+003  0.000000000000E+000  0.000000000000E+000  0.000000000000E+000
  1.585644739908E+003  0.000000000000E+000  0.000000000000E+000  0.000000000000E+000
  1.804203189488E+003  0.000000000000E+000  0.000000000000E+000  0.000000000000E+000
  2.071250249814E+003  0.000000000000E+000  0.000000000000E+000  0.000000000000E+000
  2.402266552340E+003  0.000000000000E+000  0.000000000000E+000  0.000000000000E+000
  2.819442449497E+003  0.000000000000E+000  0.000000000000E+000  0.000000000000E+000
  3.355496240167E+003  0.000000000000E+000  0.000000000000E+000  0.000000000000E+000
  4.060290442982E+003  0.000000000000E+000  0.000000000000E+000  0.000000000000E+000
  5.012860622227E+003  0.000000000000E+000  0.000000000000E+000  0.000000000000E+000
  6.344578802016E+003  0.000000000000E+000  0.000000000000E+000  0.000000000000E+000
  8.287000878586E+003  0.000000000000E+000  0.000000000000E+000  0.000000000000E+000
  1.127976970933E+004  0.000000000000E+000  0.000000000000E+000  0.000000000000E+000
  1.624316171036E+004  0.000000000000E+000  0.000000000000E+000  0.000000000000E+000
  2.538031516868E+004  0.000000000000E+000  0.000000000000E+000  0.000000000000E+000
  4.512107881524E+004  0.000000000000E+000  0.000000000000E+000  0.000000000000E+000
  1.015232606647E+005  0.000000000000E+000  0.000000000000E+000  0.000000000000E+000
  4.060950426526E+005  0.000000000000E+000  0.000000000000E+000  0.000000000000E+000
