# 1st line: number of mesh points
# abcissa wavefunction wavefunction_1st wavefunction_2nd
1000
# Principal QN=   4 , l=   0 , Occupation=   1.9990
  2.462477732966E-006  1.870700455137E+001 -7.500803413517E+002  2.658738495623E+004
  9.849959442330E-006  1.870146407200E+001 -7.498839570166E+002  2.657940299253E+004
  2.216259066178E-005  1.869223304177E+001 -7.495567764994E+002  2.656610578039E+004
  3.940061395432E-005  1.867931611073E+001 -7.490989897138E+002  2.654750240330E+004
  6.156436892224E-005  1.866271978281E+001 -7.485108622439E+002  2.652360556307E+004
  8.865429222131E-005  1.864245240975E+001 -7.477927350492E+002  2.649443156477E+004
  1.206709175794E-004  1.861852418327E+001 -7.469450240862E+002  2.646000029745E+004
  1.576148758184E-004  1.859094712551E+001 -7.459682198475E+002  2.642033521058E+004
  1.994868948811E-004  1.855973507781E+001 -7.448628868188E+002  2.637546328631E+004
  2.462877998613E-004  1.852490368775E+001 -7.436296628546E+002  2.632541500766E+004
  2.980185130383E-004  1.848647039461E+001 -7.422692584736E+002  2.627022432249E+004
  3.546800539158E-004  1.844445441307E+001 -7.407824560755E+002  2.620992860352E+004
  4.162735392647E-004  1.839887671541E+001 -7.391701090795E+002  2.614456860439E+004
  4.828001831694E-004  1.834976001206E+001 -7.374331409867E+002  2.607418841172E+004
  5.542612970792E-004  1.829712873060E+001 -7.355725443676E+002  2.599883539347E+004
  6.306582898628E-004  1.824100899318E+001 -7.335893797763E+002  2.591856014343E+004
  7.119926678676E-004  1.818142859258E+001 -7.314847745934E+002  2.583341642215E+004
  7.982660349828E-004  1.811841696665E+001 -7.292599217984E+002  2.574346109429E+004
  8.894800927067E-004  1.805200517143E+001 -7.269160786754E+002  2.564875406244E+004
  9.856366402179E-004  1.798222585287E+001 -7.244545654526E+002  2.554935819764E+004
  1.086737574451E-003  1.790911321717E+001 -7.218767638783E+002  2.544533926669E+004
  1.192784890174E-003  1.783270299988E+001 -7.191841157360E+002  2.533676585620E+004
  1.303780680078E-003  1.775303243372E+001 -7.163781212997E+002  2.522370929374E+004
  1.419727134858E-003  1.767014021520E+001 -7.134603377339E+002  2.510624356607E+004
  1.540626543307E-003  1.758406647008E+001 -7.104323774387E+002  2.498444523455E+004
  1.666481292416E-003  1.749485271773E+001 -7.072959063440E+002  2.485839334798E+004
  1.797293867468E-003  1.740254183447E+001 -7.040526421549E+002  2.472816935291E+004
  1.933066852148E-003  1.730717801584E+001 -7.007043525508E+002  2.459385700163E+004
  2.073802928647E-003  1.720880673800E+001 -6.972528533418E+002  2.445554225787E+004
  2.219504877777E-003  1.710747471819E+001 -6.937000065840E+002  2.431331320053E+004
  2.370175579090E-003  1.700322987440E+001 -6.900477186582E+002  2.416725992536E+004
  2.525818010992E-003  1.689612128418E+001 -6.862979383134E+002  2.401747444500E+004
  2.686435250879E-003  1.678619914284E+001 -6.824526546790E+002  2.386405058730E+004
  2.852030475254E-003  1.667351472093E+001 -6.785138952484E+002  2.370708389220E+004
  3.022606959872E-003  1.655812032110E+001 -6.744837238367E+002  2.354667150736E+004
  3.198168079872E-003  1.644006923446E+001 -6.703642385170E+002  2.338291208249E+004
  3.378717309917E-003  1.631941569644E+001 -6.661575695358E+002  2.321590566287E+004
  3.564258224347E-003  1.619621484223E+001 -6.618658772133E+002  2.304575358185E+004
  3.754794497325E-003  1.607052266182E+001 -6.574913498302E+002  2.287255835282E+004
  3.950329902993E-003  1.594239595482E+001 -6.530362015037E+002  2.269642356056E+004
  4.150868315631E-003  1.581189228495E+001 -6.485026700575E+002  2.251745375225E+004
  4.356413709820E-003  1.567906993441E+001 -6.438930148867E+002  2.233575432833E+004
  4.566970160612E-003  1.554398785806E+001 -6.392095148230E+002  2.215143143323E+004
  4.782541843700E-003  1.540670563760E+001 -6.344544660007E+002  2.196459184629E+004
  5.003133035593E-003  1.526728343568E+001 -6.296301797287E+002  2.177534287290E+004
  5.228748113801E-003  1.512578195013E+001 -6.247389803701E+002  2.158379223602E+004
  5.459391557015E-003  1.498226236821E+001 -6.197832032333E+002  2.139004796842E+004
  5.695067945303E-003  1.483678632110E+001 -6.147651924757E+002  2.119421830545E+004
  5.935781960296E-003  1.468941583853E+001 -6.096872990258E+002  2.099641157881E+004
  6.181538385392E-003  1.454021330375E+001 -6.045518785232E+002  2.079673611133E+004
  6.432342105956E-003  1.438924140879E+001 -5.993612892817E+002  2.059530011280E+004
  6.688198109528E-003  1.423656311006E+001 -5.941178902766E+002  2.039221157725E+004
  6.949111486034E-003  1.408224158443E+001 -5.888240391601E+002  2.018757818150E+004
  7.215087428003E-003  1.392634018574E+001 -5.834820903054E+002  1.998150718543E+004
  7.486131230784E-003  1.376892240185E+001 -5.780943928846E+002  1.977410533379E+004
  7.762248292776E-003  1.361005181224E+001 -5.726632889798E+002  1.956547875997E+004
  8.043444115654E-003  1.344979204622E+001 -5.671911117322E+002  1.935573289158E+004
  8.329724304602E-003  1.328820674179E+001 -5.616801835296E+002  1.914497235818E+004
  8.621094568555E-003  1.312535950520E+001 -5.561328142355E+002  1.893330090112E+004
  8.917560720438E-003  1.296131387120E+001 -5.505512994610E+002  1.872082128563E+004
  9.219128677417E-003  1.279613326411E+001 -5.449379188821E+002  1.850763521540E+004
  9.525804461149E-003  1.262988095966E+001 -5.392949346035E+002  1.829384324946E+004
  9.837594198038E-003  1.246262004763E+001 -5.336245895711E+002  1.807954472174E+004
  1.015450411950E-002  1.229441339542E+001 -5.279291060346E+002  1.786483766328E+004
  1.047654056222E-002  1.212532361249E+001 -5.222106840618E+002  1.764981872709E+004
  1.080370996845E-002  1.195541301565E+001 -5.164715001053E+002  1.743458311589E+004
  1.113601888623E-002  1.178474359543E+001 -5.107137056242E+002  1.721922451269E+004
  1.147347396972E-002  1.161337698327E+001 -5.049394257609E+002  1.700383501434E+004
  1.181608197948E-002  1.144137441980E+001 -4.991507580735E+002  1.678850506803E+004
  1.216384978272E-002  1.126879672409E+001 -4.933497713268E+002  1.657332341091E+004
  1.251678435364E-002  1.109570426393E+001 -4.875385043408E+002  1.635837701276E+004
  1.287489277369E-002  1.092215692712E+001 -4.817189648975E+002  1.614375102182E+004
  1.323818223191E-002  1.074821409384E+001 -4.758931287081E+002  1.592952871382E+004
  1.360666002522E-002  1.057393461010E+001 -4.700629384398E+002  1.571579144419E+004
  1.398033355872E-002  1.039937676218E+001 -4.642303028020E+002  1.550261860353E+004
  1.435921034603E-002  1.022459825221E+001 -4.583970956943E+002  1.529008757630E+004
  1.474329800963E-002  1.004965617483E+001 -4.525651554142E+002  1.507827370284E+004
  1.513260428113E-002  9.874606994875E+000 -4.467362839256E+002  1.486725024457E+004
  1.552713700165E-002  9.699506526211E+000 -4.409122461882E+002  1.465708835259E+004
  1.592690412217E-002  9.524409911581E+000 -4.350947695472E+002  1.444785703942E+004
  1.633191370382E-002  9.349371603573E+000 -4.292855431827E+002  1.423962315411E+004
  1.674217391826E-002  9.174445346642E+000 -4.234862176190E+002  1.403245136052E+004
  1.715769304806E-002  8.999684160188E+000 -4.176984042935E+002  1.382640411890E+004
  1.757847948698E-002  8.825140322695E+000 -4.119236751835E+002  1.362154167061E+004
  1.800454174044E-002  8.650865356911E+000 -4.061635624916E+002  1.341792202603E+004
  1.843588842578E-002  8.476910016054E+000 -4.004195583874E+002  1.321560095566E+004
  1.887252827273E-002  8.303324271036E+000 -3.946931148063E+002  1.301463198421E+004
  1.931447012370E-002  8.130157298688E+000 -3.889856433034E+002  1.281506638784E+004
  1.976172293425E-002  7.957457470968E+000 -3.832985149609E+002  1.261695319437E+004
  2.021429577341E-002  7.785272345131E+000 -3.776330603497E+002  1.242033918640E+004
  2.067219782411E-002  7.613648654851E+000 -3.719905695419E+002  1.222526890735E+004
  2.113543838356E-002  7.442632302263E+000 -3.663722921752E+002  1.203178467035E+004
  2.160402686371E-002  7.272268350906E+000 -3.607794375652E+002  1.183992656985E+004
  2.207797279156E-002  7.102601019552E+000 -3.552131748663E+002  1.164973249594E+004
  2.255728580967E-002  6.933673676885E+000 -3.496746332795E+002  1.146123815125E+004
  2.304197567655E-002  6.765528837013E+000 -3.441649023040E+002  1.127447707046E+004
  2.353205226706E-002  6.598208155785E+000 -3.386850320329E+002  1.108948064220E+004
  2.402752557287E-002  6.431752427885E+000 -3.332360334903E+002  1.090627813334E+004
  2.452840570292E-002  6.266201584679E+000 -3.278188790086E+002  1.072489671561E+004
  2.503470288379E-002  6.101594692778E+000 -3.224345026437E+002  1.054536149435E+004
  2.554642746023E-002  5.937969953306E+000 -3.170838006270E+002  1.036769553946E+004
  2.606358989558E-002  5.775364701826E+000 -3.117676318524E+002  1.019191991824E+004
  2.658620077221E-002  5.613815408903E+000 -3.064868183955E+002  1.001805373030E+004
  2.711427079202E-002  5.453357681274E+000 -3.012421460644E+002  9.846114144148E+003
  2.764781077690E-002  5.294026263597E+000 -2.960343649801E+002  9.676116435629E+003
  2.818683166921E-002  5.135855040745E+000 -2.908641901830E+002  9.508074027901E+003
  2.873134453224E-002  4.978877040615E+000 -2.857323022663E+002  9.341998532979E+003
  2.928136055074E-002  4.823124437426E+000 -2.806393480321E+002  9.177899794694E+003
  2.983689103139E-002  4.668628555474E+000 -2.755859411695E+002  9.015785932971E+003
  3.039794740329E-002  4.515419873313E+000 -2.705726629523E+002  8.855663389325E+003
  3.096454121851E-002  4.363528028335E+000 -2.656000629547E+002  8.697536973482E+003
  3.153668415253E-002  4.212981821718E+000 -2.606686597832E+002  8.541409911003E+003
  3.211438800486E-002  4.063809223710E+000 -2.557789418226E+002  8.387283891823E+003
  3.269766469947E-002  3.916037379233E+000 -2.509313679939E+002  8.235159119602E+003
  3.328652628537E-002  3.769692613762E+000 -2.461263685234E+002  8.085034361778E+003
  3.388098493714E-002  3.624800439462E+000 -2.413643457199E+002  7.936907000225E+003
  3.448105295547E-002  3.481385561559E+000 -2.366456747592E+002  7.790773082424E+003
  3.508674276771E-002  3.339471884910E+000 -2.319707044734E+002  7.646627373036E+003
  3.569806692844E-002  3.199082520751E+000 -2.273397581443E+002  7.504463405784E+003
  3.631503812000E-002  3.060239793600E+000 -2.227531342979E+002  7.364273535551E+003
  3.693766915309E-002  2.922965248289E+000 -2.182111074996E+002  7.226048990602E+003
  3.756597296732E-002  2.787279657105E+000 -2.137139291477E+002  7.089779924822E+003
  3.819996263183E-002  2.653203027015E+000 -2.092618282640E+002  6.955455469900E+003
  3.883965134583E-002  2.520754606949E+000 -2.048550122802E+002  6.823063787362E+003
  3.948505243923E-002  2.389952895140E+000 -2.004936678181E+002  6.692592120355E+003
  4.013617937323E-002  2.260815646475E+000 -1.961779614628E+002  6.564026845122E+003
  4.079304574093E-002  2.133359879862E+000 -1.919080405271E+002  6.437353522071E+003
  4.145566526792E-002  2.007601885581E+000 -1.876840338063E+002  6.312556946352E+003
  4.212405181296E-002  1.883557232615E+000 -1.835060523216E+002  6.189621197895E+003
  4.279821936853E-002  1.761240775935E+000 -1.793741900517E+002  6.068529690802E+003
  4.347818206155E-002  1.640666663730E+000 -1.752885246503E+002  5.949265222045E+003
  4.416395415396E-002  1.521848344576E+000 -1.712491181507E+002  5.831810019400E+003
  4.485555004336E-002  1.404798574517E+000 -1.672560176531E+002  5.716145788541E+003
  4.555298426375E-002  1.289529424063E+000 -1.633092559975E+002  5.602253759251E+003
  4.625627148608E-002  1.176052285090E+000 -1.594088524184E+002  5.490114730676E+003
  4.696542651902E-002  1.064377877628E+000 -1.555548131823E+002  5.379709115582E+003
  4.768046430958E-002  9.545162565393E-001 -1.517471322062E+002  5.271016983548E+003
  4.840139994379E-002  8.464768180742E-001 -1.479857916573E+002  5.164018103070E+003
  4.912824864743E-002  7.402683063054E-001 -1.442707625329E+002  5.058691982503E+003
  4.986102578670E-002  6.358988194303E-001 -1.406020052198E+002  4.955017909828E+003
  5.059974686895E-002  5.333758159426E-001 -1.369794700333E+002  4.852974991190E+003
  5.134442754336E-002  4.327061206714E-001 -1.334030977349E+002  4.752542188175E+003
  5.209508360169E-002  3.338959306855E-001 -1.298728200291E+002  4.653698353804E+003
  5.285173097899E-002  2.369508210637E-001 -1.263885600379E+002  4.556422267205E+003
  5.361438575437E-002  1.418757505320E-001 -1.229502327540E+002  4.460692666947E+003
  5.438306415168E-002  4.867506697080E-002 -1.195577454719E+002  4.366488283021E+003
  5.515778254035E-002 -4.264748720691E-002 -1.162109981969E+002  4.273787867432E+003
  5.593855743605E-002 -1.320887698012E-001 -1.129098840328E+002  4.182570223409E+003
  5.672540550155E-002 -2.196462336907E-001 -1.096542895463E+002  4.092814233216E+003
  5.751834354743E-002 -3.053179218122E-001 -1.064440951113E+002  4.004498884545E+003
  5.831738853289E-002 -3.891024622490E-001 -1.032791752299E+002  3.917603295507E+003
  5.912255756656E-002 -4.709990634212E-001 -1.001593988332E+002  3.832106738205E+003
  5.993386790726E-002 -5.510075093695E-001 -9.708462956026E+001  3.747988660897E+003
  6.075133696481E-002 -6.291281551267E-001 -9.405472601672E+001  3.665228708755E+003
  6.157498230090E-002 -7.053619221658E-001 -9.106954201231E+001  3.583806743219E+003
  6.240482162984E-002 -7.797102939185E-001 -8.812892677883E+001  3.503702859976E+003
  6.324087281946E-002 -8.521753113517E-001 -8.523272516836E+001  3.424897405548E+003
  6.408315389190E-002 -9.227595685956E-001 -8.238077783226E+001  3.347370992537E+003
  6.493168302447E-002 -9.914662086093E-001 -7.957292138168E+001  3.271104513520E+003
  6.578647855056E-002 -1.058298918877E+000 -7.680898853005E+001  3.196079153629E+003
  6.664755896041E-002 -1.123261927123E+000 -7.408880821811E+001  3.122276401829E+003
  6.751494290207E-002 -1.186359997030E+000 -7.141220572217E+001  3.049678060933E+003
  6.838864918226E-002 -1.247598423961E+000 -6.877900274626E+001  2.978266256363E+003
  6.926869676725E-002 -1.306983030657E+000 -6.618901749876E+001  2.908023443703E+003
  7.015510478375E-002 -1.364520162917E+000 -6.364206475445E+001  2.838932415063E+003
  7.104789251987E-002 -1.420216685235E+000 -6.113795590234E+001  2.770976304292E+003
  7.194707942599E-002 -1.474079976389E+000 -5.867649898041E+001  2.704138591075E+003
  7.285268511573E-002 -1.526117924973E+000 -5.625749869776E+001  2.638403103944E+003
  7.376472936684E-002 -1.576338924850E+000 -5.388075644504E+001  2.573754022247E+003
  7.468323212221E-002 -1.624751870534E+000 -5.154607029400E+001  2.510175877109E+003
  7.560821349078E-002 -1.671366152469E+000 -4.925323498676E+001  2.447653551423E+003
  7.653969374850E-002 -1.716191652210E+000 -4.700204191588E+001  2.386172278917E+003
  7.747769333938E-002 -1.759238737489E+000 -4.479227909577E+001  2.325717642328E+003
  7.842223287637E-002 -1.800518257156E+000 -4.262373112637E+001  2.266275570740E+003
  7.937333314243E-002 -1.840041535992E+000 -4.049617914998E+001  2.207832336112E+003
  8.033101509154E-002 -1.877820369372E+000 -3.840940080177E+001  2.150374549049E+003
  8.129529984966E-002 -1.913867017783E+000 -3.636317015511E+001  2.093889153856E+003
  8.226620871580E-002 -1.948194201183E+000 -3.435725766220E+001  2.038363422922E+003
  8.324376316303E-002 -1.980815093190E+000 -3.239143009096E+001  1.983784950471E+003
  8.422798483957E-002 -2.011743315097E+000 -3.046545045887E+001  1.930141645729E+003
  8.521889556978E-002 -2.040992929708E+000 -2.857907796455E+001  1.877421725549E+003
  8.621651735528E-002 -2.068578434990E+000 -2.673206791769E+001  1.825613706539E+003
  8.722087237602E-002 -2.094514757522E+000 -2.492417166828E+001  1.774706396737E+003
  8.823198299134E-002 -2.118817245760E+000 -2.315513653555E+001  1.724688886865E+003
  8.924987174107E-002 -2.141501663089E+000 -2.142470573758E+001  1.675550541225E+003
  9.027456134670E-002 -2.162584180675E+000 -1.973261832192E+001  1.627280988256E+003
  9.130607471240E-002 -2.182081370108E+000 -1.807860909822E+001  1.579870110814E+003
  9.234443492626E-002 -2.200010195832E+000 -1.646240857311E+001  1.533308036200E+003
  9.338966526132E-002 -2.216388007362E+000 -1.488374288816E+001  1.487585125981E+003
  9.444178917683E-002 -2.231232531288E+000 -1.334233376138E+001  1.442691965648E+003
  9.550083031933E-002 -2.244561863067E+000 -1.183789843277E+001  1.398619354137E+003
  9.656681252387E-002 -2.256394458594E+000 -1.037014961445E+001  1.355358293264E+003
  9.763975981519E-002 -2.266749125566E+000 -8.938795445792E+000  1.312899977098E+003
  9.871969640891E-002 -2.275645014631E+000 -7.543539454109E+000  1.271235781314E+003
  9.980664671274E-002 -2.283101610329E+000 -6.184080521105E+000  1.230357252552E+003
  1.009006353277E-001 -2.289138721824E+000 -4.860112855643E+000  1.190256097827E+003
  1.020016870494E-001 -2.293776473432E+000 -3.571325973081E+000  1.150924174002E+003
  1.031098268692E-001 -2.297035294956E+000 -2.317404681508E+000  1.112353477374E+003
  1.042250799756E-001 -2.298935911819E+000 -1.098029075160E+000  1.074536133386E+003
  1.053474717553E-001 -2.299499335013E+000  8.712546474161E-002  1.037464386499E+003
  1.064770277946E-001 -2.298746850859E+000  1.238388261511E+000  1.001130590247E+003
  1.076137738809E-001 -2.296700010597E+000  2.356093326701E+000  9.655271974987E+002
  1.087577360036E-001 -2.293380619804E+000  3.440579335834E+000  9.306467509521E+002
  1.099089403557E-001 -2.288810727644E+000  4.492189596040E+000  8.964818738778E+002
  1.110674133350E-001 -2.283012615974E+000  5.511272005517E+000  8.630252611337E+002
  1.122331815458E-001 -2.276008788298E+000  6.498179004752E+000  8.302696704682E+002
  1.134062717995E-001 -2.267821958579E+000  7.453267519482E+000  7.982079141289E+002
  1.145867111168E-001 -2.258475039941E+000  8.376898895382E+000  7.668328507916E+002
  1.157745267286E-001 -2.247991133233E+000  9.269438824526E+000  7.361373778232E+002
  1.169697460775E-001 -2.236393515498E+000  1.013125726367E+001  7.061144238906E+002
  1.181723968193E-001 -2.223705628344E+000  1.096272834445E+001  6.767569419270E+002
  1.193825068243E-001 -2.209951066225E+000  1.176423027558E+001  6.480579024632E+002
  1.206001041787E-001 -2.195153564650E+000  1.253614523721E+001  6.200102873341E+002
  1.218252171865E-001 -2.179336988328E+000  1.327885926766E+001  5.926070837648E+002
  1.230578743703E-001 -2.162525319256E+000  1.399276214253E+001  5.658412788422E+002
  1.242981044731E-001 -2.144742644777E+000  1.467824724663E+001  5.397058543768E+002
  1.255459364600E-001 -2.126013145599E+000  1.533571143882E+001  5.141937821550E+002
  1.268013995194E-001 -2.106361083805E+000  1.596555490994E+001  4.892980195858E+002
  1.280645230647E-001 -2.085810790850E+000  1.656818103432E+001  4.650115057397E+002
  1.293353367356E-001 -2.064386655579E+000  1.714399621489E+001  4.413271577794E+002
  1.306138704000E-001 -2.042113112249E+000  1.769340972242E+001  4.182378677811E+002
  1.319001541553E-001 -2.019014628597E+000  1.821683352900E+001  3.957364999412E+002
  1.331942183303E-001 -1.995115693942E+000  1.871468213625E+001  3.738158881649E+002
  1.344960934863E-001 -1.970440807352E+000  1.918737239851E+001  3.524688340313E+002
  1.358058104191E-001 -1.945014465870E+000  1.963532334138E+001  3.316881051288E+002
  1.371234001607E-001 -1.918861152829E+000  2.005895597597E+001  3.114664337524E+002
  1.384488939805E-001 -1.892005326252E+000  2.045869310922E+001  2.917965159568E+002
  1.397823233874E-001 -1.864471407360E+000  2.083495915072E+001  2.726710109539E+002
  1.411237201313E-001 -1.836283769192E+000  2.118817991630E+001  2.540825408470E+002
  1.424731162050E-001 -1.807466725351E+000  2.151878242887E+001  2.360236906909E+002
  1.438305438454E-001 -1.778044518888E+000  2.182719471689E+001  2.184870088662E+002
  1.451960355357E-001 -1.748041311328E+000  2.211384561078E+001  2.014650077567E+002
  1.465696240072E-001 -1.717481171866E+000  2.237916453779E+001  1.849501647181E+002
  1.479513422405E-001 -1.686388066713E+000  2.262358131562E+001  1.689349233254E+002
  1.493412234681E-001 -1.654785848629E+000  2.284752594515E+001  1.534116948851E+002
  1.507393011753E-001 -1.622698246645E+000  2.305142840284E+001  1.383728601998E+002
  1.521456091027E-001 -1.590148855969E+000  2.323571843299E+001  1.238107715717E+002
  1.535601812478E-001 -1.557161128106E+000  2.340082534034E+001  1.097177550300E+002
  1.549830518669E-001 -1.523758361179E+000  2.354717778335E+001  9.608611276878E+001
  1.564142554766E-001 -1.489963690479E+000  2.367520356853E+001  8.290812578126E+001
  1.578538268564E-001 -1.455800079236E+000  2.378532944624E+001  7.017605667524E+001
  1.593018010499E-001 -1.421290309618E+000  2.387798090816E+001  5.788215265592E+001
  1.607582133673E-001 -1.386456973977E+000  2.395358198694E+001  4.601864866117E+001
  1.622230993867E-001 -1.351322466335E+000  2.401255505823E+001  3.457777063494E+001
  1.636964949568E-001 -1.315908974124E+000  2.405532064552E+001  2.355173892426E+001
  1.651784361984E-001 -1.280238470170E+000  2.408229722795E+001  1.293277178553E+001
  1.666689595063E-001 -1.244332704952E+000  2.409390105154E+001  2.713088985982E+000
  1.681681015517E-001 -1.208213199110E+000  2.409054594409E+001 -7.115084513887E+000
  1.696758992842E-001 -1.171901236227E+000  2.407264313384E+001 -1.655951481044E+001
  1.711923899335E-001 -1.135417855877E+000  2.404060107249E+001 -2.562795525337E+001
  1.727176110118E-001 -1.098783846946E+000  2.399482526242E+001 -3.432814260154E+001
  1.742516003158E-001 -1.062019741224E+000  2.393571808868E+001 -4.266779315139E+001
  1.757943959287E-001 -1.025145807276E+000  2.386367865579E+001 -5.065459885018E+001
  1.773460362227E-001 -9.881820445859E-001  2.377910262949E+001 -5.829622340663E+001
  1.789065598608E-001 -9.511481779750E-001  2.368238208386E+001 -6.560029841048E+001
  1.804760057990E-001 -9.140636523023E-001  2.357390535365E+001 -7.257441947263E+001
  1.820544132889E-001 -8.769476274365E-001  2.345405689229E+001 -7.922614239662E+001
  1.836418218792E-001 -8.398189735049E-001  2.332321713548E+001 -8.556297939213E+001
  1.852382714189E-001 -8.026962664160E-001  2.318176237061E+001 -9.159239534042E+001
  1.868438020586E-001 -7.655977836545E-001  2.303006461203E+001 -9.732180412138E+001
  1.884584542535E-001 -7.285415003470E-001  2.286849148233E+001 -1.027585650111E+002
  1.900822687655E-001 -6.915450855948E-001  2.269740609967E+001 -1.079099791588E+002
  1.917152866652E-001 -6.546258990731E-001  2.251716697120E+001 -1.127832861505E+002
  1.933575493349E-001 -6.178009878905E-001  2.232812789264E+001 -1.173856606678E+002
  1.950090984705E-001 -5.810870837088E-001  2.213063785405E+001 -1.217242092485E+002
  1.966699760840E-001 -5.445006001158E-001  2.192504095175E+001 -1.258059671544E+002
  1.983402245061E-001 -5.080576302502E-001  2.171167630650E+001 -1.296378953542E+002
  2.000198863884E-001 -4.717739446717E-001  2.149087798779E+001 -1.332268776252E+002
  2.017090047061E-001 -4.356649894727E-001  2.126297494430E+001 -1.365797177794E+002
  2.034076227605E-001 -3.997458846272E-001  2.102829094050E+001 -1.397031370180E+002
  2.051157841813E-001 -3.640314225706E-001  2.078714449927E+001 -1.426037714188E+002
  2.068335329293E-001 -3.285360670059E-001  2.053984885051E+001 -1.452881695584E+002
  2.085609132993E-001 -2.932739519304E-001  2.028671188569E+001 -1.477627902736E+002
  2.102979699219E-001 -2.582588808772E-001  2.002803611822E+001 -1.500340005635E+002
  2.120447477670E-001 -2.235043263660E-001  1.976411864951E+001 -1.521080736332E+002
  2.138012921459E-001 -1.890234295560E-001  1.949525114073E+001 -1.539911870829E+002
  2.155676487143E-001 -1.548290000970E-001  1.922171979001E+001 -1.556894212401E+002
  2.173438634747E-001 -1.209335161695E-001  1.894380531504E+001 -1.572087576383E+002
  2.191299827795E-001 -8.734912471068E-002  1.866178294093E+001 -1.585550776399E+002
  2.209260533334E-001 -5.408764181683E-002  1.837592239318E+001 -1.597341612042E+002
  2.227321221965E-001 -2.116055331833E-002  1.808648789557E+001 -1.607516857991E+002
  2.245482367870E-001  1.142098448085E-002  1.779373817292E+001 -1.616132254559E+002
  2.263744448840E-001  4.364614390487E-002  1.749792645842E+001 -1.623242499642E+002
  2.282107946304E-001  7.550442485569E-002  1.719930050552E+001 -1.628901242071E+002
  2.300573345358E-001  1.069856536170E-001  1.689810260410E+001 -1.633161076327E+002
  2.319141134796E-001  1.380799815186E-001  1.659456960073E+001 -1.636073538595E+002
  2.337811807137E-001  1.687778834683E-001  1.628893292300E+001 -1.637689104144E+002
  2.356585858657E-001  1.990701563564E-001  1.598141860753E+001 -1.638057185978E+002
  2.375463789419E-001  2.289479173402E-001  1.567224733170E+001 -1.637226134750E+002
  2.394446103301E-001  2.584026020136E-001  1.536163444865E+001 -1.635243239876E+002
  2.413533308032E-001  2.874259624685E-001  1.504979002569E+001 -1.632154731834E+002
  2.432725915217E-001  3.160100652535E-001  1.473691888567E+001 -1.628005785599E+002
  2.452024440374E-001  3.441472892353E-001  1.442322065122E+001 -1.622840525163E+002
  2.471429402963E-001  3.718303233694E-001  1.410888979172E+001 -1.616702029117E+002
  2.490941326418E-001  3.990521643845E-001  1.379411567278E+001 -1.609632337228E+002
  2.510560738180E-001  4.258061143862E-001  1.347908260803E+001 -1.601672457986E+002
  2.530288169732E-001  4.520857783857E-001  1.316396991309E+001 -1.592862377059E+002
  2.550124156627E-001  4.778850617570E-001  1.284895196147E+001 -1.583241066612E+002
  2.570069238527E-001  5.031981676293E-001  1.253419824234E+001 -1.572846495450E+002
  2.590123959233E-001  5.280195942176E-001  1.221987341990E+001 -1.561715639926E+002
  2.610288866721E-001  5.523441320962E-001  1.190613739422E+001 -1.549884495571E+002
  2.630564513176E-001  5.761668614201E-001  1.159314536342E+001 -1.537388089395E+002
  2.650951455027E-001  5.994831490972E-001  1.128104788697E+001 -1.524260492816E+002
  2.671450252982E-001  6.222886459157E-001  1.096999094999E+001 -1.510534835151E+002
  2.692061472063E-001  6.445792836302E-001  1.066011602847E+001 -1.496243317652E+002
  2.712785681644E-001  6.663512720098E-001  1.035156015510E+001 -1.481417228002E+002
  2.733623455485E-001  6.876010958515E-001  1.004445598573E+001 -1.466086955255E+002
  2.754575371771E-001  7.083255119611E-001  9.738931866292E+000 -1.450282005155E+002
  2.775642013146E-001  7.285215461066E-001  9.435111899999E+000 -1.434031015799E+002
  2.796823966754E-001  7.481864899431E-001  9.133116014742E+000 -1.417361773589E+002
  2.818121824272E-001  7.673178979151E-001  8.833060030587E+000 -1.400301229443E+002
  2.839536181956E-001  7.859135841363E-001  8.535055727232E+000 -1.382875515209E+002
  2.861067640671E-001  8.039716192495E-001  8.239210911340E+000 -1.365109960254E+002
  2.882716805935E-001  8.214903272685E-001  7.945629483643E+000 -1.347029108171E+002
  2.904484287958E-001  8.384682824029E-001  7.654411505730E+000 -1.328656733590E+002
  2.926370701682E-001  8.549043058690E-001  7.365653266435E+000 -1.310015859030E+002
  2.948376666818E-001  8.707974626857E-001  7.079447347753E+000 -1.291128771775E+002
  2.970502807892E-001  8.861470584585E-001  6.795882690201E+000 -1.272017040735E+002
  2.992749754281E-001  9.009526361516E-001  6.515044657568E+000 -1.252701533256E+002
  3.015118140259E-001  9.152139728487E-001  6.237015100992E+000 -1.233202431849E+002
  3.037608605035E-001  9.289310765042E-001  5.961872422308E+000 -1.213539250819E+002
  3.060221792797E-001  9.421041826844E-001  5.689691636626E+000 -1.193730852751E+002
  3.082958352758E-001  9.547337512992E-001  5.420544434089E+000 -1.173795464838E+002
  3.105818939192E-001  9.668204633251E-001  5.154499240778E+000 -1.153750695029E+002
  3.128804211487E-001  9.783652175191E-001  4.891621278742E+000 -1.133613547959E+002
  3.151914834180E-001  9.893691271239E-001  4.631972625106E+000 -1.113400440667E+002
  3.175151477009E-001  9.998335165646E-001  4.375612270262E+000 -1.093127218051E+002
  3.198514814953E-001  1.009759918136E+000  4.122596175109E+000 -1.072809168075E+002
  3.222005528283E-001  1.019150068680E+000  3.872977327340E+000 -1.052461036688E+002
  3.245624302601E-001  1.028005906257E+000  3.626805796768E+000 -1.032097042450E+002
  3.269371828894E-001  1.036329566804E+000  3.384128789681E+000 -1.011730890860E+002
  3.293248803576E-001  1.044123380781E+000  3.144990702251E+000 -9.913757883588E+001
  3.317255928537E-001  1.051389869816E+000  2.909433172971E+000 -9.710444560166E+001
  3.341393911192E-001  1.058131743328E+000  2.677495134157E+000 -9.507491428782E+001
  3.365663464529E-001  1.064351895145E+000  2.449212862515E+000 -9.305016389762E+001
  3.390065307159E-001  1.070053400110E+000  2.224620028789E+000 -9.103132879960E+001
  3.414600163363E-001  1.075239510671E+000  2.003747746517E+000 -8.901949995957E+001
  3.439268763145E-001  1.079913653465E+000  1.786624619908E+000 -8.701572613741E+001
  3.464071842282E-001  1.084079425878E+000  1.573276790870E+000 -8.502101504886E+001
  3.489010142374E-001  1.087740592605E+000  1.363727985217E+000 -8.303633449218E+001
  3.514084410898E-001  1.090901082181E+000  1.157999558075E+000 -8.106261343987E+001
  3.539295401259E-001  1.093564983512E+000  9.561105385324E-001 -7.910074309555E+001
  3.564643872842E-001  1.095736542378E+000  7.580776735479E-001 -7.715157791654E+001
  3.590130591069E-001  1.097420157930E+000  5.639154711680E-001 -7.521593660231E+001
  3.615756327448E-001  1.098620379165E+000  3.736362430749E-001 -7.329460304952E+001
  3.641521859632E-001  1.099341901390E+000  1.872501465078E-001 -7.138832727408E+001
  3.667427971473E-001  1.099589562667E+000  4.765225589567E-003 -6.949782630101E+001
  3.693475453076E-001  1.099368340245E+000 -1.738125479026E-001 -6.762378502277E+001
  3.719665100860E-001  1.098683346966E+000 -3.484792342868E-001 -6.576685702682E+001
  3.745997717609E-001  1.097539827672E+000 -5.192328862093E-001 -6.392766539339E+001
  3.772474112534E-001  1.095943155578E+000 -6.860735093243E-001 -6.210680346417E+001
  3.799095101331E-001  1.093898828640E+000 -8.490030233835E-001 -6.030483558308E+001
  3.825861506238E-001  1.091412465905E+000 -1.008025223700E+000 -5.852229780989E+001
  3.852774156096E-001  1.088489803842E+000 -1.163145742955E+000 -5.675969860792E+001
  3.879833886411E-001  1.085136692663E+000 -1.314372013299E+000 -5.501751950663E+001
  3.907041539409E-001  1.081359092627E+000 -1.461713228741E+000 -5.329621574042E+001
  3.934397964105E-001  1.077163070328E+000 -1.605180307762E+000 -5.159621686451E+001
  3.961904016361E-001  1.072554794973E+000 -1.744785856139E+000 -4.991792734909E+001
  3.989560558949E-001  1.067540534648E+000 -1.880544129958E+000 -4.826172715293E+001
  4.017368461617E-001  1.062126652570E+000 -2.012470998758E+000 -4.662797227727E+001
  4.045328601149E-001  1.056319603326E+000 -2.140583908813E+000 -4.501699530152E+001
  4.073441861437E-001  1.050125929110E+000 -2.264901846507E+000 -4.342910590142E+001
  4.101709133538E-001  1.043552255946E+000 -2.385445301773E+000 -4.186459135110E+001
  4.130131315750E-001  1.036605289901E+000 -2.502236231599E+000 -4.032371700991E+001
  4.158709313670E-001  1.029291813298E+000 -2.615298023554E+000 -3.880672679513E+001
  4.187444040269E-001  1.021618680923E+000 -2.724655459329E+000 -3.731384364166E+001
  4.216336415958E-001  1.013592816226E+000 -2.830334678280E+000 -3.584526994957E+001
  4.245387368658E-001  1.005221207521E+000 -2.932363140948E+000 -3.440118802062E+001
  4.274597833869E-001  9.965109041886E-001 -3.030769592552E+000 -3.298176048466E+001
  4.303968754741E-001  9.874690128769E-001 -3.125584026437E+000 -3.158713071677E+001
  4.333501082151E-001  9.781026937078E-001 -3.216837647482E+000 -3.021742324617E+001
  4.363195774768E-001  9.684191564875E-001 -3.304562835441E+000 -2.887274415761E+001
  4.393053799131E-001  9.584256569239E-001 -3.388793108237E+000 -2.755318148611E+001
  4.423076129724E-001  9.481294928537E-001 -3.469563085178E+000 -2.625880560595E+001
  4.453263749047E-001  9.375380004794E-001 -3.546908450127E+000 -2.498966961436E+001
  4.483617647698E-001  9.266585506197E-001 -3.620865914596E+000 -2.374580971094E+001
  4.514138824444E-001  9.154985449749E-001 -3.691473180791E+000 -2.252724557322E+001
  4.544828286302E-001  9.040654124089E-001 -3.758768904593E+000 -2.133398072908E+001
  4.575687048617E-001  8.923666052510E-001 -3.822792658505E+000 -2.016600292658E+001
  4.606716135142E-001  8.804095956185E-001 -3.883584894551E+000 -1.902328450174E+001
  4.637916578118E-001  8.682018717629E-001 -3.941186907145E+000 -1.790578274467E+001
  4.669289418353E-001  8.557509344422E-001 -3.995640795956E+000 -1.681344026465E+001
  4.700835705309E-001  8.430642933206E-001 -4.046989428751E+000 -1.574618535437E+001
  4.732556497182E-001  8.301494633989E-001 -4.095276404266E+000 -1.470393235380E+001
  4.764452860985E-001  8.170139614767E-001 -4.140546015093E+000 -1.368658201401E+001
  4.796525872639E-001  8.036653026496E-001 -4.182843210617E+000 -1.269402186107E+001
  4.828776617050E-001  7.901109968429E-001 -4.222213560014E+000 -1.172612656046E+001
  4.861206188205E-001  7.763585453850E-001 -4.258703215332E+000 -1.078275828200E+001
  4.893815689254E-001  7.624154376207E-001 -4.292358874674E+000 -9.863767065531E+000
  4.926606232602E-001  7.482891475691E-001 -4.323227745510E+000 -8.968991187479E+000
  4.959578939999E-001  7.339871306264E-001 -4.351357508134E+000 -8.098257528301E+000
  4.992734942630E-001  7.195168203163E-001 -4.376796279288E+000 -7.251381940915E+000
  5.026075381207E-001  7.048856250898E-001 -4.399592575989E+000 -6.428169620088E+000
  5.059601406064E-001  6.901009251772E-001 -4.419795279568E+000 -5.628415472771E+000
  5.093314177250E-001  6.751700694932E-001 -4.437453599957E+000 -4.851904489306E+000
  5.127214864626E-001  6.601003725974E-001 -4.452617040246E+000 -4.098412115430E+000
  5.161304647959E-001  6.448991117131E-001 -4.465335361533E+000 -3.367704624958E+000
  5.195584717022E-001  6.295735238039E-001 -4.475658548097E+000 -2.659539492999E+000
  5.230056271692E-001  6.141308027121E-001 -4.483636772918E+000 -1.973665769544E+000
  5.264720522050E-001  5.985780963596E-001 -4.489320363572E+000 -1.309824453233E+000
  5.299578688483E-001  5.829225040127E-001 -4.492759768524E+000 -6.677488650999E-001
  5.334632001783E-001  5.671710736127E-001 -4.494005523845E+000 -4.716502205919E-002
  5.369881703256E-001  5.513307991734E-001 -4.493108220383E+000  5.522079901104E-001
  5.405329044823E-001  5.354086182474E-001 -4.490118471408E+000  1.130657644542E+000
  5.440975289128E-001  5.194114094623E-001 -4.485086880764E+000  1.688477602096E+000
  5.476821709641E-001  5.033459901271E-001 -4.478064011536E+000  2.225967341502E+000
  5.512869590774E-001  4.872191139114E-001 -4.469100355280E+000  2.743431791121E+000
  5.549120227985E-001  4.710374685974E-001 -4.458246301813E+000  3.241180962646E+000
  5.585574927889E-001  4.548076739058E-001 -4.445552109614E+000  3.719529587036E+000
  5.622235008375E-001  4.385362793964E-001 -4.431067876825E+000  4.178796753027E+000
  5.659101798716E-001  4.222297624449E-001 -4.414843512912E+000  4.619305548524E+000
  5.696176639685E-001  4.058945262951E-001 -4.396928710964E+000  5.041382705214E+000
  5.733460883672E-001  3.895368981882E-001 -4.377372920687E+000  5.445358246713E+000
  5.770955894803E-001  3.731631275692E-001 -4.356225322088E+000  5.831565140597E+000
  5.808663049055E-001  3.567793843708E-001 -4.333534799877E+000  6.200338954619E+000
  5.846583734383E-001  3.403917573752E-001 -4.309349918594E+000  6.552017517446E+000
  5.884719350837E-001  3.240062526536E-001 -4.283718898493E+000  6.886940584237E+000
  5.923071310690E-001  3.076287920836E-001 -4.256689592175E+000  7.205449507368E+000
  5.961641038558E-001  2.912652119450E-001 -4.228309462004E+000  7.507886912611E+000
  6.000429971532E-001  2.749212615926E-001 -4.198625558305E+000  7.794596381076E+000
  6.039439559304E-001  2.586026022071E-001 -4.167684498356E+000  8.065922137183E+000
  6.078671264295E-001  2.423148056232E-001 -4.135532446190E+000  8.322208742973E+000
  6.118126561791E-001  2.260633532340E-001 -4.102215093211E+000  8.563800799005E+000
  6.157806940069E-001  2.098536349720E-001 -4.067777639627E+000  8.791042652104E+000
  6.197713900541E-001  1.936909483660E-001 -4.032264776711E+000  9.004278110210E+000
  6.237848957880E-001  1.775804976722E-001 -3.995720669898E+000  9.203850164562E+000
  6.278213640166E-001  1.615273930800E-001 -3.958188942711E+000  9.390100719420E+000
  6.318809489022E-001  1.455366499913E-001 -3.919712661524E+000  9.563370329558E+000
  6.359638059756E-001  1.296131883716E-001 -3.880334321166E+000  9.723997945696E+000
  6.400700921502E-001  1.137618321727E-001 -3.840095831356E+000  9.872320668056E+000
  6.441999657370E-001  9.798730882580E-002 -3.799038503978E+000  1.000867350821E+001
  6.483535864586E-001  8.229424880335E-002 -3.757203041185E+000  1.013338915934E+001
  6.525311154647E-001  6.668718524909E-002 -3.714629524330E+000  1.024679777508E+001
  6.567327153465E-001  5.117055367435E-002 -3.671357403723E+000  1.034922675702E+001
  6.609585501525E-001  3.574869171963E-002 -3.627425489196E+000  1.044100055097E+001
  6.652087854034E-001  2.042583897990E-002 -3.582871941490E+000  1.052244045210E+001
  6.694835881080E-001  5.206136892169E-003 -3.537734264421E+000  1.059386441896E+001
  6.737831267789E-001 -9.906371316246E-003 -3.492049297861E+000  1.065558689647E+001
  6.781075714485E-001 -2.490774062027E-002 -3.445853211470E+000  1.070791864798E+001
  6.824570936852E-001 -3.979412413217E-002 -3.399181499222E+000  1.075116659618E+001
  6.868318666096E-001 -5.456177298073E-002 -3.352068974664E+000  1.078563367323E+001
  6.912320649114E-001 -6.920703613636E-002 -3.304549766925E+000  1.081161867967E+001
  6.956578648660E-001 -8.372636018376E-002 -3.256657317454E+000  1.082941615248E+001
  7.001094443516E-001 -9.811628904398E-002 -3.208424377461E+000  1.083931624195E+001
  7.045869828664E-001 -1.123734636476E-001 -3.159883006057E+000  1.084160459744E+001
  7.090906615461E-001 -1.264946215610E-001 -3.111064569068E+000  1.083656226195E+001
  7.136206631812E-001 -1.404765965673E-001 -3.061999738517E+000  1.082446557533E+001
  7.181771722357E-001 -1.543163182041E-001 -3.012718492736E+000  1.080558608612E+001
  7.227603748644E-001 -1.680108112594E-001 -2.963250117111E+000  1.078019047190E+001
  7.273704589315E-001 -1.815571952286E-001 -2.913623205423E+000  1.074854046792E+001
  7.320076140295E-001 -1.949526837331E-001 -2.863865661777E+000  1.071089280400E+001
  7.366720314977E-001 -2.081945839033E-001 -2.814004703096E+000  1.066749914946E+001
  7.413639044413E-001 -2.212802957273E-001 -2.764066862147E+000  1.061860606596E+001
  7.460834277508E-001 -2.342073113681E-001 -2.714077991102E+000  1.056445496809E+001
  7.508307981215E-001 -2.469732144497E-001 -2.664063265590E+000  1.050528209145E+001
  7.556062140732E-001 -2.595756793150E-001 -2.614047189229E+000  1.044131846814E+001
  7.604098759705E-001 -2.720124702575E-001 -2.564053598615E+000  1.037278990938E+001
  7.652419860431E-001 -2.842814407270E-001 -2.514105668748E+000  1.029991699512E+001
  7.701027484060E-001 -2.963805325131E-001 -2.464225918862E+000  1.022291507029E+001
  7.749923690810E-001 -3.083077749072E-001 -2.414436218656E+000  1.014199424772E+001
  7.799110560171E-001 -3.200612838439E-001 -2.364757794888E+000  1.005735941716E+001
  7.848590191124E-001 -3.316392610258E-001 -2.315211238308E+000  9.969210260553E+000
  7.898364702358E-001 -3.430399930304E-001 -2.265816510930E+000  9.877741272999E+000
  7.948436232486E-001 -3.542618504032E-001 -2.216592953588E+000  9.783141789346E+000
  7.998806940270E-001 -3.653032867371E-001 -2.167559293788E+000  9.685596016133E+000
  8.049479004846E-001 -3.761628377399E-001 -2.118733653812E+000  9.585283068614E+000
  8.100454625952E-001 -3.868391202920E-001 -2.070133559052E+000  9.482377012641E+000
  8.151736024160E-001 -3.973308314949E-001 -2.021775946574E+000  9.377046911135E+000
  8.203325441110E-001 -4.076367477115E-001 -1.973677173868E+000  9.269456874923E+000
  8.255225139746E-001 -4.177557236018E-001 -1.925853027779E+000  9.159766117663E+000
  8.307437404560E-001 -4.276866911518E-001 -1.878318733585E+000  9.048129014629E+000
  8.359964541833E-001 -4.374286586998E-001 -1.831088964222E+000  8.934695165093E+000
  8.412808879885E-001 -4.469807099600E-001 -1.784177849619E+000  8.819609458067E+000
  8.465972769320E-001 -4.563420030440E-001 -1.737598986130E+000  8.703012141158E+000
  8.519458583285E-001 -4.655117694823E-001 -1.691365446053E+000  8.585038892282E+000
  8.573268717726E-001 -4.744893132462E-001 -1.645489787205E+000  8.465820894022E+000
  8.627405591648E-001 -4.832740097710E-001 -1.599984062549E+000  8.345484910361E+000
  8.681871647376E-001 -4.918653049817E-001 -1.554859829843E+000  8.224153365595E+000
  8.736669350829E-001 -5.002627143217E-001 -1.510128161313E+000  8.101944425159E+000
  8.791801191785E-001 -5.084658217847E-001 -1.465799653314E+000  7.978972078177E+000
  8.847269684160E-001 -5.164742789525E-001 -1.421884435985E+000  7.855346221498E+000
  8.903077366283E-001 -5.242878040366E-001 -1.378392182866E+000  7.731172745002E+000
  8.959226801184E-001 -5.319061809261E-001 -1.335332120480E+000  7.606553617994E+000
  9.015720576873E-001 -5.393292582417E-001 -1.292713037852E+000  7.481586976449E+000
  9.072561306635E-001 -5.465569483966E-001 -1.250543295970E+000  7.356367210943E+000
  9.129751629322E-001 -5.535892266640E-001 -1.208830837158E+000  7.230985055066E+000
  9.187294209652E-001 -5.604261302525E-001 -1.167583194367E+000  7.105527674139E+000
  9.245191738511E-001 -5.670677573887E-001 -1.126807500367E+000  6.980078754062E+000
  9.303446933257E-001 -5.735142664081E-001 -1.086510496829E+000  6.854718590124E+000
  9.362062538036E-001 -5.797658748541E-001 -1.046698543291E+000  6.729524175612E+000
  9.421041324088E-001 -5.858228585849E-001 -1.007377626005E+000  6.604569290071E+000
  9.480386090075E-001 -5.916855508890E-001 -9.685533666447E-001  6.479924587068E+000
  9.540099662399E-001 -5.973543416092E-001 -9.302310308864E-001  6.355657681318E+000
  9.600184895530E-001 -6.028296762743E-001 -8.924155368387E-001  6.231833235050E+000
  9.660644672342E-001 -6.081120552402E-001 -8.551114633284E-001  6.108513043479E+000
  9.721481904447E-001 -6.132020328376E-001 -8.183230580326E-001  5.985756119282E+000
  9.782699532537E-001 -6.181002165296E-001 -7.820542454557E-001  5.863618775961E+000
  9.844300526731E-001 -6.228072660755E-001 -7.463086347455E-001  5.742154709998E+000
  9.906287886927E-001 -6.273238927037E-001 -7.110895273489E-001  5.621415081711E+000
  9.968664643158E-001 -6.316508582906E-001 -6.763999245027E-001  5.501448594720E+000
  1.003143385595E+000 -6.357889745483E-001 -6.422425345585E-001  5.382301573957E+000
  1.009459861670E+000 -6.397391022175E-001 -6.086197801425E-001  5.264018042140E+000
  1.015816204803E+000 -6.435021502679E-001 -5.755338051475E-001  5.146639794651E+000
  1.022212730417E+000 -6.470790751048E-001 -5.429864815581E-001  5.030206472774E+000
  1.028649757135E+000 -6.504708797808E-001 -5.109794161107E-001  4.914755635223E+000
  1.035127606818E+000 -6.536786132138E-001 -4.795139567876E-001  4.800322827942E+000
  1.041646604604E+000 -6.567033694089E-001 -4.485911991480E-001  4.686941652123E+000
  1.048207078948E+000 -6.595462866858E-001 -4.182119924972E-001  4.574643830426E+000
  1.054809361664E+000 -6.622085469099E-001 -3.883769458965E-001  4.463459271370E+000
  1.061453787962E+000 -6.646913747269E-001 -3.590864340164E-001  4.353416131888E+000
  1.068140696494E+000 -6.669960368007E-001 -3.303406028360E-001  4.244540878029E+000
  1.074870429395E+000 -6.691238410541E-001 -3.021393751926E-001  4.136858343795E+000
  1.081643332322E+000 -6.710761359115E-001 -2.744824561840E-001  4.030391788138E+000
  1.088459754505E+000 -6.728543095440E-001 -2.473693384281E-001  3.925162950088E+000
  1.095320048782E+000 -6.744597891146E-001 -2.207993071845E-001  3.821192102054E+000
  1.102224571653E+000 -6.758940400253E-001 -1.947714453407E-001  3.718498101294E+000
  1.109173683316E+000 -6.771585651644E-001 -1.692846382699E-001  3.617098439573E+000
  1.116167747721E+000 -6.782549041527E-001 -1.443375785627E-001  3.517009291048E+000
  1.123207132611E+000 -6.791846325907E-001 -1.199287706395E-001  3.418245558389E+000
  1.130292209573E+000 -6.799493613035E-001 -9.605653524729E-002  3.320820917174E+000
  1.137423354084E+000 -6.805507355849E-001 -7.271901384726E-002  3.224747858594E+000
  1.144600945560E+000 -6.809904344395E-001 -4.991417289677E-002  3.130037730503E+000
  1.151825367405E+000 -6.812701698227E-001 -2.763980803253E-002  3.036700776846E+000
  1.159097007063E+000 -6.813916858776E-001 -5.893548159360E-003  2.944746175523E+000
  1.166416256069E+000 -6.813567581699E-001  1.532714054988E-002  2.854182074712E+000
  1.173783510095E+000 -6.811671929183E-001  3.602495073788E-002  2.765015627719E+000
  1.181199169012E+000 -6.808248262222E-001  5.620273002480E-002  2.677253026379E+000
  1.188663636935E+000 -6.803315232849E-001  7.586347724315E-002  2.590899533088E+000
  1.196177322279E+000 -6.796891776332E-001  9.501033874059E-002  2.505959511485E+000
  1.203740637818E+000 -6.788997103316E-001  1.136466047454E-001  2.422436455855E+000
  1.211354000735E+000 -6.779650691930E-001  1.317757057899E-001  2.340333019304E+000
  1.219017832681E+000 -6.768872279839E-001  1.494012091864E-001  2.259651040753E+000
  1.226732559833E+000 -6.756681856243E-001  1.665268155517E-001  2.180391570808E+000
  1.234498612950E+000 -6.743099653830E-001  1.831563553747E-001  2.102554896556E+000
  1.242316427433E+000 -6.728146140679E-001  1.992937856232E-001  2.026140565353E+000
  1.250186443388E+000 -6.711842012098E-001  2.149431863855E-001  1.951147407637E+000
  1.258109105679E+000 -6.694208182423E-001  2.301087575424E-001  1.877573558837E+000
  1.266084863999E+000 -6.675265776747E-001  2.447948154661E-001  1.805416480425E+000
  1.274114172926E+000 -6.655036122614E-001  2.590057897414E-001  1.734672980158E+000
  1.282197491990E+000 -6.633540741640E-001  2.727462199076E-001  1.665339231563E+000
  1.290335285734E+000 -6.610801341097E-001  2.860207522146E-001  1.597410792727E+000
  1.298528023786E+000 -6.586839805434E-001  2.988341363936E-001  1.530882624414E+000
  1.306776180919E+000 -6.561678187758E-001  3.111912224371E-001  1.465749107589E+000
  1.315080237120E+000 -6.535338701255E-001  3.230969573861E-001  1.402004060371E+000
  1.323440677664E+000 -6.507843710573E-001  3.345563821225E-001  1.339640754467E+000
  1.331857993175E+000 -6.479215723158E-001  3.455746281648E-001  1.278651931134E+000
  1.340332679704E+000 -6.449477380543E-001  3.561569144634E-001  1.219029816710E+000
  1.348865238797E+000 -6.418651449605E-001  3.663085441963E-001  1.160766137744E+000
  1.357456177571E+000 -6.386760813780E-001  3.760349015615E-001  1.103852135778E+000
  1.366106008782E+000 -6.353828464246E-001  3.853414485659E-001  1.048278581803E+000
  1.374815250909E+000 -6.319877491076E-001  3.942337218098E-001  9.940357904388E-001
  1.383584428224E+000 -6.284931074369E-001  4.027173292661E-001  9.411136338496E-001
  1.392414070872E+000 -6.249012475348E-001  4.107979470526E-001  8.895015554475E-001
  1.401304714948E+000 -6.212145027452E-001  4.184813161986E-001  8.391885833963E-001
  1.410256902580E+000 -6.174352127409E-001  4.257732394055E-001  7.901633439504E-001
  1.419271182008E+000 -6.135657226295E-001  4.326795777996E-001  7.424140746503E-001
  1.428348107668E+000 -6.096083820598E-001  4.392062476803E-001  6.959286373975E-001
  1.437488240275E+000 -6.055655443275E-001  4.453592172616E-001  6.506945314304E-001
  1.446692146911E+000 -6.014395654816E-001  4.511445034094E-001  6.066989062183E-001
  1.455960401104E+000 -5.972328034320E-001  4.565681683748E-001  5.639285742916E-001
  1.465293582927E+000 -5.929476170585E-001  4.616363165237E-001  5.223700240213E-001
  1.474692279079E+000 -5.885863653221E-001  4.663550910657E-001  4.820094323627E-001
  1.484157082978E+000 -5.841514063784E-001  4.707306707821E-001  4.428326775722E-001
  1.493688594856E+000 -5.796450966950E-001  4.747692667551E-001  4.048253519083E-001
  1.503287421848E+000 -5.750697901721E-001  4.784771191005E-001  3.679727743232E-001
  1.512954178094E+000 -5.704278372677E-001  4.818604937045E-001  3.322600031510E-001
  1.522689484827E+000 -5.657215841272E-001  4.849256789675E-001  2.976718487971E-001
  1.532493970480E+000 -5.609533717194E-001  4.876789825565E-001  2.641928864312E-001
  1.542368270780E+000 -5.561255349772E-001  4.901267281689E-001  2.318074686854E-001
  1.552313028853E+000 -5.512404019466E-001  4.922752523088E-001  2.004997383563E-001
  1.562328895326E+000 -5.463002929409E-001  4.941309010794E-001  1.702536411108E-001
  1.572416528431E+000 -5.413075197044E-001  4.957000269925E-001  1.410529381914E-001
  1.582576594115E+000 -5.362643845834E-001  4.969889857994E-001  1.128812191181E-001
  1.592809766145E+000 -5.311731797059E-001  4.980041333441E-001  8.572191438055E-002
  1.603116726218E+000 -5.260361861714E-001  4.987518224418E-001  5.955830811553E-002
  1.613498164078E+000 -5.208556732503E-001  4.992383997855E-001  3.437355076116E-002
  1.623954777622E+000 -5.156338975931E-001  4.994702028838E-001  1.015067168083E-002
  1.634487273025E+000 -5.103731024517E-001  4.994535570309E-001 -1.312740825263E-002
  1.645096364848E+000 -5.050755169111E-001  4.991947723131E-001 -3.547786412193E-002
  1.655782776168E+000 -4.997433551335E-001  4.987001406534E-001 -5.691795448984E-002
  1.666547238688E+000 -4.943788156149E-001  4.979759328974E-001 -7.746500899404E-002
  1.677390492873E+000 -4.889840804541E-001  4.970283959420E-001 -9.713641602358E-002
  1.688313288066E+000 -4.835613146354E-001  4.958637499107E-001 -1.159496104887E-001
  1.699316382620E+000 -4.781126653245E-001  4.944881853773E-001 -1.339220616962E-001
  1.710400544029E+000 -4.726402611793E-001  4.929078606398E-001 -1.510712613425E-001
  1.721566549058E+000 -4.671462116742E-001  4.911288990479E-001 -1.674147116368E-001
  1.732815183877E+000 -4.616326064398E-001  4.891573863860E-001 -1.829699135673E-001
  1.744147244202E+000 -4.561015146179E-001  4.869993683132E-001 -1.977543553230E-001
  1.755563535430E+000 -4.505549842313E-001  4.846608478632E-001 -2.117855008837E-001
  1.767064872781E+000 -4.449950415701E-001  4.821477830058E-001 -2.250807787899E-001
  1.778652081442E+000 -4.394236905938E-001  4.794660842715E-001 -2.376575711073E-001
  1.790325996715E+000 -4.338429123496E-001  4.766216124421E-001 -2.495332025949E-001
  1.802087464166E+000 -4.282546644071E-001  4.736201763071E-001 -2.607249300915E-001
  1.813937339772E+000 -4.226608803103E-001  4.704675304894E-001 -2.712499321302E-001
  1.825876490081E+000 -4.170634690460E-001  4.671693733405E-001 -2.811252987936E-001
  1.837905792365E+000 -4.114643145296E-001  4.637313449069E-001 -2.903680218186E-001
  1.850026134778E+000 -4.058652751078E-001  4.601590249688E-001 -2.989949849640E-001
  1.862238416525E+000 -4.002681830790E-001  4.564579311521E-001 -3.070229546468E-001
  1.874543548019E+000 -3.946748442308E-001  4.526335171152E-001 -3.144685708610E-001
  1.886942451054E+000 -3.890870373958E-001  4.486911708103E-001 -3.213483383838E-001
  1.899436058973E+000 -3.835065140236E-001  4.446362128206E-001 -3.276786182792E-001
  1.912025316845E+000 -3.779349977717E-001  4.404738947742E-001 -3.334756197060E-001
  1.924711181638E+000 -3.723741841132E-001  4.362093978339E-001 -3.387553920378E-001
  1.937494622402E+000 -3.668257399626E-001  4.318478312643E-001 -3.435338172989E-001
  1.950376620452E+000 -3.612913033190E-001  4.273942310764E-001 -3.478266029247E-001
  1.963358169552E+000 -3.557724829264E-001  4.228535587483E-001 -3.516492748484E-001
  1.976440276109E+000 -3.502708579522E-001  4.182307000232E-001 -3.550171709198E-001
  1.989623959360E+000 -3.447879776826E-001  4.135304637843E-001 -3.579454346586E-001
  2.002910251577E+000 -3.393253612353E-001  4.087575810051E-001 -3.604490093454E-001
  2.016300198259E+000 -3.338844972893E-001  4.039167037763E-001 -3.625426324514E-001
  2.029794858340E+000 -3.284668438323E-001  3.990124044070E-001 -3.642408304081E-001
  2.043395304396E+000 -3.230738279239E-001  3.940491746007E-001 -3.655579137181E-001
  2.057102622856E+000 -3.177068454769E-001  3.890314247041E-001 -3.665079724055E-001
  2.070917914217E+000 -3.123672610535E-001  3.839634830292E-001 -3.671048718048E-001
  2.084842293261E+000 -3.070564076796E-001  3.788495952461E-001 -3.673622486883E-001
  2.098876889283E+000 -3.017755866741E-001  3.736939238461E-001 -3.672935077263E-001
  2.113022846310E+000 -2.965260674945E-001  3.685005476741E-001 -3.669118182803E-001
  2.127281323341E+000 -2.913090875986E-001  3.632734615283E-001 -3.662301115228E-001
  2.141653494575E+000 -2.861258523211E-001  3.580165758261E-001 -3.652610778811E-001
  2.156140549656E+000 -2.809775347666E-001  3.527337163350E-001 -3.640171647984E-001
  2.170743693911E+000 -2.758652757166E-001  3.474286239658E-001 -3.625105748082E-001
  2.185464148607E+000 -2.707901835522E-001  3.421049546286E-001 -3.607532639147E-001
  2.200303151197E+000 -2.657533341911E-001  3.367662791472E-001 -3.587569402728E-001
  2.215261955581E+000 -2.607557710395E-001  3.314160832325E-001 -3.565330631612E-001
  2.230341832367E+000 -2.557985049575E-001  3.260577675120E-001 -3.540928422397E-001
  2.245544069142E+000 -2.508825142392E-001  3.206946476135E-001 -3.514472370838E-001
  2.260869970742E+000 -2.460087446065E-001  3.153299543018E-001 -3.486069569881E-001
  2.276320859530E+000 -2.411781092159E-001  3.099668336662E-001 -3.455824610285E-001
  2.291898075679E+000 -2.363914886797E-001  3.046083473563E-001 -3.423839583762E-001
  2.307602977460E+000 -2.316497310990E-001  2.992574728657E-001 -3.390214088516E-001
  2.323436941540E+000 -2.269536521108E-001  2.939171038605E-001 -3.355045237114E-001
  2.339401363274E+000 -2.223040349476E-001  2.885900505508E-001 -3.318427666561E-001
  2.355497657016E+000 -2.177016305087E-001  2.832790401038E-001 -3.280453550505E-001
  2.371727256428E+000 -2.131471574451E-001  2.779867170968E-001 -3.241212613452E-001
  2.388091614797E+000 -2.086413022556E-001  2.727156440070E-001 -3.200792146899E-001
  2.404592205358E+000 -2.041847193956E-001  2.674683017384E-001 -3.159277027282E-001
  2.421230521622E+000 -1.997780313973E-001  2.622470901814E-001 -3.116749735632E-001
  2.438008077714E+000 -1.954218290016E-001  2.570543288061E-001 -3.073290378836E-001
  2.454926408713E+000 -1.911166713021E-001  2.518922572855E-001 -3.028976712408E-001
  2.471987071003E+000 -1.868630858998E-001  2.467630361479E-001 -2.983884164658E-001
  2.489191642624E+000 -1.826615690697E-001  2.416687474567E-001 -2.938085862166E-001
  2.506541723641E+000 -1.785125859381E-001  2.366113955161E-001 -2.891652656459E-001
  2.524038936507E+000 -1.744165706715E-001  2.315929076013E-001 -2.844653151796E-001
  2.541684926444E+000 -1.703739266761E-001  2.266151347112E-001 -2.797153733959E-001
  2.559481361827E+000 -1.663850268084E-001  2.216798523436E-001 -2.749218599963E-001
  2.577429934572E+000 -1.624502135967E-001  2.167887612894E-001 -2.700909788598E-001
  2.595532360540E+000 -1.585697994731E-001  2.119434884472E-001 -2.652287211697E-001
  2.613790379943E+000 -1.547440670167E-001  2.071455876545E-001 -2.603408686066E-001
  2.632205757760E+000 -1.509732692069E-001  2.023965405368E-001 -2.554329965985E-001
  2.650780284158E+000 -1.472576296879E-001  1.976977573719E-001 -2.505104776193E-001
  2.669515774928E+000 -1.435973430435E-001  1.930505779689E-001 -2.455784845296E-001
  2.688414071925E+000 -1.399925750822E-001  1.884562725615E-001 -2.406419939514E-001
  2.707477043518E+000 -1.364434631336E-001  1.839160427143E-001 -2.357057896711E-001
  2.726706585047E+000 -1.329501163547E-001  1.794310222414E-001 -2.307744660624E-001
  2.746104619295E+000 -1.295126160468E-001  1.750022781367E-001 -2.258524315253E-001
  2.765673096964E+000 -1.261310159831E-001  1.706308115158E-001 -2.209439119342E-001
  2.785413997161E+000 -1.228053427470E-001  1.663175585673E-001 -2.160529540893E-001
  2.805329327899E+000 -1.195355960800E-001  1.620633915159E-001 -2.111834291684E-001
  2.825421126601E+000 -1.163217492410E-001  1.578691195936E-001 -2.063390361719E-001
  2.845691460623E+000 -1.131637493756E-001  1.537354900211E-001 -2.015233053597E-001
  2.866142427776E+000 -1.100615178958E-001  1.496631889982E-001 -1.967396016734E-001
  2.886776156875E+000 -1.070149508706E-001  1.456528427028E-001 -1.919911281436E-001
  2.907594808280E+000 -1.040239194260E-001  1.417050182982E-001 -1.872809292758E-001
  2.928600574467E+000 -1.010882701564E-001  1.378202249497E-001 -1.826118944157E-001
  2.949795680597E+000 -9.820782554541E-002  1.339989148486E-001 -1.779867610889E-001
  2.971182385105E+000 -9.538238439779E-002  1.302414842447E-001 -1.734081183153E-001
  2.992762980296E+000 -9.261172228060E-002  1.265482744874E-001 -1.688784098946E-001
  3.014539792958E+000 -8.989559197517E-002  1.229195730745E-001 -1.643999376628E-001
  3.036515184988E+000 -8.723372393873E-002  1.193556147091E-001 -1.599748647195E-001
  3.058691554023E+000 -8.462582677606E-002  1.158565823651E-001 -1.556052186226E-001
  3.081071334099E+000 -8.207158772086E-002  1.124226083605E-001 -1.512928945534E-001
  3.103656996309E+000 -7.957067312676E-002  1.090537754387E-001 -1.470396584489E-001
  3.126451049484E+000 -7.712272896790E-002  1.057501178592E-001 -1.428471501034E-001
  3.149456040888E+000 -7.472738134868E-002  1.025116224949E-001 -1.387168862390E-001
  3.172674556926E+000 -7.238423702274E-002  9.933822993893E-002 -1.346502635444E-001
  3.196109223865E+000 -7.009288392076E-002  9.622983561953E-002 -1.306485616849E-001
  3.219762708576E+000 -6.785289168701E-002  9.318629092297E-002 -1.267129462821E-001
  3.243637719289E+000 -6.566381222421E-002  9.020740432496E-002 -1.228444718651E-001
  3.267737006362E+000 -6.352518024662E-002  8.729294253026E-002 -1.190440847947E-001
  3.292063363076E+000 -6.143651384082E-002  8.444263162045E-002 -1.153126261607E-001
  3.316619626434E+000 -5.939731503412E-002  8.165615820967E-002 -1.116508346538E-001
  3.341408677987E+000 -5.740707037002E-002  7.893317060833E-002 -1.080593494138E-001
  3.366433444679E+000 -5.546525149050E-002  7.627327999443E-002 -1.045387128540E-001
  3.391696899702E+000 -5.357131572458E-002  7.367606159239E-002 -1.010893734649E-001
  3.417202063379E+000 -5.172470668297E-002  7.114105585898E-002 -9.771168859624E-002
  3.442952004065E+000 -4.992485485805E-002  6.866776967620E-002 -9.440592722008E-002
  3.468949839059E+000 -4.817117822899E-002  6.625567755047E-002 -9.117227267561E-002
  3.495198735552E+000 -4.646308287137E-002  6.390422281794E-002 -8.801082539637E-002
  3.521701911582E+000 -4.479996357073E-002  6.161281885530E-002 -8.492160562126E-002
  3.548462637020E+000 -4.318120443971E-002  5.938085029552E-002 -8.190455609004E-002
  3.575484234572E+000 -4.160617953797E-002  5.720767424804E-002 -7.895954472404E-002
  3.602770080809E+000 -4.007425349453E-002  5.509262152260E-002 -7.608636729292E-002
  3.630323607217E+000 -3.858478213174E-002  5.303499785610E-002 -7.328475006773E-002
  3.658148301271E+000 -3.713711309036E-002  5.103408514170E-002 -7.055435246089E-002
  3.686247707537E+000 -3.573058645515E-002  4.908914265925E-002 -6.789476965323E-002
  3.714625428793E+000 -3.436453538018E-002  4.719940830625E-002 -6.530553520819E-002
  3.743285127184E+000 -3.303828671327E-002  4.536409982840E-002 -6.278612367318E-002
  3.772230525397E+000 -3.175116161892E-002  4.358241604872E-002 -6.033595316779E-002
  3.801465407866E+000 -3.050247619891E-002  4.185353809411E-002 -5.795438795856E-002
  3.830993622005E+000 -2.929154211001E-002  4.017663061854E-002 -5.564074101980E-002
  3.860819079470E+000 -2.811766717793E-002  3.855084302135E-002 -5.339427657966E-002
  3.890945757450E+000 -2.698015600694E-002  3.697531065985E-002 -5.121421265072E-002
  3.921377699988E+000 -2.587831058434E-002  3.544915605482E-002 -4.909972354399E-002
  3.952119019336E+000 -2.481143087909E-002  3.397149008764E-002 -4.704994236531E-002
  3.983173897337E+000 -2.377881543382E-002  3.254141318796E-002 -4.506396349267E-002
  4.014546586845E+000 -2.277976194965E-002  3.115801651042E-002 -4.314084503315E-002
  4.046241413173E+000 -2.181356786286E-002  2.982038309922E-002 -4.127961125790E-002
  4.078262775585E+000 -2.087953091295E-002  2.852758903919E-002 -3.947925501338E-002
  4.110615148813E+000 -1.997694970120E-002  2.727870459203E-002 -3.773874010713E-002
  4.143303084620E+000 -1.910512423914E-002  2.607279531626E-002 -3.605700366614E-002
  4.176331213391E+000 -1.826335648621E-002  2.490892316978E-002 -3.443295846586E-002
  4.209704245774E+000 -1.745095087598E-002  2.378614759345E-002 -3.286549522765E-002
  4.243426974351E+000 -1.666721483024E-002  2.270352657452E-002 -3.135348488264E-002
  4.277504275353E+000 -1.591145926040E-002  2.166011768850E-002 -2.989578079974E-002
  4.311941110423E+000 -1.518299905557E-002  2.065497911831E-002 -2.849122097557E-002
  4.346742528412E+000 -1.448115355667E-002  1.968717064931E-002 -2.713863018398E-002
  4.381913667228E+000 -1.380524701625E-002  1.875575463908E-002 -2.583682208292E-002
  4.417459755726E+000 -1.315460904317E-002  1.785979696073E-002 -2.458460127636E-002
  4.453386115645E+000 -1.252857503199E-002  1.699836791855E-002 -2.338076532896E-002
  4.489698163598E+000 -1.192648657639E-002  1.617054313509E-002 -2.222410673118E-002
  4.526401413105E+000 -1.134769186623E-002  1.537540440831E-002 -2.111341481276E-002
  4.563501476684E+000 -1.079154606805E-002  1.461204053819E-002 -2.004747760224E-002
  4.601004067991E+000 -1.025741168833E-002  1.387954812159E-002 -1.902508363060E-002
  4.638915004011E+000 -9.744658919621E-003  1.317703231469E-002 -1.804502367677E-002
  4.677240207311E+000 -9.252665968848E-003  1.250360756212E-002 -1.710609245342E-002
  4.715985708351E+000 -8.780819367937E-003  1.185839829221E-002 -1.620709023091E-002
  4.755157647843E+000 -8.328514266336E-003  1.124053957762E-002 -1.534682439790E-002
  4.794762279187E+000 -7.895154705399E-003  1.064917776088E-002 -1.452411095696E-002
  4.834805970953E+000 -7.480153874519E-003  1.008347104439E-002 -1.373777595387E-002
  4.875295209443E+000 -7.082934348942E-003  9.542590044451E-003 -1.298665683915E-002
  4.916236601308E+000 -6.702928309280E-003  9.025718309210E-003 -1.226960376094E-002
  4.957636876237E+000 -6.339577742735E-003  8.532052800150E-003 -1.158548078808E-002
  4.999502889720E+000 -5.992334626126E-003  8.060804337166E-003 -1.093316706271E-002
  5.041841625875E+000 -5.660661090841E-003  7.611198007199E-003 -1.031155788180E-002
  5.084660200360E+000 -5.344029569871E-003  7.182473536508E-003 -9.719565707145E-003
  5.127965863354E+000 -5.041922927149E-003  6.773885626803E-003 -9.156121103596E-003
  5.171766002619E+000 -4.753834569421E-003  6.384704255504E-003 -8.620173605590E-003
  5.216068146649E+000 -4.479268540951E-003  6.014214940509E-003 -8.110692511985E-003
  5.260879967894E+000 -4.217739601378E-003  5.661718969943E-003 -7.626667609644E-003
  5.306209286078E+000 -3.968773287092E-003  5.326533597435E-003 -7.167109826281E-003
  5.352064071605E+000 -3.731905956515E-003  5.007992203564E-003 -6.731051813282E-003
  5.398452449055E+000 -3.506684819728E-003  4.705444424199E-003 -6.317548459430E-003
  5.445382700775E+000 -3.292667952895E-003  4.418256246534E-003 -5.925677336620E-003
  5.492863270572E+000 -3.089424297976E-003  4.145810073682E-003 -5.554539078856E-003
  5.540902767504E+000 -2.896533648238E-003  3.887504758796E-003 -5.203257695949E-003
  5.589509969774E+000 -2.713586620115E-003  3.642755609711E-003 -4.870980823566E-003
  5.638693828737E+000 -2.540184611958E-003  3.410994365185E-003 -4.556879911369E-003
  5.688463473008E+000 -2.375939750268E-003  3.191669143882E-003 -4.260150351191E-003
  5.738828212699E+000 -2.220474823995E-003  2.984244367267E-003 -3.980011547287E-003
  5.789797543759E+000 -2.073423207519E-003  2.788200657640E-003 -3.715706930874E-003
  5.841381152447E+000 -1.934428772915E-003  2.603034712585E-003 -3.466503921250E-003
  5.893588919926E+000 -1.803145792144E-003  2.428259157131E-003 -3.231693835928E-003
  5.946430926988E+000 -1.679238829786E-003  2.263402374941E-003 -3.010591752271E-003
  5.999917458910E+000 -1.562382626939E-003  2.108008319904E-003 -2.802536323259E-003
  6.054059010457E+000 -1.452261976935E-003  1.961636309465E-003 -2.606889550014E-003
  6.108866291020E+000 -1.348571593469E-003  1.823860801080E-003 -2.423036513840E-003
  6.164350229902E+000 -1.251015971783E-003  1.694271153176E-003 -2.250385070515E-003
  6.220521981762E+000 -1.159309243495E-003  1.572471371967E-003 -2.088365509646E-003
  6.277392932215E+000 -1.073175025683E-003  1.458079845508E-003 -1.936430181895E-003
  6.334974703589E+000 -9.923462647985E-004  1.350729066310E-003 -1.794053096887E-003
  6.393279160860E+000 -9.165650759745E-004  1.250065343853E-003 -1.660729494598E-003
  6.452318417752E+000 -8.455825782860E-004  1.155748508290E-003 -1.535975393026E-003
  6.512104843026E+000 -7.791587264767E-004  1.067451606591E-003 -1.419327114854E-003
  6.572651066946E+000 -7.170621396669E-004  9.848605923712E-004 -1.310340795838E-003
  6.633969987942E+000 -6.590699275186E-004  9.076740105649E-004 -1.208591877532E-003
  6.696074779472E+000 -6.049675143191E-004  8.356026781009E-004 -1.113674586926E-003
  6.758978897091E+000 -5.545484614101E-004  7.683693616482E-004 -1.025201405476E-003
  6.822696085726E+000 -5.076142883689E-004  7.057084534744E-004 -9.428025299401E-004
  6.887240387180E+000 -4.639742933173E-004  6.473656463879E-004 -8.661253272823E-004
  6.952626147859E+000 -4.234453727081E-004  5.930976086817E-004 -7.948337858678E-004
  7.018868026732E+000 -3.858518409092E-004  5.426716599343E-004 -7.286079650007E-004
  7.085981003543E+000 -3.510252498787E-004  4.958654484592E-004 -6.671434447678E-004
  7.153980387268E+000 -3.188042091968E-004  4.524666311340E-004 -6.101507780163E-004
  7.222881824836E+000 -2.890342066923E-004  4.122725562726E-004 -5.573549461645E-004
  7.292701310121E+000 -2.615674298771E-004  3.750899501430E-004 -5.084948204138E-004
  7.363455193219E+000 -2.362625883724E-004  3.407346076656E-004 -4.633226297960E-004
  7.435160190001E+000 -2.129847374925E-004  3.090310877682E-004 -4.216034373539E-004
  7.507833391988E+000 -1.916051031227E-004  2.798124138085E-004 -3.831146256196E-004
  7.581492276516E+000 -1.720009080103E-004  2.529197794184E-004 -3.476453924190E-004
  7.656154717242E+000 -1.540551995663E-004  2.282022600631E-004 -3.149962579021E-004
  7.731838994973E+000 -1.376566792567E-004  2.055165305562E-004 -2.849785835651E-004
  7.808563808847E+000 -1.226995336481E-004  1.847265887178E-004 -2.574141039098E-004
  7.886348287874E+000 -1.090832671546E-004  1.657034853134E-004 -2.321344712604E-004
  7.965212002848E+000 -9.671253652333E-005  1.483250603659E-004 -2.089808141461E-004
  8.045174978646E+000 -8.549698708431E-005  1.324756858919E-004 -1.878033095446E-004
  8.126257706932E+000 -7.535109078155E-005  1.180460150727E-004 -1.684607691812E-004
  8.208481159274E+000 -6.619398599668E-005  1.049327378385E-004 -1.508202399799E-004
  8.291866800694E+000 -5.794931917147E-005  9.303834281273E-005 -1.347566186746E-004
  8.376436603664E+000 -5.054508823316E-005  8.227088553654E-005 -1.201522805086E-004
  8.462213062574E+000 -4.391348782581E-005  7.254376287328E-005 -1.068967218736E-004
  8.549219208676E+000 -3.799075635211E-005  6.377549347199E-005 -9.488621667962E-005
  8.637478625536E+000 -3.271702483244E-005  5.588950415679E-005 -8.402348618453E-005
  8.727015464999E+000 -2.803616759235E-005  4.881392209754E-005 -7.421738196725E-005
  8.817854463709E+000 -2.389565479506E-005  4.248137261042E-005 -6.538258168540E-005
  8.910020960175E+000 -2.024640684192E-005  3.682878243402E-005 -5.743929722586E-005
  9.003540912431E+000 -1.704265067177E-005  3.179718832592E-005 -5.031299483076E-005
  9.098440916308E+000 -1.424177799786E-005  2.733155082775E-005 -4.393412676347E-005
  9.194748224321E+000 -1.180420553041E-005  2.338057305182E-005 -3.823787406688E-005
  9.292490765233E+000 -9.693237241528E-006  1.989652435035E-005 -3.316389996167E-005
  9.391697164283E+000 -7.874928739085E-006  1.683506873767E-005 -2.865611343233E-005
  9.492396764138E+000 -6.317953824774E-006  1.415509794719E-005 -2.466244255481E-005
  9.594619646576E+000 -4.993473321013E-006  1.181856901764E-005 -2.113461713002E-005
  9.698396654938E+000 -3.875006259487E-006  9.790346316242E-006 -1.802796020229E-005
  9.803759417385E+000 -2.938303531970E-006  8.038047920932E-006 -1.530118805984E-005
  9.910740370981E+000 -2.161224110928E-006  6.531896297939E-006 -1.291621833535E-005
  1.001937278665E+001 -1.523613953198E-006  5.244573225268E-006 -1.083798584802E-005
  1.012969079502E+001 -1.007187704710E-006  4.151078926607E-006 -9.034265853324E-006
  1.024172941323E+001 -5.954133274655E-007  3.228595393305E-006 -7.475504392643E-006
  1.035552457272E+001 -2.733997719013E-007  2.456353884320E-006 -6.134655461288E-006
  1.047111314798E+001 -2.778781803967E-008  1.815506605079E-006 -4.987024739885E-006
  1.058853298647E+001  1.533557924015E-007  1.289002575790E-006 -4.010119659860E-006
  1.070782293953E+001  2.806408137066E-007  8.614677078086E-007 -3.183505598637E-006
  1.082902289454E+001  3.634524289990E-007  5.190891129292E-007 -2.488668023676E-006
  1.095217380826E+001  4.100465497743E-007  2.495036749451E-007 -1.908880426195E-006
  1.107731774137E+001  4.276413815313E-007  4.169091532921E-008 -1.429077905228E-006
  1.120449789442E+001  4.225051643038E-007 -1.141298145280E-007 -1.035736280186E-006
  1.133375864507E+001  4.000400077753E-007 -2.265977834818E-007 -7.167566251933E-007
  1.146514558681E+001  3.648617529133E-007 -3.033049454687E-007 -4.613551310906E-007
  1.159870556913E+001  3.208758055467E-007 -3.508855964574E-007 -2.599582109590E-007
  1.173448673928E+001  2.713489019079E-007 -3.751016078904E-007 -1.041027724487E-007
  1.187253858566E+001  2.189767816764E-007 -3.809232295517E-007  1.365841498894E-008
  1.201291198287E+001  1.659477603363E-007 -3.726054648335E-007  9.984632748877E-008
  1.215565923859E+001  1.140022094866E-007 -3.537600327058E-007  1.601403382739E-007
  1.230083414231E+001  6.448797092814E-008 -3.274229431225E-007  1.994579849091E-007
  1.244849201595E+001  1.841174767785E-008 -2.961177259086E-007  2.220299280415E-007
  1.259868976657E+001 -2.351346767985E-008 -2.619143671383E-007  2.314701832033E-007
  1.275148594119E+001 -6.082484991972E-008 -2.264840213977E-007  2.308417145607E-007
  1.290694078384E+001 -9.326998951350E-008 -1.911495828865E-007  2.227174880174E-007
  1.306511629490E+001 -1.207708227295E-007 -1.569322128139E-007  2.092370905218E-007
  1.322607629292E+001 -1.433911189569E-007 -1.245939347451E-007  1.921590325165E-007
  1.338988647898E+001 -1.613073869062E-007 -9.467642322840E-008  1.729088608977E-007
  1.355661450375E+001 -1.747830487740E-007 -6.753612396467E-008  1.526232203643E-007
  1.372633003727E+001 -1.841457202882E-007 -4.337585576848E-008  1.321900113408E-007
  1.389910484176E+001 -1.897674249049E-007 -2.227305542640E-008  1.122848025093E-007
  1.407501284743E+001 -1.920475624148E-007 -4.204836129076E-009  9.340366515412E-008
  1.425413023161E+001 -1.913984459121E-007  1.092996170629E-008  7.589260477878E-008
  1.443653550117E+001 -1.882332165516E-007  2.329154180424E-008  5.997377263172E-008
  1.462230957852E+001 -1.829559427835E-007  3.308255519490E-008  4.576864570200E-008
  1.481153589140E+001 -1.759537098304E-007  4.053394148199E-008  3.331836830174E-008
  1.500430046649E+001 -1.675905060174E-007  4.589301293654E-008  2.260145143713E-008
  1.520069202718E+001 -1.582027151449E-007  4.941358625746E-008  1.354902772448E-008
  1.540080209569E+001 -1.480960283232E-007  5.134796863679E-008  6.057859600305E-009
  1.560472509963E+001 -1.375435944655E-007  5.194060818341E-008  1.297006568679E-012
  1.581255848342E+001 -1.267852358464E-007  5.142322371147E-008 -4.761622364898E-009
  1.602440282470E+001 -1.160275636239E-007  5.001123528041E-008 -8.378741749321E-009
  1.624036195599E+001 -1.054448378428E-007  4.790132455508E-008 -1.099884033370E-008
  1.646054309190E+001 -9.518042701089E-008  4.526996288818E-008 -1.276699927111E-008
  1.668505696224E+001 -8.534873367447E-008  4.227275485217E-008 -1.382111167971E-008
  1.691401795117E+001 -7.603746433861E-008  3.904445558789E-008 -1.428937896344E-008
  1.714754424293E+001 -6.731013437334E-008  3.569953161133E-008 -1.428864595978E-008
  1.738575797433E+001 -5.920871103224E-008  3.233314643994E-008 -1.392343824131E-008
  1.762878539445E+001 -5.175631019302E-008  2.902246437922E-008 -1.328557619590E-008
  1.787675703191E+001 -4.495987472859E-008  2.582817786415E-008 -1.245425210341E-008
  1.812980787015E+001 -3.881277436174E-008  2.279617570149E-008 -1.149646813960E-008
  1.838807753110E+001 -3.329727829136E-008  1.995928124091E-008 -1.046774489703E-008
  1.865171046781E+001 -2.838686266399E-008  1.733900076270E-008 -9.413021457818E-009
  1.892085616642E+001 -2.404832498283E-008  1.494723306944E-008 -8.367679133708E-009
  1.919566935809E+001 -2.024368670059E-008  1.278790129099E-008 -7.358631572013E-009
  1.947631024137E+001 -1.693187345700E-008  1.085847715788E-008 -6.405433894339E-009
  1.976294471571E+001 -1.407016964629E-008  9.151376391549E-009 -5.521372792794E-009
  2.005574462663E+001 -1.161545020653E-008  7.655211346144E-009 -4.714507978435E-009
  2.035488802332E+001 -9.525197706943E-009  6.355893584430E-009 -3.988643004483E-009
  2.066055942930E+001 -7.758316987741E-009  5.237584669358E-009 -3.344210238263E-009
  2.097295012706E+001 -6.275762818230E-009  4.283498113210E-009 -2.779060617840E-009
  2.129225845729E+001 -5.040998336331E-009  3.476559178138E-009 -2.289153808364E-009
  2.161869013374E+001 -4.020303488672E-009  2.799932111508E-009 -1.869148493827E-009
  2.195245857462E+001 -3.182953386863E-009  2.237426488108E-009 -1.512895842849E-009
  2.229378525140E+001 -2.501286525601E-009  1.773795692052E-009 -1.213841726702E-009
  2.264290005632E+001 -1.950682270286E-009  1.394941286023E-009 -9.653451095974E-010
  2.300004168951E+001 -1.509466017580E-009  1.088037172474E-009 -7.609212493669E-010
  2.336545806705E+001 -1.158759063152E-009  8.415871413364E-010 -5.944190206338E-010
  2.373940675129E+001 -8.822885752032E-010  6.454287129185E-010 -4.601418849676E-010
  2.412215540475E+001 -6.661712629956E-010  4.906952114937E-010 -3.529218660235E-010
  2.451398226921E+001 -4.986824314025E-010  3.697468283163E-010 -2.681554228097E-010
  2.491517667142E+001 -3.700202008061E-010  2.760801293691E-010 -2.018094272037E-010
  2.532603955735E+001 -2.720728109528E-010  2.042241014564E-010 -1.504046127067E-010
  2.574688405660E+001 -1.981951703807E-010  1.496294692749E-010 -1.109829327682E-010
  2.617803607920E+001 -1.429992006606E-010  1.085567045345E-010 -8.106430290488E-011
  2.661983494664E+001 -1.021610860347E-010  7.796692437766E-011 -5.859724633603E-011
  2.707263405971E+001 -7.224729207074E-011  5.541876834366E-011 -4.190705379237E-011
  2.753680160532E+001 -5.056016949668E-011  3.897336934753E-011 -2.964423138051E-011
  2.801272130518E+001 -3.500311031366E-011  2.710870422505E-011 -2.073526428208E-011
  2.850079320900E+001 -2.396456406315E-011  1.864392526051E-011 -1.433707934702E-011
  2.900143453541E+001 -1.621973827827E-011  1.267373128320E-011 -9.796050340698E-012
  2.951508056378E+001 -1.084847995269E-011  8.512425851474E-012 -6.611954199512E-012
  3.004218558064E+001 -7.167642835951E-012  5.647017502782E-012 -4.406949237837E-012
  3.058322388437E+001 -4.676165742545E-012  3.698527419537E-012 -2.899397724762E-012
  3.113869085248E+001 -3.011097036750E-012  2.390566341140E-012 -1.882184415739E-012
  3.170910407585E+001 -1.912878236150E-012  1.524208199466E-012 -1.205077202128E-012
  3.229500456485E+001 -1.198325309342E-012  9.582065367760E-013 -7.606235281370E-013
  3.289695803249E+001 -7.399021823048E-013  5.936564173048E-013 -4.730645954373E-013
  3.351555626047E+001 -4.500524225928E-013  3.622862203631E-013 -2.897676094259E-013
  3.415141855403E+001 -2.695301333680E-013  2.176594348464E-013 -1.747147556473E-013
  3.480519329257E+001 -1.588406852622E-013  1.286675597999E-013 -1.036381253072E-013
  3.547755958299E+001 -9.205960278460E-014  7.479476206844E-014 -6.044594805941E-014
  3.616922902393E+001 -5.243959641844E-014  4.272830588623E-014 -3.464231806742E-014
  3.688094758921E+001 -2.933925004763E-014  2.397291159514E-014 -1.949662726088E-014
  3.761349763993E+001 -1.611166404651E-014  1.320050176319E-014 -1.076790029885E-014
  3.836770007534E+001 -8.678022114711E-015  7.128750585582E-015 -5.831932156228E-015
  3.914441663347E+001 -4.581011485913E-015  3.772788696658E-015 -3.095127546094E-015
  3.994455235367E+001 -2.368190881398E-015  1.955210029477E-015 -1.608373642977E-015
  4.076905821405E+001 -1.197907394922E-015  9.913888675048E-016 -8.176684188292E-016
  4.161893395835E+001 -5.923774745215E-016  4.913976799681E-016 -4.063214816342E-016
  4.249523112779E+001 -2.861145508537E-016  2.378806614873E-016 -1.971808367445E-016
  4.339905631520E+001 -1.348414542490E-016  1.123567573855E-016 -9.335562710566E-017
  4.433157466006E+001 -6.194441705698E-017  5.172583474910E-017 -4.307772629835E-017
  4.529401360538E+001 -2.770799754826E-017  2.318536973762E-017 -1.935230826357E-017
  4.628766693861E+001 -1.205412037684E-017  1.010701416556E-017 -8.454459545548E-018
  4.731389914191E+001 -5.094118482825E-018  4.279673769349E-018 -3.587482340289E-018
  4.837415007871E+001 -2.088584908202E-018  1.758023541738E-018 -1.476702193504E-018
  4.946994004686E+001 -8.296597316530E-019  6.996501817148E-019 -5.888603888611E-019
  5.060287523143E+001 -3.188559532255E-019  2.693779762451E-019 -2.271598860359E-019
  5.177465359367E+001 -1.183809774115E-019  1.001878488175E-019 -8.464449373192E-020
  5.298707123650E+001 -4.239067405233E-020  3.593756777424E-020 -3.041748220007E-020
  5.424202929116E+001 -1.461595189176E-020  1.241169255937E-020 -1.052383827235E-020
  5.554154137419E+001 -4.843686054537E-021  4.119897272056E-021 -3.499262827037E-021
  5.688774166961E+001 -1.539904881909E-021  1.311874671550E-021 -1.116114480122E-021
  5.828289369667E+001 -4.687136197641E-022  3.999228386660E-022 -3.407993333515E-022
  5.972939983075E+001 -1.362981238750E-022  1.164692756992E-022 -9.940783980846E-023
  6.122981165190E+001 -3.777946231603E-023  3.233056854056E-023 -2.763697975932E-023
  6.278684120462E+001 -9.957675212422E-024  8.533659506700E-024 -7.305709327700E-024
  6.440337326150E+001 -2.489327902305E-024  2.136305894772E-024 -1.831566993548E-024
  6.608247869451E+001 -5.886290457151E-025  5.058382344843E-025 -4.342964971044E-025
  6.782742906960E+001 -1.312720570204E-025  1.129577371917E-025 -9.711571431163E-026
  6.964171259434E+001 -2.752488023584E-026  2.371528664256E-026 -2.041666548757E-026
  7.152905156377E+001 -5.408312989801E-027  4.665626057488E-027 -4.021923621844E-027
  7.349342146763E+001 -9.923019842156E-028  8.570841273032E-028 -7.397752737113E-028
  7.553907194217E+001 -1.693665371212E-028  1.464621367627E-028 -1.265725850390E-028
  7.767054977292E+001 -2.678266462663E-029  2.318765054581E-029 -2.006295219948E-029
  7.989272418113E+001 -3.906951019505E-030  3.386363064562E-030 -2.933470382819E-030
  8.221081465675E+001 -5.233109136208E-031  4.540834190413E-031 -3.938044411605E-031
  8.463042163523E+001 -6.403995691720E-032  5.562822589522E-032 -4.829742801927E-032
  8.715756035520E+001 -7.121679811608E-033  6.192746164887E-033 -5.382490981833E-033
  8.979869827958E+001 -7.155652552909E-034  6.228670503279E-034 -5.419439563421E-034
  9.256079651532E+001 -6.455873514189E-035  5.625165481245E-035 -4.899382990804E-035
  9.545135572765E+001 -5.195099338415E-036  4.531035798644E-036 -3.950381511070E-036
  9.847846711487E+001 -3.701950525614E-037  3.231818941252E-037 -2.820413089896E-037
  1.016508690915E+002 -2.317815247173E-038  2.025338775642E-038 -1.769198297484E-038
  1.049780104220E+002 -1.264375839917E-039  1.105827576475E-039 -9.668712494930E-040
  1.084701206579E+002 -5.954663929813E-041  5.212559110853E-041 -4.561672937732E-041
  1.121382888606E+002 -2.397302084129E-042  2.100338899339E-042 -1.839688223027E-042
  1.159945517414E+002 -8.162166074037E-044  7.157073776510E-044 -6.274253669145E-044
  1.200519925308E+002 -2.322905355053E-045  2.038523956424E-045 -1.788563594935E-045
  1.243248520934E+002 -5.456041481717E-047  4.791893814202E-047 -4.207733519747E-047
  1.288286540551E+002 -1.043091120935E-048  9.168286132844E-049 -8.056981741987E-049
  1.335803459987E+002 -1.598786642111E-050  1.406320028660E-050 -1.236808536880E-050
  1.385984591287E+002 -1.932379845406E-052  1.701004332076E-052 -1.497093540555E-052
  1.439032892205E+002 -1.808642517995E-054  1.593223209407E-054 -1.403255172376E-054
  1.495171021587E+002 -1.285080480280E-056  1.132809922407E-056 -9.984471304194E-057
  1.554643679592E+002 -6.781534724918E-059  5.982043339287E-059 -5.276151463137E-059
  1.617720278763E+002 -2.594706400167E-061  2.290323377483E-061 -2.021417476120E-061
  1.684698000514E+002 -7.009297340779E-064  6.191022749847E-064 -5.467705638350E-064
  1.755905301928E+002 -1.298179827155E-066  1.147346412922E-066 -1.013941658747E-066
  1.831705950299E+002 -1.595677786958E-069  1.411137348565E-069 -1.247830754804E-069
  1.912503678195E+002 -1.255533079986E-072  1.110987953039E-072 -9.830060810478E-073
  1.998747570544E+002 -6.074964143660E-076  5.378669497713E-076 -4.761839708085E-076
  2.090938318328E+002 -1.728407085351E-079  1.531158312228E-079 -1.356331367331E-079
  2.189635501945E+002 -2.750427843881E-083  2.437868731492E-083 -2.160701086656E-083
  2.295466102647E+002 -2.314469842612E-087  2.052536017265E-087 -1.820148478616E-087
  2.409134484547E+002 -9.670231220418E-092  8.580223931793E-092 -7.612712400896E-092
  2.531434144886E+002 -1.868650939659E-096  1.658845196400E-096 -1.472531721045E-096
  2.663261599835E+002 -1.541318390826E-101  1.368924374043E-101 -1.215764883028E-101
  2.805632861191E+002 -4.955076969259E-107  4.402917268222E-107 -3.912149557797E-107
  2.959703071532E+002 -5.599043838391E-113  4.977378973728E-113 -4.424599517155E-113
  3.126790009236E+002 -1.976381062245E-119  1.757713268934E-119 -1.563195414078E-119
  3.308402360200E+002 -1.904081814431E-126  1.694132328457E-126 -1.507295128447E-126
  3.506273893903E+002 -4.287172548784E-134  3.816023306694E-134 -3.396577601224E-134
  3.722404996260E+002 -1.886128390522E-142  1.679514160865E-142 -1.495504313039E-142
  3.959113426415E+002 -1.317616119817E-151  1.173728870279E-151 -1.045536665302E-151
  4.219096715122E+002 -1.148040379363E-161  1.023049627006E-161 -9.116533778110E-162
  4.505509359373E+002 -9.406703049200E-173  8.385556167048E-173 -7.475162531101E-173
  4.822058963204E+002 -5.200911682782E-185  4.637918719390E-185 -4.135822177801E-185
  5.173126831536E+002 -1.310781761162E-198  1.169277629215E-198 -1.043039187591E-198
  5.563920392209E+002 -9.447247614795E-214  8.430058486896E-214 -7.522326903790E-214
  6.000667421536E+002 -1.114889316450E-230  9.951523689418E-231 -8.882685003505E-231
  6.490865708786E+002 -1.100873084498E-249  9.829290594964E-250 -8.776157644448E-250
  7.043607010442E+002 -4.029456781922E-271  3.598761998474E-271 -3.214085912599E-271
  7.670001674974E+002 -2.021445237909E-295  1.805863692653E-295 -1.613266240100E-295
  8.383741345464E+002  0.000000000000E+000  0.000000000000E+000  0.000000000000E+000
  9.201853543213E+002  0.000000000000E+000  0.000000000000E+000  0.000000000000E+000
  1.014572672318E+003  0.000000000000E+000  0.000000000000E+000  0.000000000000E+000
  1.124252254996E+003  0.000000000000E+000  0.000000000000E+000  0.000000000000E+000
  1.252715205428E+003  0.000000000000E+000  0.000000000000E+000  0.000000000000E+000
  1.404508845568E+003  0.000000000000E+000  0.000000000000E+000  0.000000000000E+000
  1.585644739908E+003  0.000000000000E+000  0.000000000000E+000  0.000000000000E+000
  1.804203189488E+003  0.000000000000E+000  0.000000000000E+000  0.000000000000E+000
  2.071250249814E+003  0.000000000000E+000  0.000000000000E+000  0.000000000000E+000
  2.402266552340E+003  0.000000000000E+000  0.000000000000E+000  0.000000000000E+000
  2.819442449497E+003  0.000000000000E+000  0.000000000000E+000  0.000000000000E+000
  3.355496240167E+003  0.000000000000E+000  0.000000000000E+000  0.000000000000E+000
  4.060290442982E+003  0.000000000000E+000  0.000000000000E+000  0.000000000000E+000
  5.012860622227E+003  0.000000000000E+000  0.000000000000E+000  0.000000000000E+000
  6.344578802016E+003  0.000000000000E+000  0.000000000000E+000  0.000000000000E+000
  8.287000878586E+003  0.000000000000E+000  0.000000000000E+000  0.000000000000E+000
  1.127976970933E+004  0.000000000000E+000  0.000000000000E+000  0.000000000000E+000
  1.624316171036E+004  0.000000000000E+000  0.000000000000E+000  0.000000000000E+000
  2.538031516868E+004  0.000000000000E+000  0.000000000000E+000  0.000000000000E+000
  4.512107881524E+004  0.000000000000E+000  0.000000000000E+000  0.000000000000E+000
  1.015232606647E+005  0.000000000000E+000  0.000000000000E+000  0.000000000000E+000
  4.060950426526E+005  0.000000000000E+000  0.000000000000E+000  0.000000000000E+000
