# 1st line: number of mesh points
# abcissa wavefunction wavefunction_1st wavefunction_2nd
1000
# Principal QN=   4 , l=   0 , Occupation=   2.0010
  2.462477732966E-006  1.870577798347E+001 -7.500316426796E+002  2.658571778091E+004
  9.849959442330E-006  1.870023786381E+001 -7.498352706591E+002  2.657773628411E+004
  2.216259066178E-005  1.869100743292E+001 -7.495081106586E+002  2.656443984980E+004
  3.940061395432E-005  1.867809134053E+001 -7.490503525810E+002  2.654583756099E+004
  6.156436892224E-005  1.866149609018E+001 -7.484622619948E+002  2.652194211881E+004
  8.865429222131E-005  1.864123003309E+001 -7.477441798395E+002  2.649276982746E+004
  1.206709175794E-004  1.861730336034E+001 -7.468965220474E+002  2.645834057493E+004
  1.576148758184E-004  1.858972809330E+001 -7.459197790825E+002  2.641867780941E+004
  1.994868948811E-004  1.855851807246E+001 -7.448145153976E+002  2.637380851163E+004
  2.462877998613E-004  1.852368894442E+001 -7.435813688098E+002  2.632376316296E+004
  2.980185130383E-004  1.848525814735E+001 -7.422210497963E+002  2.626857570943E+004
  3.546800539158E-004  1.844324489474E+001 -7.407343407111E+002  2.620828352178E+004
  4.162735392647E-004  1.839767015756E+001 -7.391220949234E+002  2.614292735144E+004
  4.828001831694E-004  1.834855664481E+001 -7.373852358803E+002  2.607255128268E+004
  5.542612970792E-004  1.829592878251E+001 -7.355247560944E+002  2.599720268089E+004
  6.306582898628E-004  1.823981269122E+001 -7.335417160577E+002  2.591693213717E+004
  7.119926678676E-004  1.818023616194E+001 -7.314372430844E+002  2.583179340916E+004
  7.982660349828E-004  1.811722863068E+001 -7.292125300844E+002  2.574184335847E+004
  8.894800927067E-004  1.805082115153E+001 -7.268688342680E+002  2.564714188445E+004
  9.856366402179E-004  1.798104636838E+001 -7.244074757859E+002  2.554775185478E+004
  1.086737574451E-003  1.790793848529E+001 -7.218298363054E+002  2.544373903269E+004
  1.192784890174E-003  1.783153323556E+001 -7.191373575251E+002  2.533517200110E+004
  1.303780680078E-003  1.775186784956E+001 -7.163315396309E+002  2.522212208373E+004
  1.419727134858E-003  1.766898102137E+001 -7.134139396957E+002  2.510466326335E+004
  1.540626543307E-003  1.758291287421E+001 -7.103861700246E+002  2.498287209716E+004
  1.666481292416E-003  1.749370492484E+001 -7.072498964495E+002  2.485682762971E+004
  1.797293867468E-003  1.740140004688E+001 -7.040068365740E+002  2.472661130313E+004
  1.933066852148E-003  1.730604243307E+001 -7.006587579733E+002  2.459230686517E+004
  2.073802928647E-003  1.720767755671E+001 -6.972074763500E+002  2.445400027490E+004
  2.219504877777E-003  1.710635213208E+001 -6.936548536503E+002  2.431177960643E+004
  2.370175579090E-003  1.700211407414E+001 -6.900027961422E+002  2.416573495062E+004
  2.525818010992E-003  1.689501245733E+001 -6.862532524591E+002  2.401595831510E+004
  2.686435250879E-003  1.678509747380E+001 -6.824082116125E+002  2.386254352262E+004
  2.852030475254E-003  1.667242039082E+001 -6.784697009752E+002  2.370558610790E+004
  3.022606959872E-003  1.655703350775E+001 -6.744397842400E+002  2.354518321330E+004
  3.198168079872E-003  1.643899011232E+001 -6.703205593547E+002  2.338143348314E+004
  3.378717309917E-003  1.631834443649E+001 -6.661141564391E+002  2.321443695722E+004
  3.564258224347E-003  1.619515161196E+001 -6.618227356846E+002  2.304429496335E+004
  3.754794497325E-003  1.606946762516E+001 -6.574484852410E+002  2.287111000928E+004
  3.950329902993E-003  1.594134927208E+001 -6.529936190932E+002  2.269498567410E+004
  4.150868315631E-003  1.581085411279E+001 -6.484603749307E+002  2.251602649924E+004
  4.356413709820E-003  1.567804042574E+001 -6.438510120132E+002  2.233433787934E+004
  4.566970160612E-003  1.554296716205E+001 -6.391678090354E+002  2.215002595297E+004
  4.782541843700E-003  1.540569389960E+001 -6.344130619936E+002  2.196319749356E+004
  5.003133035593E-003  1.526628079721E+001 -6.295890820574E+002  2.177395980055E+004
  5.228748113801E-003  1.512478854881E+001 -6.246981934497E+002  2.158242059095E+004
  5.459391557015E-003  1.498127833775E+001 -6.197427313375E+002  2.138868789151E+004
  5.695067945303E-003  1.483581179124E+001 -6.147250397366E+002  2.119286993155E+004
  5.935781960296E-003  1.468845093504E+001 -6.096474694327E+002  2.099507503675E+004
  6.181538385392E-003  1.453925814841E+001 -6.045123759224E+002  2.079541152386E+004
  6.432342105956E-003  1.438829611931E+001 -5.993221173758E+002  2.059398759664E+004
  6.688198109528E-003  1.423562780012E+001 -5.940790526247E+002  2.039091124304E+004
  6.949111486034E-003  1.408131636363E+001 -5.887855391769E+002  2.018629013384E+004
  7.215087428003E-003  1.392542515960E+001 -5.834439312617E+002  1.998023152285E+004
  7.486131230784E-003  1.376801767178E+001 -5.780565779071E+002  1.977284214883E+004
  7.762248292776E-003  1.360915747554E+001 -5.726258210512E+002  1.956422813913E+004
  8.043444115654E-003  1.344890819606E+001 -5.671539936916E+002  1.935449491540E+004
  8.329724304602E-003  1.328733346724E+001 -5.616434180728E+002  1.914374710123E+004
  8.621094568555E-003  1.312449689118E+001 -5.560964039153E+002  1.893208843206E+004
  8.917560720438E-003  1.296046199851E+001 -5.505152466879E+002  1.871962166725E+004
  9.219128677417E-003  1.279529220944E+001 -5.449022259251E+002  1.850644850465E+004
  9.525804461149E-003  1.262905079554E+001 -5.392596035906E+002  1.829266949749E+004
  9.837594198038E-003  1.246180084252E+001 -5.335896224903E+002  1.807838397401E+004
  1.015450411950E-002  1.229360521366E+001 -5.278945047348E+002  1.786368995955E+004
  1.047654056222E-002  1.212452651432E+001 -5.221764502538E+002  1.764868410152E+004
  1.080370996845E-002  1.195462705725E+001 -5.164376353631E+002  1.743346159709E+004
  1.113601888623E-002  1.178396882890E+001 -5.106802113861E+002  1.721811612380E+004
  1.147347396972E-002  1.161261345668E+001 -5.049063033306E+002  1.700273977310E+004
  1.181608197948E-002  1.144062217720E+001 -4.991180086219E+002  1.678742298686E+004
  1.216384978272E-002  1.126805580553E+001 -4.933173958932E+002  1.657225449698E+004
  1.251678435364E-002  1.109497470548E+001 -4.875065038341E+002  1.635732126809E+004
  1.287489277369E-002  1.092143876090E+001 -4.816873400986E+002  1.614270844336E+004
  1.323818223191E-002  1.074750734808E+001 -4.758618802709E+002  1.592849929354E+004
  1.360666002522E-002  1.057323930911E+001 -4.700320668930E+002  1.571477516918E+004
  1.398033355872E-002  1.039869292641E+001 -4.641998085513E+002  1.550161545607E+004
  1.435921034603E-002  1.022392589832E+001 -4.583669790238E+002  1.528909753400E+004
  1.474329800963E-002  1.004899531568E+001 -4.525354164885E+002  1.507729673870E+004
  1.513260428113E-002  9.873957639574E+000 -4.467069227918E+002  1.486628632713E+004
  1.552713700165E-002  9.698868680157E+000 -4.408832627779E+002  1.465613744599E+004
  1.592690412217E-002  9.523783576504E+000 -4.350661636784E+002  1.444691910354E+004
  1.633191370382E-002  9.348756777577E+000 -4.292573145620E+002  1.423869814465E+004
  1.674217391826E-002  9.173842024243E+000 -4.234583658439E+002  1.403153922913E+004
  1.715769304806E-002  8.999092332362E+000 -4.176709288542E+002  1.382550481330E+004
  1.757847948698E-002  8.824559976924E+000 -4.118965754656E+002  1.362065513469E+004
  1.800454174044E-002  8.650296477227E+000 -4.061368377777E+002  1.341704819997E+004
  1.843588842578E-002  8.476352583088E+000 -4.003932078600E+002  1.321473977603E+004
  1.887252827273E-002  8.302778262068E+000 -3.946671375500E+002  1.301378338411E+004
  1.931447012370E-002  8.129622687695E+000 -3.889600383066E+002  1.281423029703E+004
  1.976172293425E-002  7.956934228674E+000 -3.832732811188E+002  1.261612953933E+004
  2.021429577341E-002  7.784760439061E+000 -3.776081964663E+002  1.241952789050E+004
  2.067219782411E-002  7.613148049382E+000 -3.719660743326E+002  1.222446989096E+004
  2.113543838356E-002  7.442142958675E+000 -3.663481642690E+002  1.203099785096E+004
  2.160402686371E-002  7.271790227439E+000 -3.607556755070E+002  1.183915186216E+004
  2.207797279156E-002  7.102134071459E+000 -3.551897771195E+002  1.164896981202E+004
  2.255728580967E-002  6.933217856485E+000 -3.496515982281E+002  1.146048740063E+004
  2.304197567655E-002  6.765084093750E+000 -3.441422282552E+002  1.127373816025E+004
  2.353205226706E-002  6.597774436282E+000 -3.386627172195E+002  1.108875347722E+004
  2.402752557287E-002  6.431329675998E+000 -3.332140760728E+002  1.090556261623E+004
  2.452840570292E-002  6.265789741556E+000 -3.277972770778E+002  1.072419274695E+004
  2.503470288379E-002  6.101193696917E+000 -3.224132542229E+002  1.054466897278E+004
  2.554642746023E-002  5.937579740609E+000 -3.170629036745E+002  1.036701436176E+004
  2.606358989558E-002  5.774985205659E+000 -3.117470842636E+002  1.019124997949E+004
  2.658620077221E-002  5.613446560150E+000 -3.064666180052E+002  1.001739492394E+004
  2.711427079202E-002  5.452999408400E+000 -3.012222906495E+002  9.845466362150E+003
  2.764781077690E-002  5.293678492701E+000 -2.960148522611E+002  9.675479568550E+003
  2.818683166921E-002  5.135517695620E+000 -2.908450178268E+002  9.507447965017E+003
  2.873134453224E-002  4.978550042803E+000 -2.857134678884E+002  9.341383162384E+003
  2.928136055074E-002  4.822807706280E+000 -2.806208491985E+002  9.177295003402E+003
  2.983689103139E-002  4.668322008211E+000 -2.755677753989E+002  9.015191607018E+003
  3.039794740329E-002  4.515123425075E+000 -2.705548277182E+002  8.855079413871E+003
  3.096454121851E-002  4.363241592245E+000 -2.655825556878E+002  8.696963232905E+003
  3.153668415253E-002  4.212705308936E+000 -2.606514778730E+002  8.540846288995E+003
  3.211438800486E-002  4.063542543491E+000 -2.557620826198E+002  8.386730271485E+003
  3.269766469947E-002  3.915780438983E+000 -2.509148288120E+002  8.234615383532E+003
  3.328652628537E-002  3.769445319096E+000 -2.461101466409E+002  8.084500392161E+003
  3.388098493714E-002  3.624562694258E+000 -2.413484383821E+002  7.936382678920E+003
  3.448105295547E-002  3.481157268016E+000 -2.366300791801E+002  7.790258291048E+003
  3.508674276771E-002  3.339252943601E+000 -2.319554178376E+002  7.646121993042E+003
  3.569806692844E-002  3.198872830679E+000 -2.273247776087E+002  7.503967318546E+003
  3.631503812000E-002  3.060039252253E+000 -2.227384569933E+002  7.363786622436E+003
  3.693766915309E-002  2.922773751695E+000 -2.181967305327E+002  7.225571133045E+003
  3.756597296732E-002  2.787097099885E+000 -2.136998496024E+002  7.089311004398E+003
  3.819996263183E-002  2.653029302435E+000 -2.092480432035E+002  6.954995368394E+003
  3.883965134583E-002  2.520589606977E+000 -2.048415187480E+002  6.822612386834E+003
  3.948505243923E-002  2.389796510494E+000 -2.004804628401E+002  6.692149303204E+003
  4.013617937323E-002  2.260667766678E+000 -1.961650420483E+002  6.563592494149E+003
  4.079304574093E-002  2.133220393291E+000 -1.918954036705E+002  6.436927520533E+003
  4.145566526792E-002  2.007470679523E+000 -1.876716764886E+002  6.312139178025E+003
  4.212405181296E-002  1.883434193313E+000 -1.834939715114E+002  6.189211547123E+003
  4.279821936853E-002  1.761125788639E+000 -1.793623827069E+002  6.068128042548E+003
  4.347818206155E-002  1.640559612749E+000 -1.752769877193E+002  5.948871461942E+003
  4.416395415396E-002  1.521749113324E+000 -1.712378485734E+002  5.831424033794E+003
  4.485555004336E-002  1.404707045563E+000 -1.672450123623E+002  5.715767464538E+003
  4.555298426375E-002  1.289445479180E+000 -1.632985119199E+002  5.601882984754E+003
  4.625627148608E-002  1.175975805301E+000 -1.593983664761E+002  5.489751394427E+003
  4.696542651902E-002  1.064308743255E+000 -1.555445822933E+002  5.379353107195E+003
  4.768046430958E-002  9.544543472470E-001 -1.517371532859E+002  5.270668193547E+003
  4.840139994379E-002  8.464220129191E-001 -1.479760616193E+002  5.163676422914E+003
  4.912824864743E-002  7.402204837797E-001 -1.442612782900E+002  5.058357304622E+003
  4.986102578670E-002  6.358578575070E-001 -1.405927636848E+002  4.954690127645E+003
  5.059974686895E-002  5.333415921205E-001 -1.369704681200E+002  4.852653999148E+003
  5.134442754336E-002  4.326785120188E-001 -1.333943323591E+002  4.752227881760E+003
  5.209508360169E-002  3.338748138837E-001 -1.298642881091E+002  4.653390629561E+003
  5.285173097899E-002  2.369360724503E-001 -1.263802584956E+002  4.556121022761E+003
  5.361438575437E-002  1.418672461433E-001 -1.229421585152E+002  4.460397801028E+003
  5.438306415168E-002  4.867268258380E-002 -1.195498954676E+002  4.366199695460E+003
  5.515778254035E-002 -4.264387603294E-002 -1.162033693637E+002  4.273505459187E+003
  5.593855743605E-002 -1.320792876836E-001 -1.129024733133E+002  4.182293896573E+003
  5.672540550155E-002 -2.196310053826E-001 -1.096470938902E+002  4.092543891023E+003
  5.751834354743E-002 -3.052970721628E-001 -1.064371114757E+002  4.004234431379E+003
  5.831738853289E-002 -3.890761161634E-001 -1.032724005800E+002  3.917344636909E+003
  5.912255756656E-002 -4.709673458213E-001 -1.001528301428E+002  3.831853780873E+003
  5.993386790726E-002 -5.509705451556E-001 -9.707826381236E+001  3.747741312692E+003
  6.075133696481E-002 -6.290860691385E-001 -9.404856020387E+001  3.664986878699E+003
  6.157498230090E-002 -7.053148391449E-001 -9.106357313722E+001  3.583570341497E+003
  6.240482162984E-002 -7.796583384708E-001 -8.812315185481E+001  3.503471797931E+003
  6.324087281946E-002 -8.521186079105E-001 -8.522714121972E+001  3.424671595680E+003
  6.408315389190E-002 -9.226982413846E-001 -8.237538189474E+001  3.347150348499E+003
  6.493168302447E-002 -9.914003816068E-001 -7.956771050289E+001  3.270888950111E+003
  6.578647855056E-002 -1.058228715780E+000 -7.680395976982E+001  3.195868586787E+003
  6.664755896041E-002 -1.123187471311E+000 -7.408395864886E+001  3.122070748626E+003
  6.751494290207E-002 -1.186281411533E+000 -7.140753242926E+001  3.049477239563E+003
  6.838864918226E-002 -1.247515831420E+000 -6.877450282834E+001  2.978070186137E+003
  6.926869676725E-002 -1.306896553294E+000 -6.618468806812E+001  2.907832045034E+003
  7.015510478375E-002 -1.364429922499E+000 -6.363790293726E+001  2.838745609458E+003
  7.104789251987E-002 -1.420122803043E+000 -6.113395883901E+001  2.770794014339E+003
  7.194707942599E-002 -1.473982573183E+000 -5.867266382589E+001  2.703960740430E+003
  7.285268511573E-002 -1.526017120958E+000 -5.625382262177E+001  2.638229617319E+003
  7.376472936684E-002 -1.576234839648E+000 -5.387723663240E+001  2.573584825397E+003
  7.468323212221E-002 -1.624644623149E+000 -5.154270394483E+001  2.510010896818E+003
  7.560821349078E-002 -1.671255861257E+000 -4.925001931679E+001  2.447492715487E+003
  7.653969374850E-002 -1.716078434848E+000 -4.699897415668E+001  2.386015516133E+003
  7.747769333938E-002 -1.759122710942E+000 -4.478935649499E+001  2.325564882476E+003
  7.842223287637E-002 -1.800399537652E+000 -4.262095094799E+001  2.266126744570E+003
  7.937333314243E-002 -1.839920238987E+000 -4.049353867453E+001  2.207687375327E+003
  8.033101509154E-002 -1.877696609522E+000 -3.840689732658E+001  2.150233386289E+003
  8.129529984966E-002 -1.913740908918E+000 -3.636080099450E+001  2.093751722683E+003
  8.226620871580E-002 -1.948065856276E+000 -3.435502014774E+001  2.038229657804E+003
  8.324376316303E-002 -1.980684624327E+000 -3.238932157167E+001  1.983654786766E+003
  8.422798483957E-002 -2.011610833453E+000 -3.046346830145E+001  1.930015019668E+003
  8.521889556978E-002 -2.040858545519E+000 -2.857721955357E+001  1.877298574222E+003
  8.621651735528E-002 -2.068442257522E+000 -2.673033065584E+001  1.825493967880E+003
  8.722087237602E-002 -2.094376895052E+000 -2.492255297657E+001  1.774590009504E+003
  8.823198299134E-002 -2.118677805543E+000 -2.315363385352E+001  1.724575790628E+003
  8.924987174107E-002 -2.141360751337E+000 -2.142331652349E+001  1.675440676350E+003
  9.027456134670E-002 -2.162441902530E+000 -1.973134005302E+001  1.627174295890E+003
  9.130607471240E-002 -2.181937829617E+000 -1.807743927090E+001  1.579766532870E+003
  9.234443492626E-002 -2.199865495925E+000 -1.646134470315E+001  1.533207515342E+003
  9.338966526132E-002 -2.216242249825E+000 -1.488278251094E+001  1.487487605609E+003
  9.444178917683E-002 -2.231085816745E+000 -1.334147443207E+001  1.442597389885E+003
  9.550083031933E-002 -2.244414290951E+000 -1.183713772656E+001  1.398527667815E+003
  9.656681252387E-002 -2.256246127131E+000 -1.036948512675E+001  1.355269441912E+003
  9.763975981519E-002 -2.266600131749E+000 -8.938224792486E+000  1.312813906927E+003
  9.871969640891E-002 -2.275495454202E+000 -7.543060271722E+000  1.271152439205E+003
  9.980664671274E-002 -2.282951577755E+000 -6.183690467037E+000  1.230276586044E+003
  1.009006353277E-001 -2.288988310279E+000 -4.859809608385E+000  1.190178055104E+003
  1.020016870494E-001 -2.293625774779E+000 -3.571107232428E+000  1.150848703884E+003
  1.031098268692E-001 -2.296884399726E+000 -2.317268168773E+000  1.112280529305E+003
  1.042250799756E-001 -2.298784909193E+000 -1.097972533393E+000  1.074465657422E+003
  1.053474717553E-001 -2.299348312804E+000  8.710427054161E-002  1.037396333299E+003
  1.064770277946E-001 -2.298595895496E+000  1.238291544181E+000  1.001064911064E+003
  1.076137738809E-001 -2.296549207109E+000  2.355923276699E+000  9.654638441683E+002
  1.087577360036E-001 -2.293230051799E+000  3.440338121028E+000  9.305856758863E+002
  1.099089403557E-001 -2.288660477301E+000  4.491879361494E+000  8.964230300549E+002
  1.110674133350E-001 -2.282862764024E+000  5.510894873281E+000  8.629686020907E+002
  1.122331815458E-001 -2.275859414009E+000  6.497737073654E+000  8.302151502932E+002
  1.134062717995E-001 -2.267673139746E+000  7.452762864918E+000  7.981554874542E+002
  1.145867111168E-001 -2.258326852869E+000  8.376333569116E+000  7.667824727868E+002
  1.157745267286E-001 -2.247843652729E+000  9.268814854484E+000  7.360890041889E+002
  1.169697460775E-001 -2.236246814857E+000  1.013057665374E+001  7.060680108526E+002
  1.181723968193E-001 -2.223559779338E+000  1.096199307429E+001  6.767124462306E+002
  1.193825068243E-001 -2.209806139096E+000  1.176344230042E+001  6.480152813685E+002
  1.206001041787E-001 -2.195009628095E+000  1.253530648767E+001  6.199694986109E+002
  1.218252171865E-001 -2.179194109494E+000  1.327797164955E+001  5.925680856883E+002
  1.230578743703E-001 -2.162383563732E+000  1.399182753669E+001  5.658040301890E+002
  1.242981044731E-001 -2.144602076586E+000  1.467726750875E+001  5.396703144212E+002
  1.255459364600E-001 -2.125873827190E+000  1.533468839924E+001  5.141599106658E+002
  1.268013995194E-001 -2.106223076046E+000  1.596449037354E+001  4.892657768230E+002
  1.280645230647E-001 -2.085674153029E+000  1.656707678029E+001  4.649808524518E+002
  1.293353367356E-001 -2.064251445390E+000  1.714285399666E+001  4.412980552011E+002
  1.306138704000E-001 -2.041979385795E+000  1.769223126743E+001  4.182102776310E+002
  1.319001541553E-001 -2.018882440385E+000  1.821562053863E+001  3.957103844199E+002
  1.331942183303E-001 -1.994985096880E+000  1.871343628563E+001  3.737912099530E+002
  1.344960934863E-001 -1.970311852746E+000  1.918609533645E+001  3.524455562884E+002
  1.358058104191E-001 -1.944887203426E+000  1.963401669019E+001  3.316661914918E+002
  1.371234001607E-001 -1.918735630649E+000  2.005762133141E+001  3.114458483349E+002
  1.384488939805E-001 -1.891881590837E+000  2.045733204036E+001  2.917772233476E+002
  1.397823233874E-001 -1.864349503610E+000  2.083357319986E+001  2.726529762166E+002
  1.411237201313E-001 -1.836163740408E+000  2.118677059888E+001  2.540657295194E+002
  1.424731162050E-001 -1.807348613235E+000  2.151735123340E+001  2.360080687845E+002
  1.438305438454E-001 -1.777928363550E+000  2.182574310488E+001  2.184725428657E+002
  1.451960355357E-001 -1.747927151290E+000  2.211237501668E+001  2.014516646198E+002
  1.465696240072E-001 -1.717369044060E+000  2.237767636897E+001  1.849379118754E+002
  1.479513422405E-001 -1.686278006493E+000  2.262207695227E+001  1.689237286802E+002
  1.493412234681E-001 -1.654677889775E+000  2.284600674031E+001  1.534015268133E+002
  1.507393011753E-001 -1.622592421368E+000  2.304989568237E+001  1.383636875501E+002
  1.521456091027E-001 -1.590045194918E+000  2.323417349555E+001  1.238025636654E+002
  1.535601812478E-001 -1.557059660377E+000  2.339926945739E+001  1.097104816608E+002
  1.549830518669E-001 -1.523659114325E+000  2.354561219916E+001  9.607974420325E+001
  1.564142554766E-001 -1.489866690516E+000  2.367362950024E+001  8.290263275855E+001
  1.578538268564E-001 -1.455705350653E+000  2.378374808385E+001  7.017141040710E+001
  1.593018010499E-001 -1.421197875389E+000  2.387639341460E+001  5.787832482663E+001
  1.607582133673E-001 -1.386366855570E+000  2.395198949810E+001  4.601561142745E+001
  1.622230993867E-001 -1.351234683726E+000  2.401095868307E+001  3.457549662573E+001
  1.636964949568E-001 -1.315823545806E+000  2.405372146609E+001  2.355020124047E+001
  1.651784361984E-001 -1.280155413168E+000  2.408069629951E+001  1.293194399974E+001
  1.666689595063E-001 -1.244252034834E+000  2.409229940267E+001  2.712945141958E+000
  1.681681015517E-001 -1.208134930004E+000  2.408894457676E+001 -7.114569901652E+000
  1.696758992842E-001 -1.171825380831E+000  2.407104302357E+001 -1.655836675739E+001
  1.711923899335E-001 -1.135344425477E+000  2.403900316843E+001 -2.562619830562E+001
  1.727176110118E-001 -1.098712851430E+000  2.399323048754E+001 -3.432580083675E+001
  1.742516003158E-001 -1.061951189098E+000  2.393412733989E+001 -4.266489017972E+001
  1.757943959287E-001 -1.025079705680E+000  2.386209280409E+001 -5.065115781547E+001
  1.773460362227E-001 -9.881183993092E-001  2.377752252017E+001 -5.829226698762E+001
  1.789065598608E-001 -9.510869934761E-001  2.368080853665E+001 -6.559584882225E+001
  1.804760057990E-001 -9.140049317246E-001  2.357233916292E+001 -7.256949846811E+001
  1.820544132889E-001 -8.768913726266E-001  2.345249882726E+001 -7.922077126834E+001
  1.836418218792E-001 -8.397651850309E-001  2.332166794041E+001 -8.555717897405E+001
  1.852382714189E-001 -8.026449435860E-001  2.318022276501E+001 -9.158618600997E+001
  1.868438020586E-001 -7.655489245360E-001  2.302853529089E+001 -9.731520580161E+001
  1.884584542535E-001 -7.284951017861E-001  2.286697311638E+001 -1.027515971731E+002
  1.900822687655E-001 -6.915011432360E-001  2.269589933557E+001 -1.079026608240E+002
  1.917152866652E-001 -6.545844073792E-001  2.251567243184E+001 -1.127756358935E+002
  1.933575493349E-001 -6.177619401631E-001  2.232664617737E+001 -1.173776966192E+002
  1.950090984705E-001 -5.810504721086E-001  2.212916953895E+001 -1.217159490978E+002
  1.966699760840E-001 -5.444664156841E-001  2.192358658989E+001 -1.257974281532E+002
  1.983402245061E-001 -5.080258629295E-001  2.171023642824E+001 -1.296290943195E+002
  2.000198863884E-001 -4.717445833270E-001  2.148945310105E+001 -1.332178309427E+002
  2.017090047061E-001 -4.356380219134E-001  2.126156553486E+001 -1.365704414074E+002
  2.034076227605E-001 -3.997212976286E-001  2.102689747230E+001 -1.396936464911E+002
  2.051157841813E-001 -3.640092018961E-001  2.078576741470E+001 -1.425940818515E+002
  2.068335329293E-001 -3.285161974288E-001  2.053848857073E+001 -1.452782956496E+002
  2.085609132993E-001 -2.932564172564E-001  2.028536881095E+001 -1.477527463106E+002
  2.102979699219E-001 -2.582436639666E-001  2.002671062815E+001 -1.500238004262E+002
  2.120447477670E-001 -2.234914091561E-001  1.976281110350E+001 -1.520977307991E+002
  2.138012921459E-001 -1.890127930842E-001  1.949396187820E+001 -1.539807146311E+002
  2.155676487143E-001 -1.548206245229E-001  1.922044913077E+001 -1.556788318566E+002
  2.173438634747E-001 -1.209273807980E-001  1.894255355962E+001 -1.571980636204E+002
  2.191299827795E-001 -8.734520801463E-002  1.866055037093E+001 -1.585442909014E+002
  2.209260533334E-001 -5.408592145993E-002  1.837470927160E+001 -1.597232932806E+002
  2.227321221965E-001 -2.116100617798E-002  1.808529446715E+001 -1.607407478526E+002
  2.245482367870E-001  1.141838229065E-002  1.779256466450E+001 -1.616022282809E+002
  2.263744448840E-001  4.364141701067E-002  1.749677307928E+001 -1.623132039925E+002
  2.282107946304E-001  7.549759860171E-002  1.719816744776E+001 -1.628790395137E+002
  2.300573345358E-001  1.069767540423E-001  1.689699004293E+001 -1.633049939409E+002
  2.319141134796E-001  1.380690353343E-001  1.659347769489E+001 -1.635962205471E+002
  2.337811807137E-001  1.687649180348E-001  1.628786181507E+001 -1.637577665190E+002
  2.356585858657E-001  1.990551996609E-001  1.598036842431E+001 -1.637945728229E+002
  2.375463789419E-001  2.289309979739E-001  1.567121818455E+001 -1.637114741955E+002
  2.394446103301E-001  2.583837491493E-001  1.536062643386E+001 -1.635131992561E+002
  2.413533308032E-001  2.874052058383E-001  1.504880322482E+001 -1.632043707360E+002
  2.432725915217E-001  3.159874351262E-001  1.473595336592E+001 -1.627895058220E+002
  2.452024440374E-001  3.441228163947E-001  1.442227646577E+001 -1.622730166090E+002
  2.471429402963E-001  3.718040390921E-001  1.410796698009E+001 -1.616592106576E+002
  2.490941326418E-001  3.990241004180E-001  1.379321426119E+001 -1.609522916521E+002
  2.510560738180E-001  4.257763029271E-001  1.347820260973E+001 -1.601563601555E+002
  2.530288169732E-001  4.520542520583E-001  1.316311132873E+001 -1.592754144542E+002
  2.550124156627E-001  4.778518535919E-001  1.284811477943E+001 -1.583133514909E+002
  2.570069238527E-001  5.031633110422E-001  1.253338243908E+001 -1.572739678781E+002
  2.590123959233E-001  5.279831229883E-001  1.221907896032E+001 -1.561609609896E+002
  2.610288866721E-001  5.523060803478E-001  1.190536423197E+001 -1.549779301226E+002
  2.630564513176E-001  5.761272635983E-001  1.159239344124E+001 -1.537283777289E+002
  2.650951455027E-001  5.994420399500E-001  1.128031713705E+001 -1.524157107065E+002
  2.671450252982E-001  6.222460604732E-001  1.096928129430E+001 -1.510432417501E+002
  2.692061472063E-001  6.445352571847E-001  1.065942737903E+001 -1.496141907532E+002
  2.712785681644E-001  6.663058400960E-001  1.035089241437E+001 -1.481316862588E+002
  2.733623455485E-001  6.875542942270E-001  1.004380904692E+001 -1.465987669529E+002
  2.754575371771E-001  7.082773765873E-001  9.738305613643E+000 -1.450183831964E+002
  2.775642013146E-001  7.284721131294E-001  9.434506209129E+000 -1.433933985913E+002
  2.796823966754E-001  7.481357956745E-001  9.132530752943E+000 -1.417265915759E+002
  2.818121824272E-001  7.672659788145E-001  8.832495057129E+000 -1.400206570460E+002
  2.839536181956E-001  7.858604767923E-001  8.534510893668E+000 -1.382782079960E+002
  2.861067640671E-001  8.039173603618E-001  8.238686061800E+000 -1.365017771776E+002
  2.882716805935E-001  8.214349536302E-001  7.945124455124E+000 -1.346938187711E+002
  2.904484287958E-001  8.384118308834E-001  7.653926128385E+000 -1.328567100656E+002
  2.926370701682E-001  8.548468133963E-001  7.365187363858E+000 -1.309927531448E+002
  2.948376666818E-001  8.707389662298E-001  7.079000737254E+000 -1.291041765742E+002
  2.970502807892E-001  8.860875950147E-001  6.795455183079E+000 -1.271931370871E+002
  2.992749754281E-001  9.008922427239E-001  6.514636059383E+000 -1.252617212654E+002
  3.015118140259E-001  9.151526864341E-001  6.236625211825E+000 -1.233119472131E+002
  3.037608605035E-001  9.288689340766E-001  5.961501037025E+000 -1.213457662182E+002
  3.060221792797E-001  9.420412211791E-001  5.689338545126E+000 -1.193650644019E+002
  3.082958352758E-001  9.546700075977E-001  5.420209421558E+000 -1.173716643509E+002
  3.105818939192E-001  9.667559742402E-001  5.154182087933E+000 -1.153673267322E+002
  3.128804211487E-001  9.783000197799E-001  4.891321762067E+000 -1.133537518865E+002
  3.151914834180E-001  9.893032573617E-001  4.631690517089E+000 -1.113325813988E+002
  3.175151477009E-001  9.997670112985E-001  4.375347339626E+000 -1.093053996451E+002
  3.198514814953E-001  1.009692813759E+000  4.122348187034E+000 -1.072737353123E+002
  3.222005528283E-001  1.019082401446E+000  3.872746043685E+000 -1.052390628897E+002
  3.245624302601E-001  1.027937712267E+000  3.626590976281E+000 -1.032028041323E+002
  3.269371828894E-001  1.036260881992E+000  3.383930188216E+000 -1.011663294931E+002
  3.293248803576E-001  1.044054240904E+000  3.144808072967E+000 -9.913095952321E+001
  3.317255928537E-001  1.051320310439E+000  2.909266266535E+000 -9.709796624054E+001
  3.341393911192E-001  1.058061799813E+000  2.677343698940E+000 -9.506857446444E+001
  3.365663464529E-001  1.064281602637E+000  2.449076644780E+000 -9.304396311667E+001
  3.390065307159E-001  1.069982793529E+000  2.224498772879E+000 -9.102526648801E+001
  3.414600163363E-001  1.075168624699E+000  2.003641195036E+000 -8.901357546998E+001
  3.439268763145E-001  1.079842522532E+000  1.786532513897E+000 -8.700993875167E+001
  3.464071842282E-001  1.084008084155E+000  1.573198869980E+000 -8.501536398139E+001
  3.489010142374E-001  1.087669073992E+000  1.363663987875E+000 -8.303081889323E+001
  3.514084410898E-001  1.090829420298E+000  1.157949221648E+000 -8.105723239871E+001
  3.539295401259E-001  1.093493211684E+000  9.560735994850E-001 -7.909549564356E+001
  3.564643872842E-001  1.095664693632E+000  7.580538675984E-001 -7.714646303020E+001
  3.590130591069E-001  1.097348264979E+000  5.639045334368E-001 -7.521095320613E+001
  3.615756327448E-001  1.098548474405E+000  3.736379082312E-001 -7.328975001884E+001
  3.641521859632E-001  1.099270016885E+000  1.872641489106E-001 -7.138360343782E+001
  3.667427971473E-001  1.099517730146E+000  4.791299425574E-003 -6.949323044433E+001
  3.693475453076E-001  1.099296591086E+000 -1.737746684854E-001 -6.761931588962E+001
  3.719665100860E-001  1.098611712195E+000 -3.484298150497E-001 -6.576251332245E+001
  3.745997717609E-001  1.097468337950E+000 -5.191721926971E-001 -6.392344578672E+001
  3.772474112534E-001  1.095871841196E+000 -6.860018067430E-001 -6.210270659015E+001
  3.799095101331E-001  1.093827719511E+000 -8.489205764823E-001 -6.030086004493E+001
  3.825861506238E-001  1.091341591553E+000 -1.007932296657E+000 -5.851844218125E+001
  3.852774156096E-001  1.088419193401E+000 -1.163042599265E+000 -5.675596143496E+001
  3.879833886411E-001  1.085066374866E+000 -1.314258915667E+000 -5.501389931008E+001
  3.907041539409E-001  1.081289095798E+000 -1.461590438979E+000 -5.329271101750E+001
  3.934397964105E-001  1.077093422379E+000 -1.605048086684E+000 -5.159282609083E+001
  3.961904016361E-001  1.072485523396E+000 -1.744644463470E+000 -4.991464898046E+001
  3.989560558949E-001  1.067471666511E+000 -1.880393824232E+000 -4.825855962708E+001
  4.017368461617E-001  1.062058214506E+000 -2.012312037232E+000 -4.662491401557E+001
  4.045328601149E-001  1.056251621534E+000 -2.140416547380E+000 -4.501404471056E+001
  4.073441861437E-001  1.050058429346E+000 -2.264726339604E+000 -4.342626137460E+001
  4.101709133538E-001  1.043485263517E+000 -2.385261902306E+000 -4.186185127009E+001
  4.130131315750E-001  1.036538829661E+000 -2.502045190859E+000 -4.032107974610E+001
  4.158709313670E-001  1.029225909645E+000 -2.615099591139E+000 -3.880419071104E+001
  4.187444040269E-001  1.021553357793E+000 -2.724449883076E+000 -3.731140709221E+001
  4.216336415958E-001  1.013528097087E+000 -2.830122204189E+000 -3.584293128339E+001
  4.245387368658E-001  1.005157115372E+000 -2.932144013112E+000 -3.439894558127E+001
  4.274597833869E-001  9.964474615540E-001 -3.030544053093E+000 -3.297961261178E+001
  4.303968754741E-001  9.874062418025E-001 -3.125352315443E+000 -3.158507574722E+001
  4.333501082151E-001  9.780406157578E-001 -3.216600002941E+000 -3.021545951511E+001
  4.363195774768E-001  9.683577927409E-001 -3.304319493187E+000 -2.887086999949E+001
  4.393053799131E-001  9.583650279719E-001 -3.388544301888E+000 -2.755139523572E+001
  4.423076129724E-001  9.480696187961E-001 -3.469309046086E+000 -2.625710559931E+001
  4.453263749047E-001  9.374789009221E-001 -3.546649407321E+000 -2.498805418965E+001
  4.483617647698E-001  9.266002446721E-001 -3.620602094733E+000 -2.374427720936E+001
  4.514138824444E-001  9.154410512475E-001 -3.691204808106E+000 -2.252579433981E+001
  4.544828286302E-001  9.040087490112E-001 -3.758496200856E+000 -2.133260911353E+001
  4.575687048617E-001  8.923107897894E-001 -3.822515842972E+000 -2.016470928397E+001
  4.606716135142E-001  8.803546451945E-001 -3.883304183923E+000 -1.902206719325E+001
  4.637916578118E-001  8.681478029715E-001 -3.940902515529E+000 -1.790464013830E+001
  4.669289418353E-001  8.556977633704E-001 -3.995352934821E+000 -1.681237073586E+001
  4.700835705309E-001  8.430120355463E-001 -4.046698306894E+000 -1.574518728671E+001
  4.732556497182E-001  8.300981339896E-001 -4.094982227775E+000 -1.470300413953E+001
  4.764452860985E-001  8.169635749886E-001 -4.140248987314E+000 -1.368572205462E+001
  4.796525872639E-001  8.036158731269E-001 -4.182543532120E+000 -1.269322856791E+001
  4.828776617050E-001  7.900625378177E-001 -4.221911428564E+000 -1.172539835518E+001
  4.861206188205E-001  7.763110698761E-001 -4.258398825857E+000 -1.078209359709E+001
  4.893815689254E-001  7.623689581340E-001 -4.292052419240E+000 -9.863164344793E+000
  4.926606232602E-001  7.482436760976E-001 -4.322919413294E+000 -8.968448886477E+000
  4.959578939999E-001  7.339426786502E-001 -4.351047485398E+000 -8.097774114784E+000
  4.992734942630E-001  7.194733988027E-001 -4.376484749356E+000 -7.250955895234E+000
  5.026075381207E-001  7.048432444943E-001 -4.399279719227E+000 -6.427799435587E+000
  5.059601406064E-001  6.900595954438E-001 -4.419481273361E+000 -5.628099656156E+000
  5.093314177250E-001  6.751298000554E-001 -4.437138618691E+000 -4.851641561003E+000
  5.127214864626E-001  6.600611723793E-001 -4.452301255292E+000 -4.098200609922E+000
  5.161304647959E-001  6.448609891304E-001 -4.465018941226E+000 -3.367543091106E+000
  5.195584717022E-001  6.295364867654E-001 -4.475341657725E+000 -2.659426494348E+000
  5.230056271692E-001  6.140948586212E-001 -4.483319574709E+000 -1.973599884610E+000
  5.264720522050E-001  5.985432521160E-001 -4.489003016676E+000 -1.309804275785E+000
  5.299578688483E-001  5.828887660142E-001 -4.492442429007E+000 -6.677730044181E-001
  5.334632001783E-001  5.671384477573E-001 -4.493688344676E+000 -4.723210318529E-002
  5.369881703256E-001  5.512992908613E-001 -4.492791351427E+000  5.520993261370E-001
  5.405329044823E-001  5.353782323838E-001 -4.489802059418E+000  1.130508740460E+000
  5.440975289128E-001  5.193821504594E-001 -4.484771069374E+000  1.688289784211E+000
  5.476821709641E-001  5.033178619070E-001 -4.477748941256E+000  2.225741919485E+000
  5.512869590774E-001  4.871921199088E-001 -4.468786163493E+000  2.743170057818E+000
  5.549120227985E-001  4.710116117628E-001 -4.457933122771E+000  3.240884193898E+000
  5.585574927889E-001  4.547829567084E-001 -4.445240074436E+000  3.719199041512E+000
  5.622235008375E-001  4.385127038276E-001 -4.430757113501E+000  4.178433672065E+000
  5.659101798716E-001  4.222073300216E-001 -4.414534146296E+000  4.618911155979E+000
  5.696176639685E-001  4.058732380633E-001 -4.396620862781E+000  5.040958207319E+000
  5.733460883672E-001  3.895167547268E-001 -4.377066709537E+000  5.444904831950E+000
  5.770955894803E-001  3.731441289938E-001 -4.355920863447E+000  5.831083979571E+000
  5.808663049055E-001  3.567615303379E-001 -4.333232206102E+000  6.199831199947E+000
  5.846583734383E-001  3.403750470861E-001 -4.309049298932E+000  6.551484303651E+000
  5.884719350837E-001  3.239906848591E-001 -4.283420359087E+000  6.886383027650E+000
  5.923071310690E-001  3.076143650880E-001 -4.256393236072E+000  7.204868706041E+000
  5.961641038558E-001  2.912519236111E-001 -4.228015389165E+000  7.507283946237E+000
  6.000429971532E-001  2.749091093461E-001 -4.198333865617E+000  7.793972310911E+000
  6.039439559304E-001  2.585915830418E-001 -4.167395279641E+000  8.065278005987E+000
  6.078671264295E-001  2.423049161056E-001 -4.135245792221E+000  8.321545574948E+000
  6.118126561791E-001  2.260545895088E-001 -4.101931091724E+000  8.563119599746E+000
  6.157806940069E-001  2.098459927672E-001 -4.067496375336E+000  8.790344408557E+000
  6.197713900541E-001  1.936844229982E-001 -4.031986331324E+000  9.003563790638E+000
  6.237848957880E-001  1.775750840519E-001 -3.995445122136E+000  9.203120718513E+000
  6.278213640166E-001  1.615230857179E-001 -3.957916368322E+000  9.389357077710E+000
  6.318809489022E-001  1.455334430032E-001 -3.919443133305E+000  9.562613404256E+000
  6.359638059756E-001  1.296110754848E-001 -3.880067908984E+000  9.723228630119E+000
  6.400700921502E-001  1.137608067316E-001 -3.839832602165E+000  9.871539836770E+000
  6.441999657370E-001  9.798736379811E-002 -3.798778521846E+000  1.000788201703E+001
  6.483535864586E-001  8.229537678632E-002 -3.756946367314E+000  1.013258784537E+001
  6.525311154647E-001  6.668937847562E-002 -3.714376217079E+000  1.024598745670E+001
  6.567327153465E-001  5.117380401939E-002 -3.671107518635E+000  1.034840823395E+001
  6.609585501525E-001  3.575299070661E-002 -3.627179079024E+000  1.044017460428E+001
  6.652087854034E-001  2.043117778727E-002 -3.582629056221E+000  1.052160784427E+001
  6.694835881080E-001  5.212506360019E-003 -3.537494951309E+000  1.059302589391E+001
  6.737831267789E-001 -9.898980679484E-003 -3.491813601447E+000  1.065474317967E+001
  6.781075714485E-001 -2.489933863105E-002 -3.445621173621E+000  1.070707044643E+001
  6.824570936852E-001 -3.978472092498E-002 -3.398953159154E+000  1.075031459858E+001
  6.868318666096E-001 -5.455137900114E-002 -3.351844368977E+000  1.078477854997E+001
  6.912320649114E-001 -6.919566213406E-002 -3.304328929633E+000  1.081076108298E+001
  6.956578648660E-001 -8.371401720548E-002 -3.256440280018E+000  1.082855671649E+001
  7.001094443516E-001 -9.810298842638E-002 -3.208211168823E+000  1.083845558280E+001
  7.045869828664E-001 -1.123592170101E-001 -3.159673652673E+000  1.084074331339E+001
  7.090906615461E-001 -1.264794407986E-001 -3.110859094946E+000  1.083570093348E+001
  7.136206631812E-001 -1.404604938431E-001 -3.061798165248E+000  1.082360476526E+001
  7.181771722357E-001 -1.542993059421E-001 -3.012520839534E+000  1.080472633978E+001
  7.227603748644E-001 -1.679929021374E-001 -2.963056400848E+000  1.077933231722E+001
  7.273704589315E-001 -1.815384021705E-001 -2.913433440667E+000  1.074768441556E+001
  7.320076140295E-001 -1.949330199015E-001 -2.863679860832E+000  1.071003934755E+001
  7.366720314977E-001 -2.081740626920E-001 -2.813822876037E+000  1.066664876554E+001
  7.413639044413E-001 -2.212589307540E-001 -2.763889016863E+000  1.061775921442E+001
  7.460834277508E-001 -2.341851164668E-001 -2.713904133334E+000  1.056361209215E+001
  7.508307981215E-001 -2.469502036632E-001 -2.663893398972E+000  1.050444361788E+001
  7.556062140732E-001 -2.595518668874E-001 -2.613881315328E+000  1.044048480745E+001
  7.604098759705E-001 -2.719878706265E-001 -2.563891716974E+000  1.037196145600E+001
  7.652419860431E-001 -2.842560685165E-001 -2.513947776924E+000  1.029909412756E+001
  7.701027484060E-001 -2.963544025259E-001 -2.464072012474E+000  1.022209815140E+001
  7.749923690810E-001 -3.082809021169E-001 -2.414286291423E+000  1.014118362483E+001
  7.799110560171E-001 -3.200336833880E-001 -2.364611838671E+000  1.005655542232E+001
  7.848590191124E-001 -3.316109481977E-001 -2.315069243157E+000  9.968413210735E+000
  7.898364702358E-001 -3.430109832721E-001 -2.265678465123E+000  9.876951470322E+000
  7.948436232486E-001 -3.542321592980E-001 -2.216458843678E+000  9.782359521293E+000
  7.998806940270E-001 -3.652729300018E-001 -2.167429104647E+000  9.684821555780E+000
  8.049479004846E-001 -3.761318312178E-001 -2.118607368669E+000  9.584516674864E+000
  8.100454625952E-001 -3.868074799453E-001 -2.070011159544E+000  9.481618930455E+000
  8.151736024160E-001 -3.972985733970E-001 -2.021657412787E+000  9.376297371779E+000
  8.203325441110E-001 -4.076038880405E-001 -1.973562484382E+000  9.268716096211E+000
  8.255225139746E-001 -4.177222786324E-001 -1.925742159710E+000  9.159034304204E+000
  8.307437404560E-001 -4.276526772487E-001 -1.878211662631E+000  9.047406358079E+000
  8.359964541833E-001 -4.373940923103E-001 -1.830985664708E+000  8.933981844412E+000
  8.412808879885E-001 -4.469456076068E-001 -1.784078294539E+000  8.818905639779E+000
  8.465972769320E-001 -4.563063813182E-001 -1.737503147192E+000  8.702317979608E+000
  8.519458583285E-001 -4.654756450365E-001 -1.691273293723E+000  8.584354529904E+000
  8.573268717726E-001 -4.744527027876E-001 -1.645401290751E+000  8.465146461603E+000
  8.627405591648E-001 -4.832369300544E-001 -1.599899190083E+000  8.344820527313E+000
  8.681871647376E-001 -4.918277728028E-001 -1.554778548366E+000  8.223499140222E+000
  8.736669350829E-001 -5.002247465101E-001 -1.510050436756E+000  8.101300454932E+000
  8.791801191785E-001 -5.084274351978E-001 -1.465725450583E+000  7.978338450008E+000
  8.847269684160E-001 -5.164354904684E-001 -1.421813719002E+000  7.854723012011E+000
  8.903077366283E-001 -5.242486305479E-001 -1.378324914612E+000  7.730560020816E+000
  8.959226801184E-001 -5.318666393334E-001 -1.335268263035E+000  7.605951435994E+000
  9.015720576873E-001 -5.392893654473E-001 -1.292652552438E+000  7.480995384064E+000
  9.072561306635E-001 -5.465167212982E-001 -1.250486142991E+000  7.355786246425E+000
  9.129751629322E-001 -5.535486821486E-001 -1.208776976240E+000  7.230414747767E+000
  9.187294209652E-001 -5.603852851904E-001 -1.167532584399E+000  7.104968044786E+000
  9.245191738511E-001 -5.670266286273E-001 -1.126760099540E+000  6.979529815037E+000
  9.303446933257E-001 -5.734728707663E-001 -1.086466262674E+000  6.854180345734E+000
  9.362062538036E-001 -5.797242291162E-001 -1.046657432719E+000  6.728996622369E+000
  9.421041324088E-001 -5.857809794952E-001 -1.007339595343E+000  6.604052416962E+000
  9.480386090075E-001 -5.916434551462E-001 -9.685183716742E-001  6.479418375828E+000
  9.540099662399E-001 -5.973120458606E-001 -9.301990268795E-001  6.355162106698E+000
  9.600184895530E-001 -6.027871971107E-001 -8.923864785937E-001  6.231348265087E+000
  9.660644672342E-001 -6.080694091902E-001 -8.550853052052E-001  6.108038639758E+000
  9.721481904447E-001 -6.131592363630E-001 -8.182997539877E-001  5.985292237204E+000
  9.782699532537E-001 -6.180572860198E-001 -7.820337490753E-001  5.863165365000E+000
  9.844300526731E-001 -6.227642178427E-001 -7.462908992796E-001  5.741711713959E+000
  9.906287886927E-001 -6.272807429777E-001 -7.110745057432E-001  5.620982438984E+000
  9.968664643158E-001 -6.316076232147E-001 -6.763875694303E-001  5.501026238534E+000
  1.003143385595E+000 -6.357456701736E-001 -6.422327984515E-001  5.381889432623E+000
  1.009459861670E+000 -6.396957444990E-001 -6.086126152217E-001  5.263616039297E+000
  1.015816204803E+000 -6.434587550598E-001 -5.755291634521E-001  5.146247849507E+000
  1.022212730417E+000 -6.470356581560E-001 -5.429843149746E-001  5.029824500341E+000
  1.028649757135E+000 -6.504274567308E-001 -5.109796764007E-001  4.914383546548E+000
  1.035127606818E+000 -6.536351995880E-001 -4.795165956151E-001  4.799960530337E+000
  1.041646604604E+000 -6.566599806150E-001 -4.485961681059E-001  4.686589049385E+000
  1.048207078948E+000 -6.595029380095E-001 -4.182192431327E-001  4.574300823055E+000
  1.054809361664E+000 -6.621652535110E-001 -3.883864297361E-001  4.463125756787E+000
  1.061453787962E+000 -6.646481516353E-001 -3.590981025901E-001  4.353092004639E+000
  1.068140696494E+000 -6.669528989130E-001 -3.303544077004E-001  4.244226029990E+000
  1.074870429395E+000 -6.690808031295E-001 -3.021552679536E-001  4.136552664373E+000
  1.081643332322E+000 -6.710332125686E-001 -2.745003885181E-001  4.030095164460E+000
  1.088459754505E+000 -6.728115152569E-001 -2.473892621040E-001  3.924875267192E+000
  1.095320048782E+000 -6.744171382099E-001 -2.208211740826E-001  3.820913243072E+000
  1.102224571653E+000 -6.758515466786E-001 -1.947952074731E-001  3.718227947627E+000
  1.109173683316E+000 -6.771162433968E-001 -1.693102477987E-001  3.616836871065E+000
  1.116167747721E+000 -6.782127678280E-001 -1.443649878179E-001  3.516756186153E+000
  1.123207132611E+000 -6.791426954121E-001 -1.199579321362E-001  3.418000794328E+000
  1.130292209573E+000 -6.799076368106E-001 -9.608740170250E-002  3.320584370094E+000
  1.137423354084E+000 -6.805092371508E-001 -7.275153819496E-002  3.224519403716E+000
  1.144600945560E+000 -6.809491752679E-001 -4.994830830334E-002  3.129817242266E+000
  1.151825367405E+000 -6.812291629449E-001 -2.767550791094E-002  3.036488129047E+000
  1.159097007063E+000 -6.813509441502E-001 -5.930766182834E-003  2.944541241448E+000
  1.166416256069E+000 -6.813162942717E-001  1.528845043492E-002  2.853984727263E+000
  1.173783510095E+000 -6.811270193478E-001  3.598483429950E-002  2.764825739536E+000
  1.181199169012E+000 -6.807849552950E-001  5.616123273386E-002  2.677070469959E+000
  1.188663636935E+000 -6.802919671315E-001  7.582064426227E-002  2.590724180891E+000
  1.196177322279E+000 -6.796499481961E-001  9.496621491364E-002  2.505791236041E+000
  1.203740637818E+000 -6.788608193632E-001  1.136012345877E-001  2.422275129866E+000
  1.211354000735E+000 -6.779265282534E-001  1.317291334787E-001  2.340178515737E+000
  1.219017832681E+000 -6.768490484380E-001  1.493534785524E-001  2.259503232928E+000
  1.226732559833E+000 -6.756303786401E-001  1.664779700706E-001  2.180250332484E+000
  1.234498612950E+000 -6.742725419294E-001  1.831064381595E-001  2.102420102010E+000
  1.242316427433E+000 -6.727775849122E-001  1.992428394169E-001  2.026012089453E+000
  1.250186443388E+000 -6.711475769160E-001  2.148912535544E-001  1.951025125913E+000
  1.258109105679E+000 -6.693846091684E-001  2.300558800697E-001  1.877457347544E+000
  1.266084863999E+000 -6.674907939716E-001  2.447410349459E-001  1.805306216605E+000
  1.274114172926E+000 -6.654682638700E-001  2.589511473733E-001  1.734568541692E+000
  1.282197491990E+000 -6.633191708138E-001  2.726907564912E-001  1.665240497227E+000
  1.290335285734E+000 -6.610456853165E-001  2.859645081454E-001  1.597317642232E+000
  1.298528023786E+000 -6.586499956078E-001  2.987771516578E-001  1.530794938455E+000
  1.306776180919E+000 -6.561343067809E-001  3.111335366079E-001  1.465666767881E+000
  1.315080237120E+000 -6.535008399354E-001  3.230386096195E-001  1.401926949682E+000
  1.323440677664E+000 -6.507518313151E-001  3.344974111542E-001  1.339568756651E+000
  1.331857993175E+000 -6.478895314420E-001  3.455150723064E-001  1.278584931160E+000
  1.340332679704E+000 -6.449162042448E-001  3.560968115997E-001  1.218967700681E+000
  1.348865238797E+000 -6.418341261850E-001  3.662479317821E-001  1.160708792921E+000
  1.357456177571E+000 -6.386455853785E-001  3.759738166190E-001  1.103799450598E+000
  1.366106008782E+000 -6.353528807133E-001  3.852799276822E-001  1.048230445893E+000
  1.374815250909E+000 -6.319583209656E-001  3.941718011347E-001  9.939920946254E-001
  1.383584428224E+000 -6.284642239124E-001  4.026550445094E-001  9.410742701707E-001
  1.392414070872E+000 -6.248729154415E-001  4.107353334825E-001  8.894664171573E-001
  1.401304714948E+000 -6.211867286609E-001  4.184184086394E-001  8.391575649700E-001
  1.410256902580E+000 -6.174080030057E-001  4.257100722356E-001  7.901363410857E-001
  1.419271182008E+000 -6.135390833445E-001  4.326161849497E-001  7.423909842674E-001
  1.428348107668E+000 -6.095823190855E-001  4.391426626316E-001  6.959093576372E-001
  1.437488240275E+000 -6.055400632821E-001  4.452954730440E-001  6.506789616498E-001
  1.446692146911E+000 -6.014146717401E-001  4.510806325997E-001  6.066869469858E-001
  1.455960401104E+000 -5.972085021244E-001  4.565042030948E-001  5.639201273795E-001
  1.465293582927E+000 -5.929239130684E-001  4.615722884384E-001  5.223649923981E-001
  1.474692279079E+000 -5.885632632854E-001  4.662910313817E-001  4.820077201830E-001
  1.484157082978E+000 -5.841289106821E-001  4.706666102456E-001  4.428341901669E-001
  1.493688594856E+000 -5.796232114759E-001  4.747052356501E-001  4.048299957728E-001
  1.503287421848E+000 -5.750485193155E-001  4.784131472468E-001  3.679804571052E-001
  1.512954178094E+000 -5.704071844061E-001  4.817966104555E-001  3.322706336380E-001
  1.522689484827E+000 -5.657015526394E-001  4.848619132084E-001  2.976853369028E-001
  1.532493970480E+000 -5.609339647289E-001  4.876153627022E-001  2.642091431821E-001
  1.542368270780E+000 -5.561067553518E-001  4.900632821616E-001  2.318264062064E-001
  1.552313028853E+000 -5.512222522966E-001  4.922120076156E-001  2.005212698571E-001
  1.562328895326E+000 -5.462827756190E-001  4.940678846900E-001  1.702776808711E-001
  1.572416528431E+000 -5.412906368041E-001  4.956372654169E-001  1.410794015471E-001
  1.582576594115E+000 -5.362481379382E-001  4.969265050649E-001  1.129100224472E-001
  1.592809766145E+000 -5.311575708889E-001  4.979419589930E-001  8.575297508946E-002
  1.603116726218E+000 -5.260212164942E-001  4.986899795281E-001  5.959154462535E-002
  1.613498164078E+000 -5.208413437623E-001  4.991769128727E-001  3.440888249487E-002
  1.623954777622E+000 -5.156202090813E-001  4.994090960413E-001  1.018801905065E-002
  1.634487273025E+000 -5.103600554396E-001  4.993928538311E-001 -1.308812385721E-002
  1.645096364848E+000 -5.050631116587E-001  4.991344958283E-001 -3.543672034557E-002
  1.655782776168E+000 -4.997315916368E-001  4.986403134527E-001 -5.687502802201E-002
  1.666547238688E+000 -4.943676936055E-001  4.979165770429E-001 -7.742037557896E-002
  1.677390492873E+000 -4.889735993990E-001  4.969695329857E-001 -9.709015046939E-002
  1.688313288066E+000 -4.835514737369E-001  4.958054008911E-001 -1.159017866758E-001
  1.699316382620E+000 -4.781034635205E-001  4.944303708156E-001 -1.338727525846E-001
  1.710400544029E+000 -4.726316971428E-001  4.928506005363E-001 -1.510205389783E-001
  1.721566549058E+000 -4.671382838140E-001  4.910722128786E-001 -1.673626471581E-001
  1.732815183877E+000 -4.616253129005E-001  4.891012930987E-001 -1.829165772084E-001
  1.744147244202E+000 -4.560948532803E-001  4.869438863238E-001 -1.976998164186E-001
  1.755563535430E+000 -4.505489527131E-001  4.846059950522E-001 -2.117298278707E-001
  1.767064872781E+000 -4.449896372265E-001  4.820935767142E-001 -2.250240392100E-001
  1.778652081442E+000 -4.394189105180E-001  4.794125412975E-001 -2.375998316071E-001
  1.790325996715E+000 -4.338387533739E-001  4.765687490372E-001 -2.494745289256E-001
  1.802087464166E+000 -4.282511231039E-001  4.735680081723E-001 -2.606653871079E-001
  1.813937339772E+000 -4.226579529933E-001  4.704160727720E-001 -2.711895837881E-001
  1.825876490081E+000 -4.170611517713E-001  4.671186406301E-001 -2.810642081466E-001
  1.837905792365E+000 -4.114626030972E-001  4.636813512322E-001 -2.903062510142E-001
  1.850026134778E+000 -4.058641650631E-001  4.601097837942E-001 -2.989325952379E-001
  1.862238416525E+000 -4.002676697147E-001  4.564094553746E-001 -3.069600063176E-001
  1.874543548019E+000 -3.946749225887E-001  4.525858190609E-001 -3.144051233231E-001
  1.886942451054E+000 -3.890877022685E-001  4.486442622316E-001 -3.212844500994E-001
  1.899436058973E+000 -3.835077599572E-001  4.445901048935E-001 -3.276143467705E-001
  1.912025316845E+000 -3.779368190676E-001  4.404285980953E-001 -3.334110215459E-001
  1.924711181638E+000 -3.723765748311E-001  4.361649224181E-001 -3.386905228398E-001
  1.937494622402E+000 -3.668286939228E-001  4.318041865427E-001 -3.434687317070E-001
  1.950376620452E+000 -3.612948141051E-001  4.273514258938E-001 -3.477613546024E-001
  1.963358169552E+000 -3.557765438888E-001  4.228116013617E-001 -3.515839164670E-001
  1.976440276109E+000 -3.502754622109E-001  4.181895981002E-001 -3.549517541465E-001
  1.989623959360E+000 -3.447931181304E-001  4.134902244014E-001 -3.578800101442E-001
  2.002910251577E+000 -3.393310305415E-001  4.087182106473E-001 -3.603836267115E-001
  2.016300198259E+000 -3.338906879036E-001  4.038782083357E-001 -3.624773402773E-001
  2.029794858340E+000 -3.284735479883E-001  3.989747891827E-001 -3.641756762178E-001
  2.043395304396E+000 -3.230810376433E-001  3.940124442986E-001 -3.654929439669E-001
  2.057102622856E+000 -3.177145525734E-001  3.889955834372E-001 -3.664432324662E-001
  2.070917914217E+000 -3.123754571378E-001  3.839285343180E-001 -3.670404059548E-001
  2.084842293261E+000 -3.070650841634E-001  3.788155420195E-001 -3.672981000956E-001
  2.098876889283E+000 -3.017847347749E-001  3.736607684429E-001 -3.672297184367E-001
  2.113022846310E+000 -2.965356782409E-001  3.684682918446E-001 -3.668484292038E-001
  2.127281323341E+000 -2.913191518349E-001  3.632421064362E-001 -3.661671624211E-001
  2.141653494575E+000 -2.861363607130E-001  3.579861220512E-001 -3.651986073546E-001
  2.156140549656E+000 -2.809884778063E-001  3.527041638759E-001 -3.639552102743E-001
  2.170743693911E+000 -2.758766437285E-001  3.473999722433E-001 -3.624491725287E-001
  2.185464148607E+000 -2.708019666987E-001  3.420772024895E-001 -3.606924489255E-001
  2.200303151197E+000 -2.657655224787E-001  3.367394248683E-001 -3.586967464127E-001
  2.215261955581E+000 -2.607683543244E-001  3.313901245254E-001 -3.564735230515E-001
  2.230341832367E+000 -2.558114729525E-001  3.260327015282E-001 -3.540339872753E-001
  2.245544069142E+000 -2.508958565196E-001  3.206704709498E-001 -3.513890974242E-001
  2.260869970742E+000 -2.460224506169E-001  3.153066630064E-001 -3.485495615495E-001
  2.276320859530E+000 -2.411921682771E-001  3.099444232448E-001 -3.455258374768E-001
  2.291898075679E+000 -2.364058899951E-001  3.045868127796E-001 -3.423281331205E-001
  2.307602977460E+000 -2.316644637619E-001  2.992368085764E-001 -3.389664070395E-001
  2.323436941540E+000 -2.269687051118E-001  2.938973037812E-001 -3.354503692241E-001
  2.339401363274E+000 -2.223193971812E-001  2.885711080922E-001 -3.317894821055E-001
  2.355497657016E+000 -2.177172907812E-001  2.832609481739E-001 -3.279929617767E-001
  2.371727256428E+000 -2.131631044821E-001  2.779694681094E-001 -3.240697794154E-001
  2.388091614797E+000 -2.086575247094E-001  2.726992298921E-001 -3.200286628984E-001
  2.404592205358E+000 -2.042012058530E-001  2.674527139518E-001 -3.158780985976E-001
  2.421230521622E+000 -1.997947703875E-001  2.622323197156E-001 -3.116263333464E-001
  2.438008077714E+000 -1.954388090043E-001  2.570403662011E-001 -3.072813765676E-001
  2.454926408713E+000 -1.911338807550E-001  2.518790926404E-001 -3.028510025510E-001
  2.471987071003E+000 -1.868805132072E-001  2.467506591327E-001 -2.983427528721E-001
  2.489191642624E+000 -1.826792026102E-001  2.416571473243E-001 -2.937639389406E-001
  2.506541723641E+000 -1.785304140734E-001  2.366005611154E-001 -2.891216446692E-001
  2.524038936507E+000 -1.744345817541E-001  2.315828273899E-001 -2.844227292534E-001
  2.541684926444E+000 -1.703921090579E-001  2.266057967691E-001 -2.796738300519E-001
  2.559481361827E+000 -1.664033688490E-001  2.216712443868E-001 -2.748813655590E-001
  2.577429934572E+000 -1.624687036718E-001  2.167808706841E-001 -2.700515384594E-001
  2.595532360540E+000 -1.585884259829E-001  2.119363022242E-001 -2.651903387574E-001
  2.613790379943E+000 -1.547628183943E-001  2.071390925240E-001 -2.603035469700E-001
  2.632205757760E+000 -1.509921339266E-001  2.023907229036E-001 -2.553967373789E-001
  2.650780284158E+000 -1.472765962737E-001  1.976926033506E-001 -2.504752813297E-001
  2.669515774928E+000 -1.436164000774E-001  1.930460733995E-001 -2.455443505743E-001
  2.688414071925E+000 -1.400117112127E-001  1.884524030255E-001 -2.406089206468E-001
  2.707477043518E+000 -1.364626670838E-001  1.839127935506E-001 -2.356737742670E-001
  2.726706585047E+000 -1.329693769307E-001  1.794283785627E-001 -2.307435047649E-001
  2.746104619295E+000 -1.295319221459E-001  1.750002248458E-001 -2.258225195210E-001
  2.765673096964E+000 -1.261503566019E-001  1.706293333224E-001 -2.209150434147E-001
  2.785413997161E+000 -1.228247069892E-001  1.663166400048E-001 -2.160251222773E-001
  2.805329327899E+000 -1.195549731646E-001  1.620630169582E-001 -2.111566263443E-001
  2.825421126601E+000 -1.163411285102E-001  1.578692732721E-001 -2.063132537020E-001
  2.845691460623E+000 -1.131831203024E-001  1.537361560420E-001 -2.014985337240E-001
  2.866142427776E+000 -1.100808700917E-001  1.496643513593E-001 -1.967158304960E-001
  2.886776156875E+000 -1.070342740929E-001  1.456544853108E-001 -1.919683462220E-001
  2.907594808280E+000 -1.040432035853E-001  1.417071249859E-001 -1.872591246122E-001
  2.928600574467E+000 -1.011075053238E-001  1.378227794929E-001 -1.825910542485E-001
  2.949795680597E+000 -9.822700195966E-002  1.340019009835E-001 -1.779668719251E-001
  2.971182385105E+000 -9.540149247174E-002  1.302448856847E-001 -1.733891659626E-001
  2.992762980296E+000 -9.263075260821E-002  1.265520749400E-001 -1.688603794951E-001
  3.014539792958E+000 -8.991453533788E-002  1.229237562582E-001 -1.643828137268E-001
  3.036515184988E+000 -8.725257131177E-002  1.193601643700E-001 -1.599586311590E-001
  3.058691554023E+000 -8.464456933450E-002  1.158614822935E-001 -1.555898587862E-001
  3.081071334099E+000 -8.209021684548E-002  1.124278424068E-001 -1.512783912604E-001
  3.103656996309E+000 -7.958918040970E-002  1.090593275302E-001 -1.470259940247E-001
  3.126451049484E+000 -7.714110621800E-002  1.057559720151E-001 -1.428343064143E-001
  3.149456040888E+000 -7.474562059668E-002  1.025177628426E-001 -1.387048447269E-001
  3.172674556926E+000 -7.240233052615E-002  9.934464072889E-002 -1.346390052626E-001
  3.196109223865E+000 -7.011082416854E-002  9.623650124049E-002 -1.306380673328E-001
  3.219762708576E+000 -6.787067140393E-002  9.319319591654E-002 -1.267031962400E-001
  3.243637719289E+000 -6.568142437496E-002  9.021453339997E-002 -1.228354462294E-001
  3.267737006362E+000 -6.354261803962E-002  8.730028057671E-002 -1.190357634123E-001
  3.292063363076E+000 -6.145377073182E-002  8.445016372309E-002 -1.153049886635E-001
  3.316619626434E+000 -5.941438472942E-002  8.166386966118E-002 -1.116438604928E-001
  3.341408677987E+000 -5.742394682946E-002  7.894104692203E-002 -1.080530178924E-001
  3.366433444679E+000 -5.548192893010E-002  7.628130691663E-002 -1.045330031619E-001
  3.391696899702E+000 -5.358778861895E-002  7.368422511418E-002 -1.010842647101E-001
  3.417202063379E+000 -5.174096976732E-002  7.114934222766E-002 -9.770715983772E-002
  3.442952004065E+000 -4.994090312998E-002  6.867616540610E-002 -9.440195749936E-002
  3.468949839059E+000 -4.818700694993E-002  6.626416943336E-002 -9.116884104766E-002
  3.495198735552E+000 -4.647868756768E-002  6.391279793288E-002 -8.800791095996E-002
  3.521701911582E+000 -4.481534003455E-002  6.162146457797E-002 -8.491918754852E-002
  3.548462637020E+000 -4.319634872941E-002  5.938955430700E-002 -8.190261365528E-002
  3.575484234572E+000 -4.162108797836E-002  5.721642454306E-002 -7.895805733175E-002
  3.602770080809E+000 -4.008892267672E-002  5.510140641720E-002 -7.608531450490E-002
  3.630323607217E+000 -3.859920891265E-002  5.304380599475E-002 -7.328411162934E-002
  3.658148301271E+000 -3.715129459202E-002  5.104290550382E-002 -7.055410832640E-002
  3.686247707537E+000 -3.574452006354E-002  4.909796456517E-002 -6.789490001020E-002
  3.714625428793E+000 -3.437821874388E-002  4.720822142259E-002 -6.530602050086E-002
  3.743285127184E+000 -3.305171774174E-002  4.537289417284E-002 -6.278694462483E-002
  3.772230525397E+000 -3.176433848048E-002  4.359118199414E-002 -6.033709080207E-002
  3.801465407866E+000 -3.051539731847E-002  4.186226637226E-002 -5.795582361983E-002
  3.830993622005E+000 -2.930420616639E-002  4.018531232297E-002 -5.564245639227E-002
  3.860819079470E+000 -2.813007310103E-002  3.855946960985E-002 -5.339625370552E-002
  3.890945757450E+000 -2.699230297451E-002  3.698387395627E-002 -5.121643394712E-002
  3.921377699988E+000 -2.589019801852E-002  3.545764825027E-002 -4.910217181893E-002
  3.952119019336E+000 -2.482305844267E-002  3.397990374117E-002 -4.705260083233E-002
  3.983173897337E+000 -2.379018302622E-002  3.254974122661E-002 -4.506681578447E-002
  4.014546586845E+000 -2.279086970266E-002  3.116625222875E-002 -4.314387521403E-002
  4.046241413173E+000 -2.182441613611E-002  2.982852015821E-002 -4.128280383507E-002
  4.078262775585E+000 -2.089012028914E-002  2.853562146468E-002 -3.948259494709E-002
  4.110615148813E+000 -1.998728098113E-002  2.728662677252E-002 -3.774221281969E-002
  4.143303084620E+000 -1.911519843645E-002  2.608060200026E-002 -3.606059504984E-002
  4.176331213391E+000 -1.827317482195E-002  2.491660946261E-002 -3.443665488966E-002
  4.209704245774E+000 -1.746051477299E-002  2.379370895351E-002 -3.286928354284E-002
  4.243426974351E+000 -1.667652590728E-002  2.271095880911E-002 -3.135735242740E-002
  4.277504275353E+000 -1.592051932616E-002  2.166741694917E-002 -2.989971540255E-002
  4.311941110423E+000 -1.519181010244E-002  2.066214189569E-002 -2.849521095761E-002
  4.346742528412E+000 -1.448971775445E-002  1.969419376757E-002 -2.714266436047E-002
  4.381913667228E+000 -1.381356670557E-002  1.876263524993E-002 -2.584088976344E-002
  4.417459755726E+000 -1.316268672895E-002  1.786653253699E-002 -2.458869226413E-002
  4.453386115645E+000 -1.253641337660E-002  1.700495624742E-002 -2.338486991920E-002
  4.489698163598E+000 -1.193408839283E-002  1.617698231094E-002 -2.222821570852E-002
  4.526401413105E+000 -1.135506011116E-002  1.538169282521E-002 -2.111751944770E-002
  4.563501476684E+000 -1.079868383471E-002  1.461817688209E-002 -2.005156964678E-002
  4.601004067991E+000 -1.026432219948E-002  1.388553136217E-002 -1.902915531296E-002
  4.638915004011E+000 -9.751345520282E-003  1.318286169697E-002 -1.804906769538E-002
  4.677240207311E+000 -9.259132119154E-003  1.250928259780E-002 -1.711010197005E-002
  4.715985708351E+000 -8.787068635842E-003  1.186391875077E-002 -1.621105886314E-002
  4.755157647843E+000 -8.334550320348E-003  1.124590547719E-002 -1.535074621082E-002
  4.794762279187E+000 -7.900981307304E-003  1.065438935894E-002 -1.452798045428E-002
  4.834805970953E+000 -7.485774872109E-003  1.008852882831E-002 -1.374158806834E-002
  4.875295209443E+000 -7.088353668771E-003  9.547494721889E-003 -1.299040692249E-002
  4.916236601308E+000 -6.708149949447E-003  9.030470798367E-003 -1.227328757316E-002
  4.957636876237E+000 -6.344605765716E-003  8.536654219952E-003 -1.158909448636E-002
  4.999502889720E+000 -5.997173151670E-003  8.065255997369E-003 -1.093670718979E-002
  5.041841625875E+000 -5.665314288930E-003  7.615501398438E-003 -1.031502135402E-002
  5.084660200360E+000 -5.348501653771E-003  7.186630320330E-003 -9.722949802047E-003
  5.127965863354E+000 -5.046218146551E-003  6.777897625688E-003 -9.159423447305E-003
  5.171766002619E+000 -4.757957203691E-003  6.388573442906E-003 -8.623392159836E-003
  5.216068146649E+000 -4.483222892498E-003  6.017943430940E-003 -8.113825560931E-003
  5.260879967894E+000 -4.221529989150E-003  5.665309009117E-003 -7.629713746523E-003
  5.306209286078E+000 -3.972404040209E-003  5.329987552488E-003 -7.170067939873E-003
  5.352064071605E+000 -3.735381408053E-003  5.011312553385E-003 -6.733921074294E-003
  5.398452449055E+000 -3.510009300659E-003  4.708633749874E-003 -6.320328306799E-003
  5.445382700775E+000 -3.295845786192E-003  4.421317221932E-003 -5.928367463798E-003
  5.492863270572E+000 -3.092459792895E-003  4.148745456201E-003 -5.557139420092E-003
  5.540902767504E+000 -2.899431094784E-003  3.890317380281E-003 -5.205768412630E-003
  5.589509969774E+000 -2.716350283690E-003  3.645448367558E-003 -4.873402290630E-003
  5.638693828737E+000 -2.542818728214E-003  3.413570213661E-003 -4.559212703840E-003
  5.688463473008E+000 -2.378448520157E-003  3.194131085657E-003 -4.262395230860E-003
  5.738828212699E+000 -2.222862409029E-003  2.986595445179E-003 -3.982169449576E-003
  5.789797543759E+000 -2.075693725239E-003  2.790443946712E-003 -3.717778951908E-003
  5.841381152447E+000 -1.936586292585E-003  2.605173312295E-003 -3.468491305170E-003
  5.893588919926E+000 -1.805194330656E-003  2.430296183950E-003 -3.233597962461E-003
  5.946430926988E+000 -1.681182347793E-003  2.265340955151E-003 -3.012414124603E-003
  5.999917458910E+000 -1.564225025219E-003  2.109851582697E-003 -2.804278556203E-003
  6.054059010457E+000 -1.454007092971E-003  1.963387380336E-003 -2.608553358526E-003
  6.108866291020E+000 -1.350223198271E-003  1.825522795523E-003 -2.424623701875E-003
  6.164350229902E+000 -1.252577766929E-003  1.695847170679E-003 -2.251897520260E-003
  6.220521981762E+000 -1.160784858411E-003  1.573964490319E-003 -2.089805171134E-003
  6.277392932215E+000 -1.074568015145E-003  1.459493115413E-003 -1.937799063016E-003
  6.334974703589E+000 -9.936601066654E-004  1.352065506318E-003 -1.795353253810E-003
  6.393279160860E+000 -9.178031691478E-004  1.251327935607E-003 -1.661963022613E-003
  6.452318417752E+000 -8.467482408930E-004  1.156940192080E-003 -1.537144417805E-003
  6.512104843026E+000 -7.802551942747E-004  1.068575277233E-003 -1.420433784157E-003
  6.572651066946E+000 -7.180925646653E-004  9.859190953847E-004 -1.311387271646E-003
  6.633969987942E+000 -6.600373768159E-004  9.086701386736E-004 -1.209580328622E-003
  6.696074779472E+000 -6.058749691489E-004  8.365391680282E-004 -1.114607181887E-003
  6.758978897091E+000 -5.553988163926E-004  7.692488912193E-004 -1.026080306167E-003
  6.822696085726E+000 -5.084103509625E-004  7.065336390130E-004 -9.436298853764E-004
  6.887240387180E+000 -4.647187834649E-004  6.481390404037E-004 -8.669032679645E-004
  6.952626147859E+000 -4.241409226714E-004  5.938216978415E-004 -7.955644185332E-004
  7.018868026732E+000 -3.865009952856E-004  5.433488633089E-004 -7.292933677976E-004
  7.085981003543E+000 -3.516304657940E-004  4.964981160399E-004 -6.677856628428E-004
  7.153980387268E+000 -3.193678566666E-004  4.530570426085E-004 -6.107518195065E-004
  7.222881824836E+000 -2.895585691456E-004  4.128229200526E-004 -5.579167785834E-004
  7.292701310121E+000 -2.620547048334E-004  3.756024026338E-004 -5.090193674212E-004
  7.363455193219E+000 -2.367148882667E-004  3.412112127676E-004 -4.638117683392E-004
  7.435160190001E+000 -2.134040906386E-004  3.094738366009E-004 -4.220589951673E-004
  7.507833391988E+000 -1.919934548083E-004  2.802232246464E-004 -3.835383790694E-004
  7.581492276516E+000 -1.723601217150E-004  2.533004978271E-004 -3.480390646801E-004
  7.656154717242E+000 -1.543870582951E-004  2.285546592270E-004 -3.153615174504E-004
  7.731838994973E+000 -1.379628869808E-004  2.058423117846E-004 -2.853170429726E-004
  7.808563808847E+000 -1.229817168441E-004  1.850273821195E-004 -2.577273189249E-004
  7.886348287874E+000 -1.093429764350E-004  1.659808506286E-004 -2.324239401601E-004
  7.965212002848E+000 -9.695124835011E-005  1.485804879438E-004 -2.092479773425E-004
  8.045174978646E+000 -8.571610555644E-005  1.327105978034E-004 -1.880495494307E-004
  8.126257706932E+000 -7.555194948987E-005  1.182617663467E-004 -1.686874102002E-004
  8.208481159274E+000 -6.637784993750E-005  1.051306178116E-004 -1.510285489019E-004
  8.291866800694E+000 -5.811738671130E-005  9.321957658063E-005 -1.349478050653E-004
  8.376436603664E+000 -5.069849311701E-005  8.243663549762E-005 -1.203274973743E-004
  8.462213062574E+000 -4.405330122170E-005  7.269513035300E-005 -1.070570664675E-004
  8.549219208676E+000 -3.811798892444E-005  6.391352041877E-005 -9.503273145438E-005
  8.637478625536E+000 -3.283262883727E-005  5.601517489932E-005 -8.415715987684E-005
  8.727015464999E+000 -2.814103898777E-005  4.892816515387E-005 -7.433915079985E-005
  8.817854463709E+000 -2.399063536005E-005  4.258506253992E-005 -6.549333067325E-005
  8.910020960175E+000 -2.033228629747E-005  3.692274172319E-005 -5.753986157312E-005
  9.003540912431E+000 -1.712016879808E-005  3.188218929964E-005 -5.040416140594E-005
  9.098440916308E+000 -1.431162674197E-005  2.740831757790E-005 -4.401663564062E-005
  9.194748224321E+000 -1.186703109868E-005  2.344978337561E-005 -3.831242012132E-005
  9.292490765233E+000 -9.749642171856E-006  1.995881169100E-005 -3.323113450917E-005
  9.391697164283E+000 -7.925473947829E-006  1.689102412063E-005 -2.871664590155E-005
  9.492396764138E+000 -6.363160623960E-006  1.420527190542E-005 -2.471684218300E-005
  9.594619646576E+000 -5.033825401435E-006  1.186347349989E-005 -2.118341467303E-005
  9.698396654938E+000 -3.910951635777E-006  9.830456572783E-006 -1.807164965029E-005
  9.803759417385E+000 -2.970256445994E-006  8.073804361505E-006 -1.534022835073E-005
  9.910740370981E+000 -2.189566890175E-006  6.563706317158E-006 -1.295103505861E-005
  1.001937278665E+001 -1.548698821167E-006  5.272812991154E-006 -1.086897293234E-005
  1.012969079502E+001 -1.029338540585E-006  4.176095128302E-006 -9.061787231758E-006
  1.024172941323E+001 -6.149273727247E-007  3.250706944451E-006 -7.499895639800E-006
  1.035552457272E+001 -2.905492817712E-007  2.475853578970E-006 -6.156225397560E-006
  1.047111314798E+001 -4.282165604904E-008  1.832662723407E-006 -5.006056998254E-006
  1.058853298647E+001  1.402106182370E-007  1.304060437249E-006 -4.026874211367E-006
  1.070782293953E+001  2.691776742355E-007  8.746511697395E-007 -3.198220233111E-006
  1.082902289454E+001  3.534836577058E-007  5.306020130005E-007 -2.501559782784E-006
  1.095217380826E+001  4.014020875768E-007  2.595312161300E-007 -1.920146986369E-006
  1.107731774137E+001  4.201674829456E-007  5.040099246437E-008 -1.438898908450E-006
  1.120449789442E+001  4.160631650587E-007 -1.065853472449E-007 -1.044274611043E-006
  1.133375864507E+001  3.945051537160E-007 -2.200819043995E-007 -7.241596330039E-007
  1.146514558681E+001  3.601220897970E-007 -2.976943168551E-007 -4.677557962874E-007
  1.159870556913E+001  3.168311291143E-007 -3.460694751301E-007 -2.654762552554E-007
  1.173448673928E+001  2.679097674074E-007 -3.709808146468E-007 -1.088457126463E-007
  1.187253858566E+001  2.160635718188E-007 -3.774091767082E-007  9.594269392345E-009
  1.201291198287E+001  1.634898104861E-007 -3.696192409656E-007  9.637493245234E-008
  1.215565923859E+001  1.119369887219E-007 -3.512315434831E-007  1.571850284356E-007
  1.230083414231E+001  6.276031745639E-008 -3.252901069522E-007  1.969506409494E-007
  1.244849201595E+001  1.697315695791E-008 -2.943257229355E-007  2.199101970549E-007
  1.259868976657E+001 -2.470550387971E-008 -2.604149400071E-007  2.296847507542E-007
  1.275148594119E+001 -6.180745540110E-008 -2.252348260512E-007  2.293436269363E-007
  1.290694078384E+001 -9.407546842748E-008 -1.901135875663E-007  2.214655230449E-007
  1.306511629490E+001 -1.214271792927E-007 -1.560771433343E-007  2.081951751949E-007
  1.322607629292E+001 -1.439225341986E-007 -1.238917640347E-007  1.912957055704E-007
  1.338988647898E+001 -1.617346545844E-007 -9.410290307281E-008  1.721967783898E-007
  1.355661450375E+001 -1.751239726271E-007 -6.707035684169E-008  1.520387022497E-007
  1.372633003727E+001 -1.844154748033E-007 -4.299990463398E-008  1.317126269823E-007
  1.389910484176E+001 -1.899788817856E-007 -2.197158929826E-008  1.118969930341E-007
  1.407501284743E+001 -1.922115849185E-007 -3.964809314055E-009  9.309040054745E-008
  1.425413023161E+001 -1.915241532039E-007  1.111959888420E-008  7.564107360882E-008
  1.443653550117E+001 -1.883282201850E-007  2.344010289061E-008  5.977310230878E-008
  1.462230957852E+001 -1.830265573736E-007  3.319785018652E-008  4.560965120331E-008
  1.481153589140E+001 -1.760051399278E-007  4.062248413588E-008  3.319332732884E-008
  1.500430046649E+001 -1.676270111281E-007  4.596020478194E-008  2.250390402143E-008
  1.520069202718E+001 -1.582277547686E-007  4.946387922106E-008  1.347359835385E-008
  1.540080209569E+001 -1.481123888031E-007  5.138500811857E-008  6.000100005561E-009
  1.560472509963E+001 -1.375534993596E-007  5.196735834128E-008 -4.245218008064E-011
  1.581255848342E+001 -1.267904414394E-007  5.144207662803E-008 -4.794352787970E-009
  1.602440282470E+001 -1.160294411080E-007  5.002410559662E-008 -8.402882968853E-009
  1.624036195599E+001 -1.054444436006E-007  4.790973106334E-008 -1.101635146042E-008
  1.646054309190E+001 -9.517856233524E-008  4.527509848319E-008 -1.277944804249E-008
  1.668505696224E+001 -8.534599516592E-008  4.227554614253E-008 -1.382974232819E-008
  1.691401795117E+001 -7.603428612261E-008  3.904561337586E-008 -1.429517013438E-008
  1.714754424293E+001 -6.730682318522E-008  3.569959335318E-008 -1.429235984262E-008
  1.738575797433E+001 -5.920547512450E-008  3.233251170601E-008 -1.392566198475E-008
  1.762878539445E+001 -5.175328292931E-008  2.902142424162E-008 -1.328675658653E-008
  1.787675703191E+001 -4.495713364176E-008  2.582693905188E-008 -1.245472439875E-008
  1.812980787015E+001 -3.881035637065E-008  2.279488027808E-008 -1.149647986079E-008
  1.838807753110E+001 -3.329519169256E-008  1.995802247909E-008 -1.046747530456E-008
  1.865171046781E+001 -2.838509644054E-008  1.733783581452E-008 -9.412597355854E-009
  1.892085616642E+001 -2.404685590424E-008  1.494619295875E-008 -8.367187575316E-009
  1.919566935809E+001 -2.024248462420E-008  1.278699868896E-008 -7.358129968903E-009
  1.947631024137E+001 -1.693090518316E-008  1.085771234101E-008 -6.404957971322E-009
  1.976294471571E+001 -1.406940162690E-008  9.150741725555E-009 -5.520942768539E-009
  2.005574462663E+001 -1.161485035921E-008  7.654694588554E-009 -4.714133300769E-009
  2.035488802332E+001 -9.524736544602E-009  6.355480252875E-009 -3.988325920136E-009
  2.066055942930E+001 -7.757968236165E-009  5.237259682036E-009 -3.343948433606E-009
  2.097295012706E+001 -6.275503661561E-009  4.283246872086E-009 -2.778849128589E-009
  2.129225845729E+001 -5.040809402167E-009  3.476368234113E-009 -2.288986362261E-009
  2.161869013374E+001 -4.020168660424E-009  2.799789523694E-009 -1.869018420625E-009
  2.195245857462E+001 -3.182859510714E-009  2.237321966182E-009 -1.512796660330E-009
  2.229378525140E+001 -2.501223062494E-009  1.773720591071E-009 -1.213767489530E-009
  2.264290005632E+001 -1.950640929551E-009  1.394888506777E-009 -9.652905893098E-010
  2.300004168951E+001 -1.509440397669E-009  1.088001006981E-009 -7.608819983393E-010
  2.336545806705E+001 -1.158744316145E-009  8.415630922375E-010 -5.943913601163E-010
  2.373940675129E+001 -8.822811049813E-010  6.454133068408E-010 -4.601228469354E-010
  2.412215540475E+001 -6.661684618947E-010  4.906858196972E-010 -3.529091103028E-010
  2.451398226921E+001 -4.986824564603E-010  3.697415027801E-010 -2.681471444330E-010
  2.491517667142E+001 -3.700217882073E-010  2.760774586432E-010 -2.018042639316E-010
  2.532603955735E+001 -2.720751256339E-010  2.042230878677E-010 -1.504015588805E-010
  2.574688405660E+001 -1.981976868347E-010  1.496294271994E-010 -1.109812628950E-010
  2.617803607920E+001 -1.430016105824E-010  1.085571782532E-010 -8.106350642432E-011
  2.661983494664E+001 -1.021632284267E-010  7.796762334894E-011 -5.859697370218E-011
  2.707263405971E+001 -7.224910166393E-011  5.541951741946E-011 -4.190707317177E-011
  2.753680160532E+001 -5.056163973605E-011  3.897407141791E-011 -2.964439479843E-011
  2.801272130518E+001 -3.500426763761E-011  2.710931291052E-011 -2.073548183709E-011
  2.850079320900E+001 -2.396545071324E-011  1.864442550938E-011 -1.433730008035E-011
  2.900143453541E+001 -1.622040137292E-011  1.267412602313E-011 -9.796248425558E-012
  2.951508056378E+001 -1.084896501771E-011  8.512727151134E-012 -6.612119260800E-012
  3.004218558064E+001 -7.167990391286E-012  5.647240995690E-012 -4.407079787321E-012
  3.058322388437E+001 -4.676409891511E-012  3.698689011417E-012 -2.899496878325E-012
  3.113869085248E+001 -3.011265289757E-012  2.390680456406E-012 -1.882257230957E-012
  3.170910407585E+001 -1.912992029180E-012  1.524287017917E-012 -1.205129127508E-012
  3.229500456485E+001 -1.198400853796E-012  9.582598292671E-013 -7.606595853662E-013
  3.289695803249E+001 -7.399514146450E-013  5.936917120628E-013 -4.730890220240E-013
  3.351555626047E+001 -4.500839171316E-013  3.623091241130E-013 -2.897837724333E-013
  3.415141855403E+001 -2.695499071662E-013  2.176740001497E-013 -1.747252103736E-013
  3.480519329257E+001 -1.588528670594E-013  1.286766369223E-013 -1.036447389260E-013
  3.547755958299E+001 -9.206696422627E-014  7.480030498308E-014 -6.045004069445E-014
  3.616922902393E+001 -5.244395835173E-014  4.273162169789E-014 -3.464479563109E-014
  3.688094758921E+001 -2.934178323299E-014  2.397485410917E-014 -1.949809436161E-014
  3.761349763993E+001 -1.611310519338E-014  1.320161576780E-014 -1.076874988889E-014
  3.836770007534E+001 -8.678824826633E-015  7.129375689373E-015 -5.832413137048E-015
  3.914441663347E+001 -4.581448961899E-015  3.773131719820E-015 -3.095393635997E-015
  3.994455235367E+001 -2.368424012826E-015  1.955393994916E-015 -1.608517419361E-015
  4.076905821405E+001 -1.198028785448E-015  9.914852278105E-016 -8.177442498634E-016
  4.161893395835E+001 -5.924391861950E-016  4.914469394268E-016 -4.063604952076E-016
  4.249523112779E+001 -2.861451553365E-016  2.379052178402E-016 -1.972004013600E-016
  4.339905631520E+001 -1.348562470135E-016  1.123686848097E-016 -9.336518275607E-017
  4.433157466006E+001 -6.195137924087E-017  5.173147418782E-017 -4.308226778655E-017
  4.529401360538E+001 -2.771118491171E-017  2.318796272659E-017 -1.935440657362E-017
  4.628766693861E+001 -1.205553824996E-017  1.010817235739E-017 -8.455401061103E-018
  4.731389914191E+001 -5.094730639789E-018  4.280175746487E-018 -3.587892159175E-018
  4.837415007871E+001 -2.088841106657E-018  1.758234398388E-018 -1.476875035640E-018
  4.946994004686E+001 -8.297635356536E-019  6.997359117509E-019 -5.889309315381E-019
  5.060287523143E+001 -3.188966140474E-019  2.694116683214E-019 -2.271877096561E-019
  5.177465359367E+001 -1.183963528038E-019  1.002006291049E-019 -8.465508409533E-020
  5.298707123650E+001 -4.239627792623E-020  3.594223975014E-020 -3.042136619834E-020
  5.424202929116E+001 -1.461791726367E-020  1.241333577411E-020 -1.052520855593E-020
  5.554154137419E+001 -4.844348168580E-021  4.120452361898E-021 -3.499727076837E-021
  5.688774166961E+001 -1.540118748117E-021  1.312054434756E-021 -1.116265245216E-021
  5.828289369667E+001 -4.687797212825E-022  3.999785378500E-022 -3.408461719390E-022
  5.972939983075E+001 -1.363176324024E-022  1.164857533129E-022 -9.942173138121E-023
  6.122981165190E+001 -3.778494769433E-023  3.233521225296E-023 -2.764090417664E-023
  6.278684120462E+001 -9.959141165388E-024  8.534903238434E-024 -7.306762848472E-024
  6.440337326150E+001 -2.489699317376E-024  2.136621668181E-024 -1.831835067780E-024
  6.608247869451E+001 -5.887180164007E-025  5.059140286717E-025 -4.343609789965E-025
  6.782742906960E+001 -1.312921491410E-025  1.129748867626E-025 -9.713033403343E-026
  6.964171259434E+001 -2.752914460692E-026  2.371893324503E-026 -2.041978022961E-026
  7.152905156377E+001 -5.409160807038E-027  4.666352348681E-027 -4.022545146142E-027
  7.349342146763E+001 -9.924593232699E-028  8.572191450672E-028 -7.398910233516E-028
  7.553907194217E+001 -1.693936902637E-028  1.464854763154E-028 -1.265926284732E-028
  7.767054977292E+001 -2.678700472413E-029  2.319138703348E-029 -2.006616634171E-029
  7.989272418113E+001 -3.907590748135E-030  3.386914667221E-030 -2.933945633086E-030
  8.221081465675E+001 -5.233974689546E-031  4.541581614251E-031 -3.938689369512E-031
  8.463042163523E+001 -6.405065313706E-032  5.563747549912E-032 -4.830542141244E-032
  8.715756035520E+001 -7.122880639194E-033  6.193786016500E-033 -5.383390892552E-033
  8.979869827958E+001 -7.156870264558E-034  6.229726377631E-034 -5.420354598665E-034
  9.256079651532E+001 -6.456981998341E-035  5.626127878576E-035 -4.900218124613E-035
  9.545135572765E+001 -5.195999113176E-036  4.531817960795E-036 -3.951061112128E-036
  9.847846711487E+001 -3.702597111183E-037  3.232381682555E-037 -2.820902645539E-037
  1.016508690915E+002 -2.318223400366E-038  2.025694413719E-038 -1.769508052835E-038
  1.049780104220E+002 -1.264600262463E-039  1.106023342353E-039 -9.670419547622E-040
  1.084701206579E+002 -5.955729037741E-041  5.213489218966E-041 -4.562484880741E-041
  1.121382888606E+002 -2.397734108656E-042  2.100716560217E-042 -1.840018257889E-042
  1.159945517414E+002 -8.163647726947E-044  7.158370295601E-044 -6.275387861257E-044
  1.200519925308E+002 -2.323330010683E-045  2.038895914326E-045 -1.788889308754E-045
  1.243248520934E+002 -5.457045771189E-047  4.792774308254E-047 -4.208505291533E-047
  1.288286540551E+002 -1.043284403841E-048  9.169982259275E-049 -8.058469823453E-049
  1.335803459987E+002 -1.599084814993E-050  1.406581917679E-050 -1.237038510621E-050
  1.385984591287E+002 -1.932742501801E-052  1.701323130686E-052 -1.497373733246E-052
  1.439032892205E+002 -1.808984026677E-054  1.593523666692E-054 -1.403519467991E-054
  1.495171021587E+002 -1.285324569481E-056  1.133024842908E-056 -9.986363385325E-057
  1.554643679592E+002 -6.782830234123E-059  5.983184920535E-059 -5.277157263282E-059
  1.617720278763E+002 -2.595204850586E-061  2.290762933721E-061 -2.021805046816E-061
  1.684698000514E+002 -7.010651152374E-064  6.192217470370E-064 -5.468759839432E-064
  1.755905301928E+002 -1.298431884363E-066  1.147569006487E-066 -1.014138211790E-066
  1.831705950299E+002 -1.595989189506E-069  1.411412537596E-069 -1.248073918107E-069
  1.912503678195E+002 -1.255779316010E-072  1.111205697136E-072 -9.831986131230E-073
  1.998747570544E+002 -6.076161294588E-076  5.379728800718E-076 -4.762776961482E-076
  2.090938318328E+002 -1.728749277253E-079  1.531461288373E-079 -1.356599602669E-079
  2.189635501945E+002 -2.750974835390E-083  2.438353325303E-083 -2.161130372976E-083
  2.295466102647E+002 -2.314932146941E-087  2.052945820340E-087 -1.820511721550E-087
  2.409134484547E+002 -9.672170989974E-092  8.581944369649E-092 -7.614238227275E-092
  2.531434144886E+002 -1.869027314226E-096  1.659179193397E-096 -1.472828098034E-096
  2.663261599835E+002 -1.541630068989E-101  1.369201102713E-101 -1.216010570895E-101
  2.805632861191E+002 -4.956082813162E-107  4.403810771394E-107 -3.912943237621E-107
  2.959703071532E+002 -5.600184627913E-113  4.978392841204E-113 -4.425500553633E-113
  3.126790009236E+002 -1.976785191359E-119  1.758072603144E-119 -1.563514909126E-119
  3.308402360200E+002 -1.904472511504E-126  1.694479875917E-126 -1.507604283740E-126
  3.506273893903E+002 -4.288055179111E-134  3.816808797798E-134 -3.397276627720E-134
  3.722404996260E+002 -1.886517957009E-142  1.679860997978E-142 -1.495813101230E-142
  3.959113426415E+002 -1.317889112914E-151  1.173972018119E-151 -1.045753226877E-151
  4.219096715122E+002 -1.148278953382E-161  1.023262200956E-161 -9.118427822480E-162
  4.505509359373E+002 -9.408663510163E-173  8.387303625003E-173 -7.476720107517E-173
  4.822058963204E+002 -5.201998627185E-185  4.638887914313E-185 -4.136686368939E-185
  5.173126831536E+002 -1.311056435661E-198  1.169522632070E-198 -1.043257721849E-198
  5.563920392209E+002 -9.449232370384E-214  8.431829422201E-214 -7.523907040129E-214
  6.000667421536E+002 -1.115124118346E-230  9.953619413385E-231 -8.884555527637E-231
  6.490865708786E+002 -1.101105481301E-249  9.831365477461E-250 -8.778010126927E-250
  7.043607010442E+002 -4.030309328200E-271  3.599523387052E-271 -3.214765886781E-271
  7.670001674974E+002 -2.021873853609E-295  1.806246584178E-295 -1.613608283708E-295
  8.383741345464E+002  0.000000000000E+000  0.000000000000E+000  0.000000000000E+000
  9.201853543213E+002  0.000000000000E+000  0.000000000000E+000  0.000000000000E+000
  1.014572672318E+003  0.000000000000E+000  0.000000000000E+000  0.000000000000E+000
  1.124252254996E+003  0.000000000000E+000  0.000000000000E+000  0.000000000000E+000
  1.252715205428E+003  0.000000000000E+000  0.000000000000E+000  0.000000000000E+000
  1.404508845568E+003  0.000000000000E+000  0.000000000000E+000  0.000000000000E+000
  1.585644739908E+003  0.000000000000E+000  0.000000000000E+000  0.000000000000E+000
  1.804203189488E+003  0.000000000000E+000  0.000000000000E+000  0.000000000000E+000
  2.071250249814E+003  0.000000000000E+000  0.000000000000E+000  0.000000000000E+000
  2.402266552340E+003  0.000000000000E+000  0.000000000000E+000  0.000000000000E+000
  2.819442449497E+003  0.000000000000E+000  0.000000000000E+000  0.000000000000E+000
  3.355496240167E+003  0.000000000000E+000  0.000000000000E+000  0.000000000000E+000
  4.060290442982E+003  0.000000000000E+000  0.000000000000E+000  0.000000000000E+000
  5.012860622227E+003  0.000000000000E+000  0.000000000000E+000  0.000000000000E+000
  6.344578802016E+003  0.000000000000E+000  0.000000000000E+000  0.000000000000E+000
  8.287000878586E+003  0.000000000000E+000  0.000000000000E+000  0.000000000000E+000
  1.127976970933E+004  0.000000000000E+000  0.000000000000E+000  0.000000000000E+000
  1.624316171036E+004  0.000000000000E+000  0.000000000000E+000  0.000000000000E+000
  2.538031516868E+004  0.000000000000E+000  0.000000000000E+000  0.000000000000E+000
  4.512107881524E+004  0.000000000000E+000  0.000000000000E+000  0.000000000000E+000
  1.015232606647E+005  0.000000000000E+000  0.000000000000E+000  0.000000000000E+000
  4.060950426526E+005  0.000000000000E+000  0.000000000000E+000  0.000000000000E+000
