# 1st line: number of mesh points
# abcissa wavefunction wavefunction_1st wavefunction_2nd
1000
# Principal QN=   3 , l=   1 , Occupation=   5.0000
  2.462477732966E-006  3.587969037820E-004  1.456979769290E+002 -6.226864643718E+003
  9.849959442330E-006  1.434968145387E-003  1.456519830506E+002 -6.224977716737E+003
  2.216259066178E-005  3.227855522432E-003  1.455753565492E+002 -6.221834332875E+003
  3.940061395432E-005  5.736362719970E-003  1.454681423325E+002 -6.217436731752E+003
  6.156436892224E-005  8.958956342814E-003  1.453304031977E+002 -6.211788044761E+003
  8.865429222131E-005  1.289366735853E-002  1.451622197597E+002 -6.204892291004E+003
  1.206709175794E-004  1.753809294881E-002  1.449636903566E+002 -6.196754372074E+003
  1.576148758184E-004  2.288939876608E-002  1.447349309367E+002 -6.187380065701E+003
  1.994868948811E-004  2.894432159204E-002  1.444760749238E+002 -6.176776018270E+003
  2.462877998613E-004  3.569917239363E-002  1.441872730636E+002 -6.164949736221E+003
  2.980185130383E-004  4.314983977173E-002  1.438686932494E+002 -6.151909576350E+003
  3.546800539158E-004  5.129179379708E-002  1.435205203294E+002 -6.137664735028E+003
  4.162735392647E-004  6.012009022737E-002  1.431429558943E+002 -6.122225236358E+003
  4.828001831694E-004  6.962937509867E-002  1.427362180461E+002 -6.105601919284E+003
  5.542612970792E-004  7.981388968433E-002  1.423005411493E+002 -6.087806423689E+003
  6.306582898628E-004  9.066747581310E-002  1.418361755635E+002 -6.068851175492E+003
  7.119926678676E-004  1.021835815385E-001  1.413433873592E+002 -6.048749370775E+003
  7.982660349828E-004  1.143552671504E-001  1.408224580166E+002 -6.027514958978E+003
  8.894800927067E-004  1.271752115197E-001  1.402736841075E+002 -6.005162625174E+003
  9.856366402179E-004  1.406357187653E-001  1.396973769624E+002 -5.981707771467E+003
  1.086737574451E-003  1.547287252352E-001  1.390938623217E+002 -5.957166497548E+003
  1.192784890174E-003  1.694458067883E-001  1.384634799721E+002 -5.931555580431E+003
  1.303780680078E-003  1.847781863678E-001  1.378065833701E+002 -5.904892453412E+003
  1.419727134858E-003  2.007167418536E-001  1.371235392509E+002 -5.877195184296E+003
  1.540626543307E-003  2.172520141826E-001  1.364147272252E+002 -5.848482452905E+003
  1.666481292416E-003  2.343742157234E-001  1.356805393643E+002 -5.818773527937E+003
  1.797293867468E-003  2.520732388946E-001  1.349213797738E+002 -5.788088243192E+003
  1.933066852148E-003  2.703386650123E-001  1.341376641561E+002 -5.756446973218E+003
  2.073802928647E-003  2.891597733542E-001  1.333298193641E+002 -5.723870608408E+003
  2.219504877777E-003  3.085255504274E-001  1.324982829453E+002 -5.690380529613E+003
  2.370175579090E-003  3.284246994263E-001  1.316435026776E+002 -5.655998582282E+003
  2.525818010992E-003  3.488456498663E-001  1.307659360978E+002 -5.620747050199E+003
  2.686435250879E-003  3.697765673795E-001  1.298660500231E+002 -5.584648628852E+003
  2.852030475254E-003  3.912053636597E-001  1.289443200671E+002 -5.547726398471E+003
  3.022606959872E-003  4.131197065413E-001  1.280012301502E+002 -5.510003796800E+003
  3.198168079872E-003  4.355070301978E-001  1.270372720055E+002 -5.471504591624E+003
  3.378717309917E-003  4.583545454480E-001  1.260529446818E+002 -5.432252853111E+003
  3.564258224347E-003  4.816492501525E-001  1.250487540433E+002 -5.392272926017E+003
  3.754794497325E-003  5.053779396896E-001  1.240252122675E+002 -5.351589401787E+003
  3.950329902993E-003  5.295272174941E-001  1.229828373417E+002 -5.310227090606E+003
  4.150868315631E-003  5.540835056465E-001  1.219221525593E+002 -5.268210993446E+003
  4.356413709820E-003  5.790330554986E-001  1.208436860163E+002 -5.225566274142E+003
  4.566970160612E-003  6.043619583210E-001  1.197479701094E+002 -5.182318231559E+003
  4.782541843700E-003  6.300561559599E-001  1.186355410351E+002 -5.138492271882E+003
  5.003133035593E-003  6.561014514899E-001  1.175069382922E+002 -5.094113881067E+003
  5.228748113801E-003  6.824835198482E-001  1.163627041875E+002 -5.049208597512E+003
  5.459391557015E-003  7.091879184398E-001  1.152033833453E+002 -5.003801984980E+003
  5.695067945303E-003  7.362000976990E-001  1.140295222222E+002 -4.957919605805E+003
  5.935781960296E-003  7.635054115955E-001  1.128416686266E+002 -4.911586994447E+003
  6.181538385392E-003  7.910891280740E-001  1.116403712452E+002 -4.864829631409E+003
  6.432342105956E-003  8.189364394143E-001  1.104261791760E+002 -4.817672917565E+003
  6.688198109528E-003  8.470324725012E-001  1.091996414683E+002 -4.770142148943E+003
  6.949111486034E-003  8.753622989938E-001  1.079613066713E+002 -4.722262491982E+003
  7.215087428003E-003  9.039109453820E-001  1.067117223911E+002 -4.674058959310E+003
  7.486131230784E-003  9.326634029224E-001  1.054514348566E+002 -4.625556386078E+003
  7.762248292776E-003  9.616046374417E-001  1.041809884959E+002 -4.576779406867E+003
  8.043444115654E-003  9.907195989991E-001  1.029009255220E+002 -4.527752433215E+003
  8.329724304602E-003  1.019993231400E+000  1.016117855294E+002 -4.478499631787E+003
  8.621094568555E-003  1.049410481549E+000  1.003141051027E+002 -4.429044903202E+003
  8.917560720438E-003  1.078956308641E+000  9.900841743556E+001 -4.379411861575E+003
  9.219128677417E-003  1.108615693174E+000  9.769525196240E+001 -4.329623814760E+003
  9.525804461149E-003  1.138373645784E+000  9.637513400230E+001 -4.279703745344E+003
  9.837594198038E-003  1.168215215894E+000  9.504858441544E+001 -4.229674292407E+003
  1.015450411950E-002  1.198125500164E+000  9.371611927272E+001 -4.179557734056E+003
  1.047654056222E-002  1.228089650752E+000  9.237824953855E+001 -4.129375970765E+003
  1.080370996845E-002  1.258092883362E+000  9.103548076716E+001 -4.079150509530E+003
  1.113601888623E-002  1.288120485091E+000  8.968831281271E+001 -4.028902448852E+003
  1.147347396972E-002  1.318157822057E+000  8.833723955330E+001 -3.978652464566E+003
  1.181608197948E-002  1.348190346820E+000  8.698274862910E+001 -3.928420796524E+003
  1.216384978272E-002  1.378203605577E+000  8.562532119458E+001 -3.878227236132E+003
  1.251678435364E-002  1.408183245140E+000  8.426543168525E+001 -3.828091114767E+003
  1.287489277369E-002  1.438115019690E+000  8.290354759857E+001 -3.778031293065E+003
  1.323818223191E-002  1.467984797305E+000  8.154012928939E+001 -3.728066151083E+003
  1.360666002522E-002  1.497778566265E+000  8.017562977980E+001 -3.678213579350E+003
  1.398033355872E-002  1.527482441130E+000  7.881049458330E+001 -3.628490970790E+003
  1.435921034603E-002  1.557082668590E+000  7.744516154341E+001 -3.578915213532E+003
  1.474329800963E-002  1.586565633090E+000  7.608006068644E+001 -3.529502684593E+003
  1.513260428113E-002  1.615917862231E+000  7.471561408847E+001 -3.480269244430E+003
  1.552713700165E-002  1.645126031944E+000  7.335223575637E+001 -3.431230232360E+003
  1.592690412217E-002  1.674176971447E+000  7.199033152259E+001 -3.382400462839E+003
  1.633191370382E-002  1.703057667975E+000  7.063029895367E+001 -3.333794222586E+003
  1.674217391826E-002  1.731755271295E+000  6.927252727224E+001 -3.285425268541E+003
  1.715769304806E-002  1.760257098007E+000  6.791739729216E+001 -3.237306826656E+003
  1.757847948698E-002  1.788550635628E+000  6.656528136666E+001 -3.189451591486E+003
  1.800454174044E-002  1.816623546474E+000  6.521654334921E+001 -3.141871726586E+003
  1.843588842578E-002  1.844463671329E+000  6.387153856668E+001 -3.094578865676E+003
  1.887252827273E-002  1.872059032921E+000  6.253061380463E+001 -3.047584114576E+003
  1.931447012370E-002  1.899397839191E+000  6.119410730429E+001 -3.000898053877E+003
  1.976172293425E-002  1.926468486380E+000  5.986234877092E+001 -2.954530742341E+003
  2.021429577341E-002  1.953259561921E+000  5.853565939317E+001 -2.908491720992E+003
  2.067219782411E-002  1.979759847151E+000  5.721435187298E+001 -2.862790017894E+003
  2.113543838356E-002  2.005958319847E+000  5.589873046580E+001 -2.817434153580E+003
  2.160402686371E-002  2.031844156584E+000  5.458909103045E+001 -2.772432147115E+003
  2.207797279156E-002  2.057406734936E+000  5.328572108845E+001 -2.727791522765E+003
  2.255728580967E-002  2.082635635504E+000  5.198889989225E+001 -2.683519317242E+003
  2.304197567655E-002  2.107520643801E+000  5.069889850186E+001 -2.639622087513E+003
  2.353205226706E-002  2.132051751976E+000  4.941597986959E+001 -2.596105919127E+003
  2.402752557287E-002  2.156219160403E+000  4.814039893231E+001 -2.552976435048E+003
  2.452840570292E-002  2.180013279127E+000  4.687240271077E+001 -2.510238804957E+003
  2.503470288379E-002  2.203424729184E+000  4.561223041561E+001 -2.467897754998E+003
  2.554642746023E-002  2.226444343786E+000  4.436011355945E+001 -2.425957577941E+003
  2.606358989558E-002  2.249063169399E+000  4.311627607467E+001 -2.384422143729E+003
  2.658620077221E-002  2.271272466692E+000  4.188093443642E+001 -2.343294910377E+003
  2.711427079202E-002  2.293063711395E+000  4.065429779029E+001 -2.302578935208E+003
  2.764781077690E-002  2.314428595040E+000  3.943656808429E+001 -2.262276886376E+003
  2.818683166921E-002  2.335359025614E+000  3.822794020453E+001 -2.222391054664E+003
  2.873134453224E-002  2.355847128121E+000  3.702860211429E+001 -2.182923365517E+003
  2.928136055074E-002  2.375885245057E+000  3.583873499586E+001 -2.143875391285E+003
  2.983689103139E-002  2.395465936804E+000  3.465851339487E+001 -2.105248363648E+003
  3.039794740329E-002  2.414581981954E+000  3.348810536647E+001 -2.067043186185E+003
  3.096454121851E-002  2.433226377562E+000  3.232767262305E+001 -2.029260447079E+003
  3.153668415253E-002  2.451392339331E+000  3.117737068311E+001 -1.991900431901E+003
  3.211438800486E-002  2.469073301744E+000  3.003734902065E+001 -1.954963136469E+003
  3.269766469947E-002  2.486262918137E+000  2.890775121495E+001 -1.918448279748E+003
  3.328652628537E-002  2.502955060722E+000  2.778871510010E+001 -1.882355316755E+003
  3.388098493714E-002  2.519143820565E+000  2.668037291409E+001 -1.846683451456E+003
  3.448105295547E-002  2.534823507519E+000  2.558285144692E+001 -1.811431649624E+003
  3.508674276771E-002  2.549988650122E+000  2.449627218749E+001 -1.776598651626E+003
  3.569806692844E-002  2.564633995458E+000  2.342075146892E+001 -1.742182985130E+003
  3.631503812000E-002  2.578754508984E+000  2.235640061190E+001 -1.708182977694E+003
  3.693766915309E-002  2.592345374329E+000  2.130332606586E+001 -1.674596769226E+003
  3.756597296732E-002  2.605401993071E+000  2.026162954752E+001 -1.641422324280E+003
  3.819996263183E-002  2.617919984484E+000  1.923140817677E+001 -1.608657444184E+003
  3.883965134583E-002  2.629895185264E+000  1.821275460937E+001 -1.576299778965E+003
  3.948505243923E-002  2.641323649243E+000  1.720575716644E+001 -1.544346839058E+003
  4.013617937323E-002  2.652201647071E+000  1.621049996031E+001 -1.512796006784E+003
  4.079304574093E-002  2.662525665899E+000  1.522706301673E+001 -1.481644547573E+003
  4.145566526792E-002  2.672292409026E+000  1.425552239312E+001 -1.450889620924E+003
  4.212405181296E-002  2.681498795555E+000  1.329595029274E+001 -1.420528291078E+003
  4.279821936853E-002  2.690141960011E+000  1.234841517455E+001 -1.390557537396E+003
  4.347818206155E-002  2.698219251964E+000  1.141298185880E+001 -1.360974264430E+003
  4.416395415396E-002  2.705728235632E+000  1.048971162801E+001 -1.331775311667E+003
  4.485555004336E-002  2.712666689467E+000  9.578662323428E+000 -1.302957462946E+003
  4.555298426375E-002  2.719032605734E+000  8.679888436803E+000 -1.274517455529E+003
  4.625627148608E-002  2.724824190072E+000  7.793441197404E+000 -1.246451988821E+003
  4.696542651902E-002  2.730039861039E+000  6.919368654277E+000 -1.218757732737E+003
  4.768046430958E-002  2.734678249649E+000  6.057715753692E+000 -1.191431335693E+003
  4.840139994379E-002  2.738738198877E+000  5.208524411773E+000 -1.164469432234E+003
  4.912824864743E-002  2.742218763164E+000  4.371833582326E+000 -1.137868650285E+003
  4.986102578670E-002  2.745119207888E+000  3.547679319874E+000 -1.111625618019E+003
  5.059974686895E-002  2.747439008818E+000  2.736094837953E+000 -1.085736970347E+003
  5.134442754336E-002  2.749177851550E+000  1.937110562706E+000 -1.060199355024E+003
  5.209508360169E-002  2.750335630907E+000  1.150754181866E+000 -1.035009438368E+003
  5.285173097899E-002  2.750912450323E+000  3.770506891784E-001 -1.010163910596E+003
  5.361438575437E-002  2.750908621190E+000 -3.839775756056E-001 -9.856594907832E+002
  5.438306415168E-002  2.750324662174E+000 -1.132310891082E+000 -9.614929314345E+002
  5.515778254035E-002  2.749161298500E+000 -1.867932122760E+000 -9.376610226815E+002
  5.593855743605E-002  2.747419461197E+000 -2.590826695715E+000 -9.141605961074E+002
  5.672540550155E-002  2.745100286304E+000 -3.300982571171E+000 -8.909885282015E+002
  5.751834354743E-002  2.742205114037E+000 -3.998390226883E+000 -8.681417434521E+002
  5.831738853289E-002  2.738735487908E+000 -4.683042641128E+000 -8.456172170810E+002
  5.912255756656E-002  2.734693153795E+000 -5.354935280154E+000 -8.234119774291E+002
  5.993386790726E-002  2.730080058972E+000 -6.014066088897E+000 -8.015231079992E+002
  6.075133696481E-002  2.724898351067E+000 -6.660435484778E+000 -7.799477491652E+002
  6.157498230090E-002  2.719150376991E+000 -7.294046354389E+000 -7.586830995557E+002
  6.240482162984E-002  2.712838681780E+000 -7.914904052871E+000 -7.377264171226E+002
  6.324087281946E-002  2.705966007403E+000 -8.523016405772E+000 -7.170750199029E+002
  6.408315389190E-002  2.698535291485E+000 -9.118393713181E+000 -6.967262864869E+002
  6.493168302447E-002  2.690549665980E+000 -9.701048755927E+000 -6.766776562005E+002
  6.578647855056E-002  2.682012455763E+000 -1.027099680362E+001 -6.569266290156E+002
  6.664755896041E-002  2.672927177167E+000 -1.082825562434E+001 -6.374707651992E+002
  6.751494290207E-002  2.663297536426E+000 -1.137284549572E+001 -6.183076847125E+002
  6.838864918226E-002  2.653127428065E+000 -1.190478921720E+001 -5.994350663743E+002
  6.926869676725E-002  2.642420933198E+000 -1.242411212337E+001 -5.808506467988E+002
  7.015510478375E-002  2.631182317751E+000 -1.293084209788E+001 -5.625522191231E+002
  7.104789251987E-002  2.619416030608E+000 -1.342500958810E+001 -5.445376315350E+002
  7.194707942599E-002  2.607126701673E+000 -1.390664761998E+001 -5.268047856159E+002
  7.285268511573E-002  2.594319139840E+000 -1.437579181303E+001 -5.093516345111E+002
  7.376472936684E-002  2.580998330895E+000 -1.483248039530E+001 -4.921761809411E+002
  7.468323212221E-002  2.567169435313E+000 -1.527675421802E+001 -4.752764750664E+002
  7.560821349078E-002  2.552837785983E+000 -1.570865676970E+001 -4.586506122205E+002
  7.653969374850E-002  2.538008885836E+000 -1.612823418967E+001 -4.422967305223E+002
  7.747769333938E-002  2.522688405384E+000 -1.653553528065E+001 -4.262130083826E+002
  7.842223287637E-002  2.506882180182E+000 -1.693061152034E+001 -4.103976619165E+002
  7.937333314243E-002  2.490596208182E+000 -1.731351707174E+001 -3.948489422758E+002
  8.033101509154E-002  2.473836647015E+000 -1.768430879213E+001 -3.795651329119E+002
  8.129529984966E-002  2.456609811172E+000 -1.804304624051E+001 -3.645445467837E+002
  8.226620871580E-002  2.438922169104E+000 -1.838979168329E+001 -3.497855235217E+002
  8.324376316303E-002  2.420780340230E+000 -1.872461009819E+001 -3.352864265595E+002
  8.422798483957E-002  2.402191091857E+000 -1.904756917619E+001 -3.210456402459E+002
  8.521889556978E-002  2.383161336018E+000 -1.935873932131E+001 -3.070615669469E+002
  8.621651735528E-002  2.363698126219E+000 -1.965819364830E+001 -2.933326241500E+002
  8.722087237602E-002  2.343808654107E+000 -1.994600797787E+001 -2.798572415808E+002
  8.823198299134E-002  2.323500246052E+000 -2.022226082965E+001 -2.666338583417E+002
  8.924987174107E-002  2.302780359652E+000 -2.048703341252E+001 -2.536609200827E+002
  9.027456134670E-002  2.281656580154E+000 -2.074040961252E+001 -2.409368762139E+002
  9.130607471240E-002  2.260136616807E+000 -2.098247597793E+001 -2.284601771686E+002
  9.234443492626E-002  2.238228299128E+000 -2.121332170184E+001 -2.162292717239E+002
  9.338966526132E-002  2.215939573112E+000 -2.143303860183E+001 -2.042426043899E+002
  9.444178917683E-002  2.193278497359E+000 -2.164172109692E+001 -1.924986128712E+002
  9.550083031933E-002  2.170253239138E+000 -2.183946618172E+001 -1.809957256115E+002
  9.656681252387E-002  2.146872070396E+000 -2.202637339776E+001 -1.697323594246E+002
  9.763975981519E-002  2.123143363696E+000 -2.220254480189E+001 -1.587069172201E+002
  9.871969640891E-002  2.099075588100E+000 -2.236808493198E+001 -1.479177858281E+002
  9.980664671274E-002  2.074677305004E+000 -2.252310076966E+001 -1.373633339292E+002
  1.009006353277E-001  2.049957163914E+000 -2.266770170034E+001 -1.270419100930E+002
  1.020016870494E-001  2.024923898185E+000 -2.280199947043E+001 -1.169518409299E+002
  1.031098268692E-001  1.999586320704E+000 -2.292610814179E+001 -1.070914293603E+002
  1.042250799756E-001  1.973953319550E+000 -2.304014404347E+001 -9.745895300336E+001
  1.053474717553E-001  1.948033853601E+000 -2.314422572088E+001 -8.805266268871E+001
  1.064770277946E-001  1.921836948124E+000 -2.323847388230E+001 -7.887078109293E+001
  1.076137738809E-001  1.895371690327E+000 -2.332301134289E+001 -6.991150150264E+001
  1.087577360036E-001  1.868647224896E+000 -2.339796296627E+001 -6.117298670550E+001
  1.099089403557E-001  1.841672749506E+000 -2.346345560377E+001 -5.265336800985E+001
  1.110674133350E-001  1.814457510321E+000 -2.351961803130E+001 -4.435074439344E+001
  1.122331815458E-001  1.787010797476E+000 -2.356658088421E+001 -3.626318178118E+001
  1.134062717995E-001  1.759341940567E+000 -2.360447658990E+001 -2.838871245151E+001
  1.145867111168E-001  1.731460304119E+000 -2.363343929858E+001 -2.072533457048E+001
  1.157745267286E-001  1.703375283071E+000 -2.365360481213E+001 -1.327101185241E+001
  1.169697460775E-001  1.675096298259E+000 -2.366511051120E+001 -6.023673345416E+000
  1.181723968193E-001  1.646632791912E+000 -2.366809528065E+001  1.018786659951E+000
  1.193825068243E-001  1.617994223157E+000 -2.366269943361E+001  7.858508601415E+000
  1.206001041787E-001  1.589190063551E+000 -2.364906463395E+001  1.449766749747E+001
  1.218252171865E-001  1.560229792628E+000 -2.362733381771E+001  2.093847268459E+001
  1.230578743703E-001  1.531122893473E+000 -2.359765111322E+001  2.718316744237E+001
  1.242981044731E-001  1.501878848327E+000 -2.356016176038E+001  3.323402850987E+001
  1.255459364600E-001  1.472507134229E+000 -2.351501202892E+001  3.909336549697E+001
  1.268013995194E-001  1.443017218688E+000 -2.346234913604E+001  4.476352019454E+001
  1.280645230647E-001  1.413418555406E+000 -2.340232116346E+001  5.024686578757E+001
  1.293353367356E-001  1.383720580038E+000 -2.333507697388E+001  5.554580597543E+001
  1.306138704000E-001  1.353932706002E+000 -2.326076612727E+001  6.066277400379E+001
  1.319001541553E-001  1.324064320344E+000 -2.317953879685E+001  6.560023161280E+001
  1.331942183303E-001  1.294124779656E+000 -2.309154568507E+001  7.036066790612E+001
  1.344960934863E-001  1.264123406050E+000 -2.299693793957E+001  7.494659814578E+001
  1.358058104191E-001  1.234069483196E+000 -2.289586706947E+001  7.936056247769E+001
  1.371234001607E-001  1.203972252422E+000 -2.278848486183E+001  8.360512459274E+001
  1.384488939805E-001  1.173840908882E+000 -2.267494329867E+001  8.768287032868E+001
  1.397823233874E-001  1.143684597794E+000 -2.255539447448E+001  9.159640621770E+001
  1.411237201313E-001  1.113512410745E+000 -2.242999051447E+001  9.534835798494E+001
  1.424731162050E-001  1.083333382077E+000 -2.229888349355E+001  9.894136900292E+001
  1.438305438454E-001  1.053156485342E+000 -2.216222535632E+001  1.023780987070E+002
  1.451960355357E-001  1.022990629840E+000 -2.202016783794E+001  1.056612209770E+002
  1.465696240072E-001  9.928446572354E-001 -2.187286238627E+001  1.087934224901E+002
  1.479513422405E-001  9.627273382569E-001 -2.172046008510E+001  1.117774010492E+002
  1.493412234681E-001  9.326473694755E-001 -2.156311157879E+001  1.146158638933E+002
  1.507393011753E-001  9.026133701725E-001 -2.140096699824E+001  1.173115259926E+002
  1.521456091027E-001  8.726338792911E-001 -2.123417588843E+001  1.198671083348E+002
  1.535601812478E-001  8.427173524748E-001 -2.106288713742E+001  1.222853362060E+002
  1.549830518669E-001  8.128721591943E-001 -2.088724890714E+001  1.245689374715E+002
  1.564142554766E-001  7.831065799625E-001 -2.070740856574E+001  1.267206408602E+002
  1.578538268564E-001  7.534288036396E-001 -2.052351262185E+001  1.287431742572E+002
  1.593018010499E-001  7.238469248268E-001 -2.033570666059E+001  1.306392630088E+002
  1.607582133673E-001  6.943689413515E-001 -2.014413528155E+001  1.324116282428E+002
  1.622230993867E-001  6.650027518418E-001 -1.994894203866E+001  1.340629852098E+002
  1.636964949568E-001  6.357561533924E-001 -1.975026938206E+001  1.355960416464E+002
  1.651784361984E-001  6.066368393196E-001 -1.954825860203E+001  1.370134961664E+002
  1.666689595063E-001  5.776523970084E-001 -1.934304977495E+001  1.383180366813E+002
  1.681681015517E-001  5.488103058476E-001 -1.913478171133E+001  1.395123388535E+002
  1.696758992842E-001  5.201179352557E-001 -1.892359190603E+001  1.405990645866E+002
  1.711923899335E-001  4.915825427953E-001 -1.870961649054E+001  1.415808605522E+002
  1.727176110118E-001  4.632112723758E-001 -1.849299018741E+001  1.424603567594E+002
  1.742516003158E-001  4.350111525439E-001 -1.827384626687E+001  1.432401651668E+002
  1.757943959287E-001  4.069890948604E-001 -1.805231650560E+001  1.439228783392E+002
  1.773460362227E-001  3.791518923635E-001 -1.782853114760E+001  1.445110681523E+002
  1.789065598608E-001  3.515062181159E-001 -1.760261886727E+001  1.450072845457E+002
  1.804760057990E-001  3.240586238365E-001 -1.737470673464E+001  1.454140543265E+002
  1.820544132889E-001  2.968155386136E-001 -1.714492018264E+001  1.457338800237E+002
  1.836418218792E-001  2.697832677004E-001 -1.691338297654E+001  1.459692387965E+002
  1.852382714189E-001  2.429679913889E-001 -1.668021718550E+001  1.461225813953E+002
  1.868438020586E-001  2.163757639639E-001 -1.644554315612E+001  1.461963311772E+002
  1.884584542535E-001  1.900125127325E-001 -1.620947948802E+001  1.461928831765E+002
  1.900822687655E-001  1.638840371301E-001 -1.597214301146E+001  1.461146032309E+002
  1.917152866652E-001  1.379960079001E-001 -1.573364876690E+001  1.459638271625E+002
  1.933575493349E-001  1.123539663461E-001 -1.549410998648E+001  1.457428600147E+002
  1.950090984705E-001  8.696332365478E-002 -1.525363807735E+001  1.454539753451E+002
  1.966699760840E-001  6.182936028782E-002 -1.501234260690E+001  1.450994145730E+002
  1.983402245061E-001  3.695722544199E-002 -1.477033128973E+001  1.446813863817E+002
  2.000198863884E-001  1.235193657457E-002 -1.452770997638E+001  1.442020661760E+002
  2.017090047061E-001 -1.198162100681E-002 -1.428458264376E+001  1.436635955926E+002
  2.034076227605E-001 -3.603869449179E-002 -1.404105138718E+001  1.430680820636E+002
  2.051157841813E-001 -5.981466385398E-002 -1.379721641405E+001  1.424175984322E+002
  2.068335329293E-001 -8.330504207848E-002 -1.355317603903E+001  1.417141826193E+002
  2.085609132993E-001 -1.065054753319E-001 -1.330902668065E+001  1.409598373400E+002
  2.102979699219E-001 -1.294117430763E-001 -1.306486285949E+001  1.401565298686E+002
  2.120447477670E-001 -1.520197581292E-001 -1.282077719751E+001  1.393061918517E+002
  2.138012921459E-001 -1.743255666703E-001 -1.257686041889E+001  1.384107191661E+002
  2.155676487143E-001 -1.963253481979E-001 -1.233320135199E+001  1.374719718228E+002
  2.173438634747E-001 -2.180154154350E-001 -1.208988693255E+001  1.364917739130E+002
  2.191299827795E-001 -2.393922141881E-001 -1.184700220800E+001  1.354719135960E+002
  2.209260533334E-001 -2.604523231585E-001 -1.160463034290E+001  1.344141431269E+002
  2.227321221965E-001 -2.811924537099E-001 -1.136285262533E+001  1.333201789227E+002
  2.245482367870E-001 -3.016094495908E-001 -1.112174847432E+001  1.321917016650E+002
  2.263744448840E-001 -3.217002866156E-001 -1.088139544809E+001  1.310303564376E+002
  2.282107946304E-001 -3.414620723044E-001 -1.064186925324E+001  1.298377528967E+002
  2.300573345358E-001 -3.608920454831E-001 -1.040324375471E+001  1.286154654729E+002
  2.319141134796E-001 -3.799875758450E-001 -1.016559098643E+001  1.273650336029E+002
  2.337811807137E-001 -3.987461634749E-001 -9.928981162774E+000  1.260879619886E+002
  2.356585858657E-001 -4.171654383377E-001 -9.693482690547E+000  1.247857208828E+002
  2.375463789419E-001 -4.352431597309E-001 -9.459162181660E+000  1.234597463982E+002
  2.394446103301E-001 -4.529772157041E-001 -9.226084466302E+000  1.221114408402E+002
  2.413533308032E-001 -4.703656224449E-001 -8.994312606637E+000  1.207421730594E+002
  2.432725915217E-001 -4.874065236323E-001 -8.763907910962E+000  1.193532788242E+002
  2.452024440374E-001 -5.040981897601E-001 -8.534929948274E+000  1.179460612099E+002
  2.471429402963E-001 -5.204390174287E-001 -8.307436563232E+000  1.165217910044E+002
  2.490941326418E-001 -5.364275286078E-001 -8.081483891445E+000  1.150817071274E+002
  2.510560738180E-001 -5.520623698702E-001 -7.857126375072E+000  1.136270170630E+002
  2.530288169732E-001 -5.673423115978E-001 -7.634416778687E+000  1.121588973028E+002
  2.550124156627E-001 -5.822662471595E-001 -7.413406205384E+000  1.106784937989E+002
  2.570069238527E-001 -5.968331920623E-001 -7.194144113086E+000  1.091869224250E+002
  2.590123959233E-001 -6.110422830769E-001 -6.976678331030E+000  1.076852694447E+002
  2.610288866721E-001 -6.248927773361E-001 -6.761055076401E+000  1.061745919850E+002
  2.630564513176E-001 -6.383840514096E-001 -6.547318971093E+000  1.046559185139E+002
  2.650951455027E-001 -6.515156003521E-001 -6.335513058571E+000  1.031302493219E+002
  2.671450252982E-001 -6.642870367285E-001 -6.125678820807E+000  1.015985570045E+002
  2.692061472063E-001 -6.766980896144E-001 -5.917856195287E+000  1.000617869461E+002
  2.712785681644E-001 -6.887486035727E-001 -5.712083592049E+000  9.852085780360E+001
  2.733623455485E-001 -7.004385376071E-001 -5.508397910759E+000  9.697666198879E+001
  2.754575371771E-001 -7.117679640928E-001 -5.306834557789E+000  9.543006614894E+001
  2.775642013146E-001 -7.227370676840E-001 -5.107427463306E+000  9.388191164429E+001
  2.796823966754E-001 -7.333461441986E-001 -4.910209098337E+000  9.233301502200E+001
  2.818121824272E-001 -7.435955994815E-001 -4.715210491827E+000  9.078416848580E+001
  2.839536181956E-001 -7.534859482449E-001 -4.522461247658E+000  8.923614036054E+001
  2.861067640671E-001 -7.630178128875E-001 -4.331989561642E+000  8.768967555118E+001
  2.882716805935E-001 -7.721919222911E-001 -4.143822238468E+000  8.614549599569E+001
  2.904484287958E-001 -7.810091105965E-001 -3.957984708608E+000  8.460430111124E+001
  2.926370701682E-001 -7.894703159579E-001 -3.774501045177E+000  8.306676823342E+001
  2.948376666818E-001 -7.975765792761E-001 -3.593393980744E+000  8.153355304805E+001
  2.970502807892E-001 -8.053290429102E-001 -3.414684924098E+000  8.000529001522E+001
  2.992749754281E-001 -8.127289493697E-001 -3.238393976964E+000  7.848259278539E+001
  3.015118140259E-001 -8.197776399848E-001 -3.064539950675E+000  7.696605460726E+001
  3.037608605035E-001 -8.264765535570E-001 -2.893140382797E+000  7.545624872729E+001
  3.060221792797E-001 -8.328272249889E-001 -2.724211553719E+000  7.395372878069E+001
  3.082958352758E-001 -8.388312838949E-001 -2.557768503204E+000  7.245902917387E+001
  3.105818939192E-001 -8.444904531907E-001 -2.393825046904E+000  7.097266545825E+001
  3.128804211487E-001 -8.498065476643E-001 -2.232393792858E+000  6.949513469547E+001
  3.151914834180E-001 -8.547814725271E-001 -2.073486157955E+000  6.802691581402E+001
  3.175151477009E-001 -8.594172219462E-001 -1.917112384394E+000  6.656846995734E+001
  3.198514814953E-001 -8.637158775571E-001 -1.763281556121E+000  6.512024082349E+001
  3.222005528283E-001 -8.676796069590E-001 -1.612001615275E+000  6.368265499663E+001
  3.245624302601E-001 -8.713106621909E-001 -1.463279378628E+000  6.225612227027E+001
  3.269371828894E-001 -8.746113781896E-001 -1.317120554036E+000  6.084103596263E+001
  3.293248803576E-001 -8.775841712314E-001 -1.173529756908E+000  5.943777322425E+001
  3.317255928537E-001 -8.802315373549E-001 -1.032510526698E+000  5.804669533809E+001
  3.341393911192E-001 -8.825560507682E-001 -8.940653434228E-001  5.666814801234E+001
  3.365663464529E-001 -8.845603622392E-001 -7.581956442150E-001  5.530246166624E+001
  3.390065307159E-001 -8.862471974700E-001 -6.249018399223E-001  5.394995170912E+001
  3.414600163363E-001 -8.876193554558E-001 -4.941833317494E-001  5.261091881302E+001
  3.439268763145E-001 -8.886797068290E-001 -3.660385279550E-001  5.128564917904E+001
  3.464071842282E-001 -8.894311921884E-001 -2.404648606073E-001  4.997441479796E+001
  3.489010142374E-001 -8.898768204148E-001 -1.174588024020E-001  4.867747370515E+001
  3.514084410898E-001 -8.900196669735E-001  2.984116450696E-003  4.739507023029E+001
  3.539295401259E-001 -8.898628722033E-001  1.208692912675E-001  4.612743524207E+001
  3.564643872842E-001 -8.894096395941E-001  2.362030258576E-001  4.487478638835E+001
  3.590130591069E-001 -8.886632340526E-001  3.489925154094E-001  4.363732833184E+001
  3.615756327448E-001 -8.876269801576E-001  4.592458292948E-001  4.241525298184E+001
  3.641521859632E-001 -8.863042604045E-001  5.669718937910E-001  4.120873972221E+001
  3.667427971473E-001 -8.846985134414E-001  6.721804747152E-001  4.001795563589E+001
  3.693475453076E-001 -8.828132322954E-001  7.748821599745E-001  3.884305572628E+001
  3.719665100860E-001 -8.806519625923E-001  8.750883420273E-001  3.768418313574E+001
  3.745997717609E-001 -8.782183007680E-001  9.728112002586E-001  3.654146936149E+001
  3.772474112534E-001 -8.755158922745E-001  1.068063683269E+000  3.541503446916E+001
  3.799095101331E-001 -8.725484297800E-001  1.160859491080E+000  3.430498730427E+001
  3.825861506238E-001 -8.693196513646E-001  1.251213057251E+000  3.321142570181E+001
  3.852774156096E-001 -8.658333387121E-001  1.339139530923E+000  3.213443669427E+001
  3.879833886411E-001 -8.620933152990E-001  1.424654758780E+000  3.107409671820E+001
  3.907041539409E-001 -8.581034445811E-001  1.507775266936E+000  3.003047181959E+001
  3.934397964105E-001 -8.538676281800E-001  1.588518242752E+000  2.900361785823E+001
  3.961904016361E-001 -8.493898040683E-001  1.666901516591E+000  2.799358071121E+001
  3.989560558949E-001 -8.446739447562E-001  1.742943543507E+000  2.700039647579E+001
  4.017368461617E-001 -8.397240554792E-001  1.816663384882E+000  2.602409167165E+001
  4.045328601149E-001 -8.345441723894E-001  1.888080690016E+000  2.506468344284E+001
  4.073441861437E-001 -8.291383607490E-001  1.957215677672E+000  2.412217975934E+001
  4.101709133538E-001 -8.235107131292E-001  2.024089117586E+000  2.319657961852E+001
  4.130131315750E-001 -8.176653476143E-001  2.088722311950E+000  2.228787324649E+001
  4.158709313670E-001 -8.116064060118E-001  2.151137076878E+000  2.139604229940E+001
  4.187444040269E-001 -8.053380520705E-001  2.211355723854E+000  2.052106006485E+001
  4.216336415958E-001 -7.988644697061E-001  2.269401041185E+000  1.966289166336E+001
  4.245387368658E-001 -7.921898612364E-001  2.325296275451E+000  1.882149424997E+001
  4.274597833869E-001 -7.853184456266E-001  2.379065112977E+000  1.799681721604E+001
  4.303968754741E-001 -7.782544567453E-001  2.430731661325E+000  1.718880239118E+001
  4.333501082151E-001 -7.710021416328E-001  2.480320430824E+000  1.639738424534E+001
  4.363195774768E-001 -7.635657587823E-001  2.527856316140E+000  1.562249009113E+001
  4.393053799131E-001 -7.559495764344E-001  2.573364577900E+000  1.486404028618E+001
  4.423076129724E-001 -7.481578708867E-001  2.616870824386E+000  1.412194843566E+001
  4.453263749047E-001 -7.401949248185E-001  2.658400993294E+000  1.339612159487E+001
  4.483617647698E-001 -7.320650256322E-001  2.697981333585E+000  1.268646047179E+001
  4.514138824444E-001 -7.237724638118E-001  2.735638387428E+000  1.199285962957E+001
  4.544828286302E-001 -7.153215312990E-001  2.771398972252E+000  1.131520768896E+001
  4.575687048617E-001 -7.067165198890E-001  2.805290162908E+000  1.065338753050E+001
  4.606716135142E-001 -6.979617196447E-001  2.837339273962E+000  1.000727649639E+001
  4.637916578118E-001 -6.890614173322E-001  2.867573842130E+000  9.376746592032E+000
  4.669289418353E-001 -6.800198948769E-001  2.896021608845E+000  8.761664687112E+000
  4.700835705309E-001 -6.708414278418E-001  2.922710503002E+000  8.161892716048E+000
  4.732556497182E-001 -6.615302839276E-001  2.947668623853E+000  7.577287877816E+000
  4.764452860985E-001 -6.520907214968E-001  2.970924224090E+000  7.007702834969E+000
  4.796525872639E-001 -6.425269881206E-001  2.992505693115E+000  6.452985911748E+000
  4.828776617050E-001 -6.328433191514E-001  3.012441540503E+000  5.912981291193E+000
  4.861206188205E-001 -6.230439363192E-001  3.030760379673E+000  5.387529211109E+000
  4.893815689254E-001 -6.131330463540E-001  3.047490911780E+000  4.876466158781E+000
  4.926606232602E-001 -6.031148396346E-001  3.062661909827E+000  4.379625064316E+000
  4.959578939999E-001 -5.929934888634E-001  3.076302203009E+000  3.896835492488E+000
  4.992734942630E-001 -5.827731477685E-001  3.088440661305E+000  3.427923832963E+000
  5.026075381207E-001 -5.724579498337E-001  3.099106180320E+000  2.972713488788E+000
  5.059601406064E-001 -5.620520070555E-001  3.108327666374E+000  2.531025063018E+000
  5.093314177250E-001 -5.515594087297E-001  3.116134021873E+000  2.102676543362E+000
  5.127214864626E-001 -5.409842202651E-001  3.122554130944E+000  1.687483484731E+000
  5.161304647959E-001 -5.303304820280E-001  3.127616845345E+000  1.285259189573E+000
  5.195584717022E-001 -5.196022082142E-001  3.131350970675E+000  8.958148858775E-001
  5.230056271692E-001 -5.088033857521E-001  3.133785252862E+000  5.189599027402E-001
  5.264720522050E-001 -4.979379732342E-001  3.134948364956E+000  1.545018433825E-001
  5.299578688483E-001 -4.870098998800E-001  3.134868894229E+000 -1.977532444856E-001
  5.334632001783E-001 -4.760230645281E-001  3.133575329572E+000 -5.380007010564E-001
  5.369881703256E-001 -4.649813346589E-001  3.131096049222E+000 -8.664370896677E-001
  5.405329044823E-001 -4.538885454477E-001  3.127459308785E+000 -1.183260034993E+000
  5.440975289128E-001 -4.427484988486E-001  3.122693229604E+000 -1.488668064268E+000
  5.476821709641E-001 -4.315649627088E-001  3.116825787430E+000 -1.782860451637E+000
  5.512869590774E-001 -4.203416699134E-001  3.109884801435E+000 -2.066037065704E+000
  5.549120227985E-001 -4.090823175608E-001  3.101897923552E+000 -2.338398220359E+000
  5.585574927889E-001 -3.977905661694E-001  3.092892628143E+000 -2.600144528958E+000
  5.622235008375E-001 -3.864700389137E-001  3.082896202007E+000 -2.851476761909E+000
  5.659101798716E-001 -3.751243208918E-001  3.071935734726E+000 -3.092595707747E+000
  5.696176639685E-001 -3.637569584228E-001  3.060038109338E+000 -3.323702037733E+000
  5.733460883672E-001 -3.523714583747E-001  3.047229993362E+000 -3.544996174040E+000
  5.770955894803E-001 -3.409712875220E-001  3.033537830149E+000 -3.756678161566E+000
  5.808663049055E-001 -3.295598719335E-001  3.018987830580E+000 -3.958947543423E+000
  5.846583734383E-001 -3.181405963900E-001  3.003605965101E+000 -4.152003240127E+000
  5.884719350837E-001 -3.067168038307E-001  2.987417956088E+000 -4.336043432524E+000
  5.923071310690E-001 -2.952917948294E-001  2.970449270559E+000 -4.511265448480E+000
  5.961641038558E-001 -2.838688270997E-001  2.952725113218E+000 -4.677865653353E+000
  6.000429971532E-001 -2.724511150284E-001  2.934270419824E+000 -4.836039344259E+000
  6.039439559304E-001 -2.610418292374E-001  2.915109850903E+000 -4.985980648147E+000
  6.078671264295E-001 -2.496440961740E-001  2.895267785783E+000 -5.127882423686E+000
  6.118126561791E-001 -2.382609977280E-001  2.874768316959E+000 -5.261936166964E+000
  6.157806940069E-001 -2.268955708768E-001  2.853635244772E+000 -5.388331920997E+000
  6.197713900541E-001 -2.155508073571E-001  2.831892072423E+000 -5.507258189034E+000
  6.237848957880E-001 -2.042296533627E-001  2.809562001292E+000 -5.618901851653E+000
  6.278213640166E-001 -1.929350092694E-001  2.786667926571E+000 -5.723448087624E+000
  6.318809489022E-001 -1.816697293843E-001  2.763232433217E+000 -5.821080298515E+000
  6.359638059756E-001 -1.704366217210E-001  2.739277792192E+000 -5.911980037025E+000
  6.400700921502E-001 -1.592384477991E-001  2.714825957017E+000 -5.996326939003E+000
  6.441999657370E-001 -1.480779224685E-001  2.689898560620E+000 -6.074298659123E+000
  6.483535864586E-001 -1.369577137568E-001  2.664516912464E+000 -6.146070810186E+000
  6.525311154647E-001 -1.258804427404E-001  2.638701995975E+000 -6.211816905988E+000
  6.567327153465E-001 -1.148486834381E-001  2.612474466240E+000 -6.271708307731E+000
  6.609585501525E-001 -1.038649627269E-001  2.585854647981E+000 -6.325914173920E+000
  6.652087854034E-001 -9.293176027995E-002  2.558862533804E+000 -6.374601413688E+000
  6.694835881080E-001 -8.205150852515E-002  2.531517782705E+000 -6.417934643509E+000
  6.737831267789E-001 -7.122659262463E-002  2.503839718834E+000 -6.456076147235E+000
  6.781075714485E-001 -6.045935047438E-002  2.475847330514E+000 -6.489185839400E+000
  6.824570936852E-001 -4.975207272339E-002  2.447559269499E+000 -6.517421231722E+000
  6.868318666096E-001 -3.910700281180E-002  2.418993850481E+000 -6.540937402759E+000
  6.912320649114E-001 -2.852633702756E-002  2.390169050816E+000 -6.559886970629E+000
  6.956578648660E-001 -1.801222458095E-002  2.361102510486E+000 -6.574420068741E+000
  7.001094443516E-001 -7.566767696491E-003  2.331811532277E+000 -6.584684324466E+000
  7.045869828664E-001  2.807978278330E-003  2.302313082172E+000 -6.590824840674E+000
  7.090906615461E-001  1.311000474811E-002  2.272623789944E+000 -6.592984180063E+000
  7.136206631812E-001  2.333734972887E-002  2.242759949956E+000 -6.591302352211E+000
  7.181771722357E-001  3.348809769229E-002  2.212737522152E+000 -6.585916803273E+000
  7.227603748644E-001  4.356037939527E-002  2.182572133228E+000 -6.576962408241E+000
  7.273704589315E-001  5.355237169557E-002  2.152279077992E+000 -6.564571465706E+000
  7.320076140295E-001  6.346229735384E-002  2.121873320887E+000 -6.548873695024E+000
  7.366720314977E-001  7.328842482276E-002  2.091369497689E+000 -6.529996235823E+000
  7.413639044413E-001  8.302906802373E-002  2.060781917355E+000 -6.508063649765E+000
  7.460834277508E-001  9.268258611171E-002  2.030124564033E+000 -6.483197924484E+000
  7.508307981215E-001  1.022473832286E-001  1.999411099207E+000 -6.455518479624E+000
  7.556062140732E-001  1.117219082460E-001  1.968654863991E+000 -6.425142174893E+000
  7.604098759705E-001  1.211046544973E-001  1.937868881549E+000 -6.392183320054E+000
  7.652419860431E-001  1.303941595000E-001  1.907065859642E+000 -6.356753686784E+000
  7.701027484060E-001  1.395890046692E-001  1.876258193301E+000 -6.318962522299E+000
  7.749923690810E-001  1.486878150216E-001  1.845457967602E+000 -6.278916564692E+000
  7.799110560171E-001  1.576892588714E-001  1.814676960555E+000 -6.236720059888E+000
  7.848590191124E-001  1.665920475182E-001  1.783926646095E+000 -6.192474780150E+000
  7.898364702358E-001  1.753949349277E-001  1.753218197163E+000 -6.146280044043E+000
  7.948436232486E-001  1.840967174052E-001  1.722562488876E+000 -6.098232737802E+000
  7.998806940270E-001  1.926962332626E-001  1.691970101782E+000 -6.048427338012E+000
  8.049479004846E-001  2.011923624792E-001  1.661451325191E+000 -5.996955935525E+000
  8.100454625952E-001  2.095840263572E-001  1.631016160577E+000 -5.943908260553E+000
  8.151736024160E-001  2.178701871711E-001  1.600674325041E+000 -5.889371708861E+000
  8.203325441110E-001  2.260498478132E-001  1.570435254843E+000 -5.833431368969E+000
  8.255225139746E-001  2.341220514338E-001  1.540308108981E+000 -5.776170050333E+000
  8.307437404560E-001  2.420858810775E-001  1.510301772819E+000 -5.717668312393E+000
  8.359964541833E-001  2.499404593160E-001  1.480424861766E+000 -5.658004494451E+000
  8.412808879885E-001  2.576849478772E-001  1.450685724990E+000 -5.597254746304E+000
  8.465972769320E-001  2.653185472711E-001  1.421092449166E+000 -5.535493059561E+000
  8.519458583285E-001  2.728404964133E-001  1.391652862252E+000 -5.472791299595E+000
  8.573268717726E-001  2.802500722457E-001  1.362374537297E+000 -5.409219238052E+000
  8.627405591648E-001  2.875465893552E-001  1.333264796267E+000 -5.344844585875E+000
  8.681871647376E-001  2.947293995905E-001  1.304330713881E+000 -5.279733026772E+000
  8.736669350829E-001  3.017978916774E-001  1.275579121471E+000 -5.213948251076E+000
  8.791801191785E-001  3.087514908328E-001  1.247016610841E+000 -5.147551989947E+000
  8.847269684160E-001  3.155896583773E-001  1.218649538140E+000 -5.080604049852E+000
  8.903077366283E-001  3.223118913475E-001  1.190484027725E+000 -5.013162347287E+000
  8.959226801184E-001  3.289177221068E-001  1.162525976034E+000 -4.945282943677E+000
  9.015720576873E-001  3.354067179572E-001  1.134781055443E+000 -4.877020080416E+000
  9.072561306635E-001  3.417784807494E-001  1.107254718122E+000 -4.808426213995E+000
  9.129751629322E-001  3.480326464942E-001  1.079952199873E+000 -4.739552051185E+000
  9.187294209652E-001  3.541688849729E-001  1.052878523961E+000 -4.670446584214E+000
  9.245191738511E-001  3.601868993488E-001  1.026038504917E+000 -4.601157125920E+000
  9.303446933257E-001  3.660864257795E-001  9.994367523311E-001 -4.531729344818E+000
  9.362062538036E-001  3.718672330285E-001  9.730776746191E-001 -4.462207300068E+000
  9.421041324088E-001  3.775291220793E-001  9.469654827620E-001 -4.392633476288E+000
  9.480386090075E-001  3.830719257490E-001  9.211041940220E-001 -4.323048818193E+000
  9.540099662399E-001  3.884955083036E-001  8.954976356285E-001 -4.253492765022E+000
  9.600184895530E-001  3.937997650746E-001  8.701494484331E-001 -4.184003284720E+000
  9.660644672342E-001  3.989846220762E-001  8.450630905314E-001 -4.114616907863E+000
  9.721481904447E-001  4.040500356241E-001  8.202418408518E-001 -4.045368761273E+000
  9.782699532537E-001  4.089959919559E-001  7.956888027077E-001 -3.976292601323E+000
  9.844300526731E-001  4.138225068527E-001  7.714069073124E-001 -3.907420846896E+000
  9.906287886927E-001  4.185296252623E-001  7.473989172566E-001 -3.838784611979E+000
  9.968664643158E-001  4.231174209237E-001  7.236674299452E-001 -3.770413737874E+000
  1.003143385595E+000  4.275859959935E-001  7.002148809945E-001 -3.702336825003E+000
  1.009459861670E+000  4.319354806739E-001  6.770435475874E-001 -3.634581264295E+000
  1.015816204803E+000  4.361660328422E-001  6.541555517867E-001 -3.567173268139E+000
  1.022212730417E+000  4.402778376821E-001  6.315528638052E-001 -3.500137900884E+000
  1.028649757135E+000  4.442711073165E-001  6.092373052326E-001 -3.433499108878E+000
  1.035127606818E+000  4.481460804420E-001  5.872105522177E-001 -3.367279750037E+000
  1.041646604604E+000  4.519030219658E-001  5.654741386074E-001 -3.301501622924E+000
  1.048207078948E+000  4.555422226429E-001  5.440294590398E-001 -3.236185495341E+000
  1.054809361664E+000  4.590639987163E-001  5.228777719927E-001 -3.171351132422E+000
  1.061453787962E+000  4.624686915581E-001  5.020202027876E-001 -3.107017324215E+000
  1.068140696494E+000  4.657566673124E-001  4.814577465476E-001 -3.043201912755E+000
  1.074870429395E+000  4.689283165402E-001  4.611912711110E-001 -2.979921818625E+000
  1.081643332322E+000  4.719840538651E-001  4.412215198993E-001 -2.917193066997E+000
  1.088459754505E+000  4.749243176211E-001  4.215491147404E-001 -2.855030813147E+000
  1.095320048782E+000  4.777495695022E-001  4.021745586478E-001 -2.793449367458E+000
  1.102224571653E+000  4.804602942125E-001  3.830982385538E-001 -2.732462219895E+000
  1.109173683316E+000  4.830569991188E-001  3.643204280007E-001 -2.672082063963E+000
  1.116167747721E+000  4.855402139037E-001  3.458412897864E-001 -2.612320820141E+000
  1.123207132611E+000  4.879104902210E-001  3.276608785680E-001 -2.553189658805E+000
  1.130292209573E+000  4.901684013511E-001  3.097791434217E-001 -2.494699022630E+000
  1.137423354084E+000  4.923145418590E-001  2.921959303613E-001 -2.436858648489E+000
  1.144600945560E+000  4.943495272527E-001  2.749109848141E-001 -2.379677588841E+000
  1.151825367405E+000  4.962739936428E-001  2.579239540558E-001 -2.323164232618E+000
  1.159097007063E+000  4.980885974035E-001  2.412343896058E-001 -2.267326325622E+000
  1.166416256069E+000  4.997940148343E-001  2.248417495807E-001 -2.212170990425E+000
  1.173783510095E+000  5.013909418230E-001  2.087454010104E-001 -2.157704745789E+000
  1.181199169012E+000  5.028800935093E-001  1.929446221146E-001 -2.103933525613E+000
  1.188663636935E+000  5.042622039496E-001  1.774386045412E-001 -2.050862697408E+000
  1.196177322279E+000  5.055380257823E-001  1.622264555685E-001 -1.998497080309E+000
  1.203740637818E+000  5.067083298943E-001  1.473072002700E-001 -1.946840962638E+000
  1.211354000735E+000  5.077739050878E-001  1.326797836437E-001 -1.895898119020E+000
  1.219017832681E+000  5.087355577480E-001  1.183430727066E-001 -1.845671827061E+000
  1.226732559833E+000  5.095941115112E-001  1.042958585550E-001 -1.796164883601E+000
  1.234498612950E+000  5.103504069339E-001  9.053685839054E-002 -1.747379620548E+000
  1.242316427433E+000  5.110053011619E-001  7.706471751455E-002 -1.699317920298E+000
  1.250186443388E+000  5.115596676006E-001  6.387801128931E-002 -1.651981230760E+000
  1.258109105679E+000  5.120143955846E-001  5.097524706862E-002 -1.605370579983E+000
  1.266084863999E+000  5.123703900491E-001  3.835486609749E-002 -1.559486590408E+000
  1.274114172926E+000  5.126285712003E-001  2.601524538198E-002 -1.514329492739E+000
  1.282197491990E+000  5.127898741874E-001  1.395469952983E-002 -1.469899139459E+000
  1.290335285734E+000  5.128552487737E-001  2.171482562592E-003 -1.426195017981E+000
  1.298528023786E+000  5.128256590088E-001 -9.336210300111E-003 -1.383216263464E+000
  1.306776180919E+000  5.127020829006E-001 -2.057024088348E-002 -1.340961671288E+000
  1.315080237120E+000  5.124855120877E-001 -3.153252632698E-002 -1.299429709200E+000
  1.323440677664E+000  5.121769515118E-001 -4.222503737973E-002 -1.258618529145E+000
  1.331857993175E+000  5.117774190904E-001 -5.264979672112E-002 -1.218525978789E+000
  1.340332679704E+000  5.112879453891E-001 -6.280887730621E-002 -1.179149612738E+000
  1.348865238797E+000  5.107095732951E-001 -7.270440073525E-002 -1.140486703468E+000
  1.357456177571E+000  5.100433576895E-001 -8.233853564676E-002 -1.102534251969E+000
  1.366106008782E+000  5.092903651203E-001 -9.171349613376E-002 -1.065288998118E+000
  1.374815250909E+000  5.084516734758E-001 -1.008315401824E-001 -1.028747430779E+000
  1.383584428224E+000  5.075283716570E-001 -1.096949681330E-001 -9.929057976485E-001
  1.392414070872E+000  5.065215592511E-001 -1.183061211620E-001 -9.577601148481E-001
  1.401304714948E+000  5.054323462042E-001 -1.266673797860E-001 -9.233061762720E-001
  1.410256902580E+000  5.042618524945E-001 -1.347811623857E-001 -8.895395626987E-001
  1.419271182008E+000  5.030112078051E-001 -1.426499237507E-001 -8.564556506719E-001
  1.428348107668E+000  5.016815511974E-001 -1.502761536440E-001 -8.240496211592E-001
  1.437488240275E+000  5.002740307837E-001 -1.576623753860E-001 -7.923164679932E-001
  1.446692146911E+000  4.987898034007E-001 -1.648111444582E-001 -7.612510061037E-001
  1.455960401104E+000  4.972300342817E-001 -1.717250471251E-001 -7.308478795442E-001
  1.465293582927E+000  4.955958967305E-001 -1.784066990755E-001 -7.011015693216E-001
  1.474692279079E+000  4.938885717939E-001 -1.848587440816E-001 -6.720064010324E-001
  1.484157082978E+000  4.921092479347E-001 -1.910838526763E-001 -6.435565523118E-001
  1.493688594856E+000  4.902591207050E-001 -1.970847208484E-001 -6.157460601009E-001
  1.503287421848E+000  4.883393924190E-001 -2.028640687554E-001 -5.885688277366E-001
  1.512954178094E+000  4.863512718263E-001 -2.084246394534E-001 -5.620186318697E-001
  1.522689484827E+000  4.842959737850E-001 -2.137691976447E-001 -5.360891292140E-001
  1.532493970480E+000  4.821747189350E-001 -2.189005284420E-001 -5.107738631329E-001
  1.542368270780E+000  4.799887333711E-001 -2.238214361494E-001 -4.860662700661E-001
  1.552313028853E+000  4.777392483167E-001 -2.285347430603E-001 -4.619596858007E-001
  1.562328895326E+000  4.754274997970E-001 -2.330432882716E-001 -4.384473515902E-001
  1.572416528431E+000  4.730547283129E-001 -2.373499265144E-001 -4.155224201252E-001
  1.582576594115E+000  4.706221785146E-001 -2.414575270009E-001 -3.931779613598E-001
  1.592809766145E+000  4.681310988756E-001 -2.453689722874E-001 -3.714069681944E-001
  1.603116726218E+000  4.655827413668E-001 -2.490871571532E-001 -3.502023620210E-001
  1.613498164078E+000  4.629783611307E-001 -2.526149874960E-001 -3.295569981317E-001
  1.623954777622E+000  4.603192161563E-001 -2.559553792421E-001 -3.094636709938E-001
  1.634487273025E+000  4.576065669533E-001 -2.591112572732E-001 -2.899151193939E-001
  1.645096364848E+000  4.548416762274E-001 -2.620855543684E-001 -2.709040314535E-001
  1.655782776168E+000  4.520258085556E-001 -2.648812101617E-001 -2.524230495180E-001
  1.666547238688E+000  4.491602300617E-001 -2.675011701156E-001 -2.344647749218E-001
  1.677390492873E+000  4.462462080920E-001 -2.699483845088E-001 -2.170217726313E-001
  1.688313288066E+000  4.432850108920E-001 -2.722258074406E-001 -2.000865757671E-001
  1.699316382620E+000  4.402779072824E-001 -2.743363958494E-001 -1.836516900084E-001
  1.710400544029E+000  4.372261663364E-001 -2.762831085471E-001 -1.677095978802E-001
  1.721566549058E+000  4.341310570568E-001 -2.780689052680E-001 -1.522527629261E-001
  1.732815183877E+000  4.309938480540E-001 -2.796967457330E-001 -1.372736337672E-001
  1.744147244202E+000  4.278158072242E-001 -2.811695887283E-001 -1.227646480488E-001
  1.755563535430E+000  4.245982014278E-001 -2.824903911992E-001 -1.087182362782E-001
  1.767064872781E+000  4.213422961689E-001 -2.836621073583E-001 -9.512682555147E-002
  1.778652081442E+000  4.180493552749E-001 -2.846876878085E-001 -8.198284317460E-002
  1.790325996715E+000  4.147206405765E-001 -2.855700786804E-001 -6.927872017717E-002
  1.802087464166E+000  4.113574115891E-001 -2.863122207836E-001 -5.700689472183E-002
  1.813937339772E+000  4.079609251934E-001 -2.869170487729E-001 -4.515981541016E-002
  1.825876490081E+000  4.045324353182E-001 -2.873874903278E-001 -3.372994448630E-002
  1.837905792365E+000  4.010731926229E-001 -2.877264653469E-001 -2.270976093982E-002
  1.850026134778E+000  3.975844441805E-001 -2.879368851552E-001 -1.209176350895E-002
  1.862238416525E+000  3.940674331623E-001 -2.880216517257E-001 -1.868473585694E-003
  1.874543548019E+000  3.905233985225E-001 -2.879836569137E-001  7.967561976014E-003
  1.886942451054E+000  3.869535746841E-001 -2.878257817059E-001  1.742376814764E-002
  1.899436058973E+000  3.833591912250E-001 -2.875508954808E-001  2.650753910757E-002
  1.912025316845E+000  3.797414725662E-001 -2.871618552839E-001  3.522623571541E-002
  1.924711181638E+000  3.761016376592E-001 -2.866615051144E-001  4.358718307764E-002
  1.937494622402E+000  3.724408996762E-001 -2.860526752251E-001  5.159766820315E-002
  1.950376620452E+000  3.687604657000E-001 -2.853381814352E-001  5.926493774726E-002
  1.963358169552E+000  3.650615364153E-001 -2.845208244542E-001  6.659619584258E-002
  1.976440276109E+000  3.613453058019E-001 -2.836033892192E-001  7.359860201530E-002
  1.989623959360E+000  3.576129608275E-001 -2.825886442431E-001  8.027926918517E-002
  2.002910251577E+000  3.538656811436E-001 -2.814793409750E-001  8.664526174771E-002
  2.016300198259E+000  3.501046387814E-001 -2.802782131715E-001  9.270359373676E-002
  2.029794858340E+000  3.463309978494E-001 -2.789879762804E-001  9.846122706593E-002
  2.043395304396E+000  3.425459142330E-001 -2.776113268338E-001  1.039250698469E-001
  2.057102622856E+000  3.387505352950E-001 -2.761509418536E-001  1.091019747833E-001
  2.070917914217E+000  3.349459995777E-001 -2.746094782668E-001  1.139987376371E-001
  2.084842293261E+000  3.311334365076E-001 -2.729895723313E-001  1.186220957679E-001
  2.098876889283E+000  3.273139661007E-001 -2.712938390720E-001  1.229787267405E-001
  2.113022846310E+000  3.234886986708E-001 -2.695248717274E-001  1.270752470010E-001
  2.127281323341E+000  3.196587345389E-001 -2.676852412051E-001  1.309182106187E-001
  2.141653494575E+000  3.158251637455E-001 -2.657774955479E-001  1.345141080909E-001
  2.156140549656E+000  3.119890657647E-001 -2.638041594088E-001  1.378693652105E-001
  2.170743693911E+000  3.081515092208E-001 -2.617677335356E-001  1.409903419928E-001
  2.185464148607E+000  3.043135516072E-001 -2.596706942644E-001  1.438833316597E-001
  2.200303151197E+000  3.004762390083E-001 -2.575154930226E-001  1.465545596807E-001
  2.215261955581E+000  2.966406058241E-001 -2.553045558399E-001  1.490101828656E-001
  2.230341832367E+000  2.928076744971E-001 -2.530402828692E-001  1.512562885109E-001
  2.245544069142E+000  2.889784552432E-001 -2.507250479152E-001  1.532988935935E-001
  2.260869970742E+000  2.851539457852E-001 -2.483611979716E-001  1.551439440135E-001
  2.276320859530E+000  2.813351310901E-001 -2.459510527675E-001  1.567973138814E-001
  2.291898075679E+000  2.775229831092E-001 -2.434969043216E-001  1.582648048487E-001
  2.307602977460E+000  2.737184605231E-001 -2.410010165047E-001  1.595521454804E-001
  2.323436941540E+000  2.699225084896E-001 -2.384656246107E-001  1.606649906661E-001
  2.339401363274E+000  2.661360583965E-001 -2.358929349363E-001  1.616089210689E-001
  2.355497657016E+000  2.623600276178E-001 -2.332851243679E-001  1.623894426097E-001
  2.371727256428E+000  2.585953192754E-001 -2.306443399788E-001  1.630119859857E-001
  2.388091614797E+000  2.548428220050E-001 -2.279726986324E-001  1.634819062195E-001
  2.404592205358E+000  2.511034097269E-001 -2.252722865962E-001  1.638044822396E-001
  2.421230521622E+000  2.473779414222E-001 -2.225451591629E-001  1.639849164889E-001
  2.438008077714E+000  2.436672609140E-001 -2.197933402810E-001  1.640283345596E-001
  2.454926408713E+000  2.399721966547E-001 -2.170188221940E-001  1.639397848540E-001
  2.471987071003E+000  2.362935615190E-001 -2.142235650889E-001  1.637242382688E-001
  2.489191642624E+000  2.326321526023E-001 -2.114094967536E-001  1.633865879019E-001
  2.506541723641E+000  2.289887510268E-001 -2.085785122443E-001  1.629316487805E-001
  2.524038936507E+000  2.253641217525E-001 -2.057324735626E-001  1.623641576089E-001
  2.541684926444E+000  2.217590133963E-001 -2.028732093421E-001  1.616887725352E-001
  2.559481361827E+000  2.181741580578E-001 -2.000025145461E-001  1.609100729363E-001
  2.577429934572E+000  2.146102711518E-001 -1.971221501753E-001  1.600325592191E-001
  2.595532360540E+000  2.110680512490E-001 -1.942338429871E-001  1.590606526384E-001
  2.613790379943E+000  2.075481799245E-001 -1.913392852259E-001  1.579986951302E-001
  2.632205757760E+000  2.040513216140E-001 -1.884401343650E-001  1.568509491596E-001
  2.650780284158E+000  2.005781234781E-001 -1.855380128615E-001  1.556215975834E-001
  2.669515774928E+000  1.971292152760E-001 -1.826345079227E-001  1.543147435268E-001
  2.688414071925E+000  1.937052092468E-001 -1.797311712865E-001  1.529344102735E-001
  2.707477043518E+000  1.903067000009E-001 -1.768295190146E-001  1.514845411700E-001
  2.726706585047E+000  1.869342644199E-001 -1.739310313003E-001  1.499689995432E-001
  2.746104619295E+000  1.835884615660E-001 -1.710371522903E-001  1.483915686324E-001
  2.765673096964E+000  1.802698326019E-001 -1.681492899219E-001  1.467559515339E-001
  2.785413997161E+000  1.769789007192E-001 -1.652688157749E-001  1.450657711616E-001
  2.805329327899E+000  1.737161710784E-001 -1.623970649410E-001  1.433245702212E-001
  2.825421126601E+000  1.704821307580E-001 -1.595353359081E-001  1.415358111999E-001
  2.845691460623E+000  1.672772487146E-001 -1.566848904625E-001  1.397028763719E-001
  2.866142427776E+000  1.641019757541E-001 -1.538469536089E-001  1.378290678208E-001
  2.886776156875E+000  1.609567445127E-001 -1.510227135080E-001  1.359176074789E-001
  2.907594808280E+000  1.578419694499E-001 -1.482133214326E-001  1.339716371846E-001
  2.928600574467E+000  1.547580468517E-001 -1.454198917438E-001  1.319942187602E-001
  2.949795680597E+000  1.517053548461E-001 -1.426435018858E-001  1.299883341081E-001
  2.971182385105E+000  1.486842534289E-001 -1.398851924012E-001  1.279568853302E-001
  2.992762980296E+000  1.456950845016E-001 -1.371459669674E-001  1.259026948682E-001
  3.014539792958E+000  1.427381719205E-001 -1.344267924530E-001  1.238285056689E-001
  3.036515184988E+000  1.398138215580E-001 -1.317285989969E-001  1.217369813737E-001
  3.058691554023E+000  1.369223213741E-001 -1.290522801085E-001  1.196307065346E-001
  3.081071334099E+000  1.340639415015E-001 -1.263986927904E-001  1.175121868575E-001
  3.103656996309E+000  1.312389343405E-001 -1.237686576838E-001  1.153838494751E-001
  3.126451049484E+000  1.284475346668E-001 -1.211629592367E-001  1.132480432491E-001
  3.149456040888E+000  1.256899597499E-001 -1.185823458960E-001  1.111070391043E-001
  3.172674556926E+000  1.229664094840E-001 -1.160275303219E-001  1.089630303962E-001
  3.196109223865E+000  1.202770665294E-001 -1.134991896270E-001  1.068181333112E-001
  3.219762708576E+000  1.176220964656E-001 -1.109979656387E-001  1.046743873043E-001
  3.243637719289E+000  1.150016479559E-001 -1.085244651861E-001  1.025337555713E-001
  3.267737006362E+000  1.124158529220E-001 -1.060792604103E-001  1.003981255605E-001
  3.292063363076E+000  1.098648267306E-001 -1.036628890991E-001  9.826930952216E-002
  3.316619626434E+000  1.073486683899E-001 -1.012758550453E-001  9.614904509874E-002
  3.341408677987E+000  1.048674607565E-001 -9.891862842975E-002  9.403899595544E-002
  3.366433444679E+000  1.024212707529E-001 -9.659164622729E-002  9.194075245279E-002
  3.391696899702E+000  1.000101495940E-001 -9.429531263645E-002  8.985583236180E-002
  3.417202063379E+000  9.763413302417E-002 -9.202999953258E-002  8.778568162223E-002
  3.442952004065E+000  9.529324156275E-002 -8.979604694379E-002  8.573167514464E-002
  3.468949839059E+000  9.298748075866E-002 -8.759376354943E-002  8.369511765672E-002
  3.495198735552E+000  9.071684145351E-002 -8.542342720062E-002  8.167724459401E-002
  3.521701911582E+000  8.848130005286E-002 -8.328528546242E-002  7.967922303534E-002
  3.548462637020E+000  8.628081880500E-002 -8.117955617686E-002  7.770215268300E-002
  3.575484234572E+000  8.411534608709E-002 -7.910642804636E-002  7.574706688737E-002
  3.602770080809E+000  8.198481669803E-002 -7.706606123678E-002  7.381493371601E-002
  3.630323607217E+000  7.988915215762E-002 -7.505858799929E-002  7.190665706650E-002
  3.658148301271E+000  7.782826101156E-002 -7.308411331027E-002  7.002307782265E-002
  3.686247707537E+000  7.580203914175E-002 -7.114271552833E-002  6.816497505329E-002
  3.714625428793E+000  7.381037008135E-002 -6.923444706754E-002  6.633306725264E-002
  3.743285127184E+000  7.185312533413E-002 -6.735933508585E-002  6.452801362139E-002
  3.772230525397E+000  6.993016469744E-002 -6.551738218756E-002  6.275041538703E-002
  3.801465407866E+000  6.804133658842E-002 -6.370856713891E-002  6.100081716231E-002
  3.830993622005E+000  6.618647837270E-002 -6.193284559548E-002  5.927970834000E-002
  3.860819079470E+000  6.436541669519E-002 -6.019015084027E-002  5.758752452251E-002
  3.890945757450E+000  6.257796781221E-002 -5.848039453117E-002  5.592464898432E-002
  3.921377699988E+000  6.082393792456E-002 -5.680346745663E-002  5.429141416536E-002
  3.952119019336E+000  5.910312351080E-002 -5.515924029814E-002  5.268810319309E-002
  3.983173897337E+000  5.741531166026E-002 -5.354756439816E-002  5.111495143110E-002
  4.014546586845E+000  5.576028040523E-002 -5.196827253220E-002  4.957214805168E-002
  4.046241413173E+000  5.413779905159E-002 -5.042117968366E-002  4.805983763003E-002
  4.078262775585E+000  5.254762850757E-002 -4.890608381990E-002  4.657812175726E-002
  4.110615148813E+000  5.098952160992E-002 -4.742276666832E-002  4.512706066955E-002
  4.143303084620E+000  4.946322344699E-002 -4.597099449081E-002  4.370667489062E-002
  4.176331213391E+000  4.796847167831E-002 -4.455051885538E-002  4.231694688452E-002
  4.209704245774E+000  4.650499684993E-002 -4.316107740333E-002  4.095782271586E-002
  4.243426974351E+000  4.507252270536E-002 -4.180239461072E-002  3.962921371426E-002
  4.277504275353E+000  4.367076649140E-002 -4.047418254258E-002  3.833099814007E-002
  4.311941110423E+000  4.229943925848E-002 -3.917614159875E-002  3.706302284812E-002
  4.346742528412E+000  4.095824615521E-002 -3.790796124966E-002  3.582510494635E-002
  4.381913667228E+000  3.964688671667E-002 -3.666932076111E-002  3.461703344622E-002
  4.417459755726E+000  3.836505514602E-002 -3.545988990640E-002  3.343857090164E-002
  4.453386115645E+000  3.711244058936E-002 -3.427932966497E-002  3.228945503330E-002
  4.489698163598E+000  3.588872740321E-002 -3.312729290602E-002  3.116940033529E-002
  4.526401413105E+000  3.469359541469E-002 -3.200342505624E-002  3.007809966103E-002
  4.563501476684E+000  3.352672017399E-002 -3.090736475046E-002  2.901522578524E-002
  4.601004067991E+000  3.238777319899E-002 -2.983874446425E-002  2.798043293940E-002
  4.638915004011E+000  3.127642221196E-002 -2.879719112753E-002  2.697335831743E-002
  4.677240207311E+000  3.019233136817E-002 -2.778232671836E-002  2.599362354924E-002
  4.715985708351E+000  2.913516147638E-002 -2.679376883615E-002  2.504083613920E-002
  4.755157647843E+000  2.810457021125E-002 -2.583113125346E-002  2.411459086719E-002
  4.794762279187E+000  2.710021231757E-002 -2.489402444601E-002  2.321447114987E-002
  4.834805970953E+000  2.612173980653E-002 -2.398205610012E-002  2.234005035982E-002
  4.875295209443E+000  2.516880214406E-002 -2.309483159735E-002  2.149089310065E-002
  4.916236601308E+000  2.424104643133E-002 -2.223195447585E-002  2.066655643602E-002
  4.957636876237E+000  2.333811757778E-002 -2.139302686834E-002  1.986659107102E-002
  4.999502889720E+000  2.245965846670E-002 -2.057764991630E-002  1.909054248428E-002
  5.041841625875E+000  2.160531011383E-002 -1.978542416068E-002  1.833795200943E-002
  5.084660200360E+000  2.077471181910E-002 -1.901594990880E-002  1.760835786498E-002
  5.127965863354E+000  1.996750131202E-002 -1.826882757784E-002  1.690129613139E-002
  5.171766002619E+000  1.918331489095E-002 -1.754365801504E-002  1.621630167490E-002
  5.216068146649E+000  1.842178755680E-002 -1.684004279493E-002  1.555290901735E-002
  5.260879967894E+000  1.768255314145E-002 -1.615758449404E-002  1.491065315194E-002
  5.306209286078E+000  1.696524443147E-002 -1.549588694363E-002  1.428907030461E-002
  5.352064071605E+000  1.626949328757E-002 -1.485455546093E-002  1.368769864132E-002
  5.398452449055E+000  1.559493076031E-002 -1.423319705963E-002  1.310607892148E-002
  5.445382700775E+000  1.494118720257E-002 -1.363142064047E-002  1.254375509818E-002
  5.492863270572E+000  1.430789237935E-002 -1.304883716249E-002  1.200027486578E-002
  5.540902767504E+000  1.369467557543E-002 -1.248505979622E-002  1.147519015608E-002
  5.589509969774E+000  1.310116570148E-002 -1.193970405933E-002  1.096805758386E-002
  5.638693828737E+000  1.252699139909E-002 -1.141238793623E-002  1.047843884343E-002
  5.688463473008E+000  1.197178114542E-002 -1.090273198228E-002  1.000590105751E-002
  5.738828212699E+000  1.143516335794E-002 -1.041035941400E-002  9.550017080077E-003
  5.789797543759E+000  1.091676649974E-002 -9.934896186291E-003  9.110365755111E-003
  5.841381152447E+000  1.041621918613E-002 -9.475971057929E-003  8.686532133072E-003
  5.893588919926E+000  9.933150292858E-003 -9.033215646514E-003  8.278107647258E-003
  5.946430926988E+000  9.467189066541E-003 -8.606264474080E-003  7.884690252199E-003
  5.999917458910E+000  9.017965237772E-003 -8.194755004627E-003  7.505884526410E-003
  6.054059010457E+000  8.585109137303E-003 -7.798327674787E-003  7.141301741855E-003
  6.108866291020E+000  8.168251815740E-003 -7.416625918853E-003  6.790559902603E-003
  6.164350229902E+000  7.767025167115E-003 -7.049296189381E-003  6.453283755152E-003
  6.220521981762E+000  7.381062056654E-003 -6.695987974527E-003  6.129104772994E-003
  6.277392932215E+000  7.009996453031E-003 -6.356353813283E-003  5.817661117972E-003
  6.334974703589E+000  6.653463565344E-003 -6.030049309715E-003  5.518597581006E-003
  6.393279160860E+000  6.311099984997E-003 -5.716733147254E-003  5.231565504765E-003
  6.452318417752E+000  5.982543832621E-003 -5.416067104051E-003  4.956222690809E-003
  6.512104843026E+000  5.667434910114E-003 -5.127716070335E-003  4.692233293716E-003
  6.572651066946E+000  5.365414857814E-003 -4.851348068655E-003  4.439267704627E-003
  6.633969987942E+000  5.076127316777E-003 -4.586634277782E-003  4.197002426588E-003
  6.696074779472E+000  4.799218096050E-003 -4.333249061031E-003  3.965119943971E-003
  6.758978897091E+000  4.534335344791E-003 -4.090869999591E-003  3.743308588168E-003
  6.822696085726E+000  4.281129729008E-003 -3.859177931455E-003  3.531262401639E-003
  6.887240387180E+000  4.039254612636E-003 -3.637856996374E-003  3.328681002255E-003
  6.952626147859E+000  3.808366242617E-003 -3.426594687204E-003  3.135269449782E-003
  7.018868026732E+000  3.588123937573E-003 -3.225081907923E-003  2.950738116170E-003
  7.085981003543E+000  3.378190279626E-003 -3.033013038461E-003  2.774802561183E-003
  7.153980387268E+000  3.178231308833E-003 -2.850086006424E-003  2.607183414749E-003
  7.222881824836E+000  2.987916719689E-003 -2.676002365673E-003  2.447606267231E-003
  7.292701310121E+000  2.806920059062E-003 -2.510467381638E-003  2.295801568672E-003
  7.363455193219E+000  2.634918924906E-003 -2.353190123119E-003  2.151504537882E-003
  7.435160190001E+000  2.471595165043E-003 -2.203883560278E-003  2.014455082068E-003
  7.507833391988E+000  2.316635075268E-003 -2.062264668402E-003  1.884397727552E-003
  7.581492276516E+000  2.169729595991E-003 -1.928054536934E-003  1.761081561914E-003
  7.656154717242E+000  2.030574506618E-003 -1.800978483210E-003  1.644260187778E-003
  7.731838994973E+000  1.898870616835E-003 -1.680766170239E-003  1.533691688256E-003
  7.808563808847E+000  1.774323953941E-003 -1.567151727809E-003  1.429138603929E-003
  7.886348287874E+000  1.656645945378E-003 -1.459873876136E-003  1.330367921087E-003
  7.965212002848E+000  1.545553595589E-003 -1.358676051207E-003  1.237151070805E-003
  8.045174978646E+000  1.440769656340E-003 -1.263306530951E-003  1.149263938304E-003
  8.126257706932E+000  1.342022789654E-003 -1.173518561287E-003  1.066486881913E-003
  8.208481159274E+000  1.249047722511E-003 -1.089070481120E-003  9.886047608396E-004
  8.291866800694E+000  1.161585392505E-003 -1.009725845282E-003  9.154069708682E-004
  8.376436603664E+000  1.079383083656E-003 -9.352535444578E-004  8.466874869823E-004
  8.462213062574E+000  1.002194551632E-003 -8.654279210782E-004  7.822449118727E-004
  8.549219208676E+000  9.297801376676E-004 -8.000288802157E-004  7.218825292012E-004
  8.637478625536E+000  8.619068705075E-004 -7.388419945049E-004  6.654083604542E-004
  8.727015464999E+000  7.983485557709E-004 -6.816586021493E-004  6.126352241838E-004
  8.817854463709E+000  7.388858521841E-004 -6.282758971050E-004  5.633807964128E-004
  8.910020960175E+000  6.833063341959E-004 -5.784970105781E-004  5.174676709750E-004
  9.003540912431E+000  6.314045405608E-004 -5.321310830225E-004  4.747234185677E-004
  9.098440916308E+000  5.829820085497E-004 -4.889933258854E-004  4.349806433178E-004
  9.194748224321E+000  5.378472935267E-004 -4.489050724153E-004  3.980770356925E-004
  9.292490765233E+000  4.958159737117E-004 -4.116938169188E-004  3.638554206343E-004
  9.391697164283E+000  4.567106400332E-004 -3.771932419372E-004  3.321637998580E-004
  9.492396764138E+000  4.203608710629E-004 -3.452432328938E-004  3.028553873137E-004
  9.594619646576E+000  3.866031931115E-004 -3.156898798573E-004  2.757886369016E-004
  9.698396654938E+000  3.552810256505E-004 -2.883854661579E-004  2.508272616080E-004
  9.803759417385E+000  3.262446123186E-004 -2.631884436902E-004  2.278402433293E-004
  9.910740370981E+000  2.993509378517E-004 -2.399633948356E-004  2.067018327532E-004
  1.001937278665E+001  2.744636313659E-004 -2.185809810358E-004  1.872915387695E-004
  1.012969079502E+001  2.514528565023E-004 -1.989178781484E-004  1.694941069986E-004
  1.024172941323E+001  2.301951890229E-004 -1.808566988155E-004  1.531994871374E-004
  1.035552457272E+001  2.105734825224E-004 -1.642859021700E-004  1.383027889373E-004
  1.047111314798E+001  1.924767229884E-004 -1.490996913000E-004  1.247042267477E-004
  1.058853298647E+001  1.757998730109E-004 -1.351978989806E-004  1.123090526697E-004
  1.070782293953E+001  1.604437064966E-004 -1.224858622676E-004  1.010274784803E-004
  1.082902289454E+001  1.463146347971E-004 -1.108742866250E-004  9.077458659544E-005
  1.095217380826E+001  1.333245252037E-004 -1.002791003345E-004  8.147023044429E-005
  1.107731774137E+001  1.213905127973E-004 -9.062129999674E-005  7.303892472668E-005
  1.120449789442E+001  1.104348066697E-004 -8.182678799567E-005  6.540972611793E-005
  1.133375864507E+001  1.003844915538E-004 -7.382620284313E-005  5.851610506911E-005
  1.146514558681E+001  9.117132590583E-005 -6.655474336404E-005  5.229580942717E-005
  1.159870556913E+001  8.273153749141E-005 -5.995198771205E-005  4.669072066626E-005
  1.173448673928E+001  7.500561751210E-005 -5.396170822745E-005  4.164670357816E-005
  1.187253858566E+001  6.793811429837E-005 -4.853168316101E-005  3.711345031692E-005
  1.201291198287E+001  6.147742756654E-005 -4.361350628895E-005  3.304431972853E-005
  1.215565923859E+001  5.557560420451E-005 -3.916239543647E-005  2.939617292171E-005
  1.230083414231E+001  5.018813650904E-005 -3.513700090958E-005  2.612920605038E-005
  1.244849201595E+001  4.527376374786E-005 -3.149921480815E-005  2.320678128137E-005
  1.259868976657E+001  4.079427786301E-005 -2.821398215688E-005  2.059525691376E-005
  1.275148594119E+001  3.671433406929E-005 -2.524911474679E-005  1.826381759843E-005
  1.290694078384E+001  3.300126703262E-005 -2.257510852760E-005  1.618430557861E-005
  1.306511629490E+001  2.962491324007E-005 -2.016496533173E-005  1.433105383492E-005
  1.322607629292E+001  2.655744009580E-005 -1.799401964538E-005  1.268072197285E-005
  1.338988647898E+001  2.377318219736E-005 -1.603977107099E-005  1.121213563623E-005
  1.355661450375E+001  2.124848516420E-005 -1.428172304959E-005  9.906130170119E-006
  1.372633003727E+001  1.896155730786E-005 -1.270122833312E-005  8.745399188738E-006
  1.389910484176E+001  1.689232935023E-005 -1.128134161487E-005  7.714348632808E-006
  1.407501284743E+001  1.502232231481E-005 -1.000667964416E-005  6.798956824148E-006
  1.425413023161E+001  1.333452363674E-005 -8.863289068021E-006  5.986640946891E-006
  1.443653550117E+001  1.181327146131E-005 -7.838522161183E-006  5.266130304064E-006
  1.462230957852E+001  1.044414702864E-005 -6.920920525343E-006  4.627346617344E-006
  1.481153589140E+001  9.213874975676E-006 -6.100106762006E-006  4.061291557368E-006
  1.500430046649E+001  8.110231325483E-006 -5.366684049953E-006  3.559941613387E-006
  1.520069202718E+001  7.121958879146E-006 -4.712143490306E-006  3.116150335095E-006
  1.540080209569E+001  6.238689678356E-006 -4.128779019518E-006  2.723557907416E-006
  1.560472509963E+001  5.450874166487E-006 -3.609609634392E-006  2.376507951532E-006
  1.581255848342E+001  4.749716643772E-006 -3.148308623786E-006  2.069971383457E-006
  1.602440282470E+001  4.127116587765E-006 -2.739139459600E-006  1.799477105602E-006
  1.624036195599E+001  3.575615393856E-006 -2.376897965137E-006  1.561049257629E-006
  1.646054309190E+001  3.088348081885E-006 -2.056860352207E-006  1.351150710846E-006
  1.668505696224E+001  2.658999513783E-006 -1.774736699376E-006  1.166632455792E-006
  1.691401795117E+001  2.281764673068E-006 -1.526629432469E-006  1.004688505555E-006
  1.714754424293E+001  1.951312569551E-006 -1.308996364433E-006  8.628159178020E-007
  1.738575797433E+001  1.662753351024E-006 -1.118617854730E-006  7.387795263492E-007
  1.762878539445E+001  1.411608227285E-006 -9.525676578250E-007  6.305809679867E-007
  1.787675703191E+001  1.193781839804E-006 -8.081870456178E-007  5.364315918907E-007
  1.812980787015E+001  1.005536741739E-006 -6.830618089909E-007  4.547288466953E-007
  1.838807753110E+001  8.434696869752E-007 -5.750017682909E-007  3.840357535861E-007
  1.865171046781E+001  7.044894624497E-007 -4.820224506494E-007  3.230630918835E-007
  1.892085616642E+001  5.857960342901E-007 -4.023286227254E-007  2.706539457523E-007
  1.919566935809E+001  4.848608144338E-007 -3.342993998428E-007  2.257702860974E-007
  1.947631024137E+001  3.994078894681E-007 -2.764746857285E-007  1.874812895466E-007
  1.976294471571E+001  3.273960867839E-007 -2.275427303274E-007  1.549531258770E-007
  2.005574462663E+001  2.670017840454E-007 -1.863286256999E-007  1.274399754907E-007
  2.035488802332E+001  2.166023959363E-007 -1.517835911154E-007  1.042760688490E-007
  2.066055942930E+001  1.747604966888E-007 -1.229749275508E-007  8.486856942820E-008
  2.097295012706E+001  1.402085577576E-007 -9.907654838280E-008  6.869115015479E-008
  2.129225845729E+001  1.118342969807E-007 -7.936001675575E-008  5.527813988165E-008
  2.161869013374E+001  8.866664863001E-008 -6.318604064735E-008  4.421914085633E-008
  2.195245857462E+001  6.986237298396E-008 -4.999639389411E-008  3.515403998536E-008
  2.229378525140E+001  5.469332963546E-008 -3.930624534719E-008  2.776835579837E-008
  2.264290005632E+001  4.253444097851E-008 -3.069688898107E-008  2.178887925554E-008
  2.300004168951E+001  3.285237157097E-008 -2.380887534122E-008  1.697957990985E-008
  2.336545806705E+001  2.519494578858E-008 -1.833554944670E-008  1.313775951567E-008
  2.373940675129E+001  1.918132085254E-008 -1.401700247783E-008  1.009044312780E-008
  2.412215540475E+001  1.449292543690E-008 -1.063444464623E-008  7.691003289446E-009
  2.451398226921E+001  1.086516615496E-008 -8.005004964733E-009  5.816016343730E-009
  2.491517667142E+001  8.079895779203E-009 -5.976960619324E-009  4.362351535784E-009
  2.532603955735E+001  5.958628526141E-009 -4.425394703047E-009  3.244493736780E-009
  2.574688405660E+001  4.356479546601E-009 -3.248276590116E-009  2.392099655385E-009
  2.617803607920E+001  3.156798249664E-009 -2.362954560483E-009  1.747785634836E-009
  2.661983494664E+001  2.266458533856E-009 -1.703045740199E-009  1.265142870644E-009
  2.707263405971E+001  1.611763604389E-009 -1.215704256477E-009  9.069733981107E-010
  2.753680160532E+001  1.134918948109E-009 -8.592449167742E-010  6.437377230931E-010
  2.801272130518E+001  7.910242729342E-010 -6.010968474022E-010  4.522026919066E-010
  2.850079320900E+001  5.455337836197E-010 -4.160594504214E-010  3.142762578511E-010
  2.900143453541E+001  3.721339900740E-010 -2.848317852630E-010  2.160142972192E-010
  2.951508056378E+001  2.509892094496E-010 -1.927860339142E-010  1.467836078478E-010
  3.004218558064E+001  1.673068741274E-010 -1.289560062697E-010  9.856470047449E-011
  3.058322388437E+001  1.101775156397E-010 -8.521259579224E-011  6.537794677703E-011
  3.113869085248E+001  7.164766880722E-011 -5.559959435953E-011  4.281703168505E-011
  3.170910407585E+001  4.598773923951E-011 -3.580519686443E-011  2.767440662146E-011
  3.229500456485E+001  2.912091806005E-011 -2.274674545367E-011  1.764447889061E-011
  3.289695803249E+001  1.818334418556E-011 -1.424865926870E-011  1.109152014150E-011
  3.351555626047E+001  1.118976315503E-011 -8.795957638272E-012  6.870654706688E-012
  3.415141855403E+001  6.782795067579E-012 -5.348217136684E-012  4.191723685563E-012
  3.480519329257E+001  4.047513193845E-012 -3.201127672016E-012  2.517249392108E-012
  3.547755958299E+001  2.376287436598E-012 -1.884970555164E-012  1.487095329477E-012
  3.616922902393E+001  1.371726996603E-012 -1.091291754247E-012  8.636898773888E-013
  3.688094758921E+001  7.780511061474E-013 -6.207630473786E-013  4.928305798121E-013
  3.761349763993E+001  4.333312695173E-013 -3.467045317010E-013  2.760950833041E-013
  3.836770007534E+001  2.368036204690E-013 -1.899883924885E-013  1.517492445637E-013
  3.914441663347E+001  1.268768217013E-013 -1.020699797111E-013  8.176570767307E-014
  3.994455235367E+001  6.659697050148E-014 -5.371867305849E-014  4.315647652760E-014
  4.076905821405E+001  3.421683163874E-014 -2.767222103276E-014  2.229392488813E-014
  4.161893395835E+001  1.719310755612E-014 -1.394025408626E-014  1.126185032280E-014
  4.249523112779E+001  8.441009977319E-015 -6.861226870417E-015  5.557923647858E-015
  4.339905631520E+001  4.045152111851E-015 -3.296192486671E-015  2.677137902594E-015
  4.433157466006E+001  1.890288550441E-015 -1.544030069875E-015  1.257295652959E-015
  4.529401360538E+001  8.604041933392E-016 -7.044659845568E-016  5.750978247046E-016
  4.628766693861E+001  3.810314917280E-016 -3.127004267485E-016  2.559099739069E-016
  4.731389914191E+001  1.639753815994E-016 -1.348766892611E-016  1.106496711674E-016
  4.837415007871E+001  6.848607005292E-017 -5.645884664416E-017  4.642774770896E-017
  4.946994004686E+001  2.772343179106E-017 -2.290495452902E-017  1.887929433167E-017
  5.060287523143E+001  1.086163089197E-017 -8.993146403858E-018  7.429463468035E-018
  5.177465359367E+001  4.112378724581E-018 -3.412131057338E-018  2.825141036847E-018
  5.298707123650E+001  1.502276803890E-018 -1.249052351269E-018  1.036437945992E-018
  5.424202929116E+001  5.286080872005E-019 -4.403976233910E-019  3.662147763010E-019
  5.554154137419E+001  1.788419243707E-019 -1.492944567426E-019  1.244065400317E-019
  5.688774166961E+001  5.806770258284E-020 -4.856855373885E-020  4.055497356322E-020
  5.828289369667E+001  1.805750749347E-020 -1.513239931488E-020  1.266098050743E-020
  5.972939983075E+001  5.366772413060E-021 -4.505844456560E-021  3.777355740376E-021
  6.122981165190E+001  1.520958668306E-021 -1.279314440089E-021  1.074541154337E-021
  6.278684120462E+001  4.100389019384E-022 -3.455142333994E-022  2.907555593398E-022
  6.440337326150E+001  1.048875259956E-022 -8.853808031607E-023  7.464335341784E-023
  6.608247869451E+001  2.538805548298E-023 -2.146771039394E-023  1.813128938727E-023
  6.782742906960E+001  5.798021897845E-024 -4.911012945191E-024  4.155078746761E-024
  6.964171259434E+001  1.245458336347E-024 -1.056672808875E-024  8.955659074138E-025
  7.152905156377E+001  2.508077663884E-025 -2.131364944421E-025  1.809454295535E-025
  7.349342146763E+001  4.718246345943E-026 -4.015952909621E-026  3.415037184674E-026
  7.553907194217E+001  8.260519284031E-027 -7.041941273213E-027  5.997921766686E-027
  7.767054977292E+001  1.340495428253E-027 -1.144494096430E-027  9.763563757178E-028
  7.989272418113E+001  2.007584364138E-028 -1.716609614668E-028  1.466688497318E-028
  8.221081465675E+001  2.761952876869E-029 -2.365103138448E-029  2.023826907205E-029
  8.463042163523E+001  3.473190544208E-030 -2.978415590445E-030  2.552414383279E-030
  8.715756035520E+001  3.970872785907E-031 -3.409985409235E-031  2.926489325373E-031
  8.979869827958E+001  4.103819079714E-032 -3.529001252191E-032  3.032920026399E-032
  9.256079651532E+001  3.810165126567E-033 -3.280891456406E-033  2.823593443950E-033
  9.545135572765E+001  3.156836264714E-034 -2.721900061183E-034  2.345688329796E-034
  9.847846711487E+001  2.317305664391E-035 -2.000613892789E-035  1.726379017532E-035
  1.016508690915E+002  1.495398568907E-036 -1.292661241590E-036  1.116913311417E-036
  1.049780104220E+002  8.412340585259E-038 -7.280824709515E-038  6.298897485194E-038
  1.084701206579E+002  4.087935420222E-039 -3.542354681650E-039  3.068405850413E-039
  1.121382888606E+002  1.699128161671E-040 -1.474099989334E-040  1.278416220276E-040
  1.159945517414E+002  5.976173443101E-042 -5.190694303632E-042  4.506956123051E-042
  1.200519925308E+002  1.758041723287E-043 -1.528698080562E-043  1.328863337321E-043
  1.243248520934E+002  4.270993380467E-045 -3.717925733810E-045  3.235552084973E-045
  1.288286540551E+002  8.451024922052E-047 -7.364607480545E-047  6.416156126360E-047
  1.335803459987E+002  1.341544354824E-048 -1.170315504412E-048  1.020691827357E-048
  1.385984591287E+002  1.680488797356E-050 -1.467508683935E-050  1.281231533757E-050
  1.439032892205E+002  1.631307994328E-052 -1.425994121099E-052  1.246260994968E-052
  1.495171021587E+002  1.203029016313E-054 -1.052650738509E-054  9.208929052962E-055
  1.554643679592E+002  6.594325254656E-057 -5.775569780713E-057  5.057578264827E-057
  1.617720278763E+002  2.622850808244E-059 -2.299345907674E-059  2.015415426725E-059
  1.684698000514E+002  7.371610112075E-062 -6.468289267185E-062  5.674817299693E-062
  1.755905301928E+002  1.421669782040E-064 -1.248568541444E-064  1.096394517924E-064
  1.831705950299E+002  1.821266366576E-067 -1.600899417112E-067  1.407020755003E-067
  1.912503678195E+002  1.494944606617E-070 -1.315173536242E-070  1.156888802281E-070
  1.998747570544E+002  7.553193104988E-074 -6.650380604254E-074  5.854871860551E-074
  2.090938318328E+002  2.246271479323E-077 -1.979369100839E-077  1.744015670625E-077
  2.189635501945E+002  3.740284539901E-081 -3.298440083122E-081  2.908542312589E-081
  2.295466102647E+002  3.297036697039E-085 -2.909765812981E-085  2.567784774757E-085
  2.409134484547E+002  1.444704577767E-089 -1.275952734310E-089  1.126833331400E-089
  2.531434144886E+002  2.931341699869E-094 -2.590802721542E-094  2.289679986542E-094
  2.663261599835E+002  2.542018800695E-099 -2.248278916656E-099  1.988368680901E-099
  2.805632861191E+002  8.603298245402E-105 -7.614321308326E-105  6.738686424814E-105
  2.959703071532E+002  1.024865566884E-110 -9.076517715976E-111  8.038069738413E-111
  3.126790009236E+002  3.819488636130E-117 -3.384816630540E-117  2.999489551352E-117
  3.308402360200E+002  3.891170374633E-124 -3.450477873324E-124  3.059584690529E-124
  3.506273893903E+002  9.279893278896E-132 -8.233844204602E-132  7.305472662770E-132
  3.722404996260E+002  4.331916602948E-140 -3.845847654745E-140  3.414221530178E-140
  3.959113426415E+002  3.216918622432E-149 -2.857565045277E-149  2.538290219535E-149
  4.219096715122E+002  2.985428706479E-159 -2.653374916086E-159  2.358201807063E-159
  4.505509359373E+002  2.610939812679E-170 -2.321755650578E-170  2.064561380243E-170
  4.822058963204E+002  1.544263742774E-182 -1.373917948282E-182  1.222342297319E-182
  5.173126831536E+002  4.173450528616E-196 -3.714892586282E-196  3.306670688749E-196
  5.563920392209E+002  3.233764668661E-211 -2.879805314685E-211  2.564557314956E-211
  6.000667421536E+002  4.114073115076E-228 -3.665410020926E-228  3.265641139618E-228
  6.490865708786E+002  4.392451390172E-247 -3.915124074000E-247  3.489635946168E-247
  7.043607010442E+002  1.743985510324E-268 -1.555111982495E-268  1.386682698149E-268
  7.670001674974E+002  9.523586115267E-293 -8.495556039828E-293  7.578447957905E-293
  8.383741345464E+002  0.000000000000E+000  0.000000000000E+000  0.000000000000E+000
  9.201853543213E+002  0.000000000000E+000  0.000000000000E+000  0.000000000000E+000
  1.014572672318E+003  0.000000000000E+000  0.000000000000E+000  0.000000000000E+000
  1.124252254996E+003  0.000000000000E+000  0.000000000000E+000  0.000000000000E+000
  1.252715205428E+003  0.000000000000E+000  0.000000000000E+000  0.000000000000E+000
  1.404508845568E+003  0.000000000000E+000  0.000000000000E+000  0.000000000000E+000
  1.585644739908E+003  0.000000000000E+000  0.000000000000E+000  0.000000000000E+000
  1.804203189488E+003  0.000000000000E+000  0.000000000000E+000  0.000000000000E+000
  2.071250249814E+003  0.000000000000E+000  0.000000000000E+000  0.000000000000E+000
  2.402266552340E+003  0.000000000000E+000  0.000000000000E+000  0.000000000000E+000
  2.819442449497E+003  0.000000000000E+000  0.000000000000E+000  0.000000000000E+000
  3.355496240167E+003  0.000000000000E+000  0.000000000000E+000  0.000000000000E+000
  4.060290442982E+003  0.000000000000E+000  0.000000000000E+000  0.000000000000E+000
  5.012860622227E+003  0.000000000000E+000  0.000000000000E+000  0.000000000000E+000
  6.344578802016E+003  0.000000000000E+000  0.000000000000E+000  0.000000000000E+000
  8.287000878586E+003  0.000000000000E+000  0.000000000000E+000  0.000000000000E+000
  1.127976970933E+004  0.000000000000E+000  0.000000000000E+000  0.000000000000E+000
  1.624316171036E+004  0.000000000000E+000  0.000000000000E+000  0.000000000000E+000
  2.538031516868E+004  0.000000000000E+000  0.000000000000E+000  0.000000000000E+000
  4.512107881524E+004  0.000000000000E+000  0.000000000000E+000  0.000000000000E+000
  1.015232606647E+005  0.000000000000E+000  0.000000000000E+000  0.000000000000E+000
  4.060950426526E+005  0.000000000000E+000  0.000000000000E+000  0.000000000000E+000
