# 1st line: number of mesh points
# abcissa wavefunction wavefunction_1st wavefunction_2nd
1000
# Principal QN=   4 , l=   0 , Occupation=   1.9990
  2.462477732966E-006  1.870706493381E+001 -7.500830501426E+002  2.658751420642E+004
  9.849959442330E-006  1.870152443443E+001 -7.498866648529E+002  2.657953218506E+004
  2.216259066178E-005  1.869229337087E+001 -7.495594827455E+002  2.656623487687E+004
  3.940061395432E-005  1.867937639320E+001 -7.491016937358E+002  2.654763136544E+004
  6.156436892224E-005  1.866278000538E+001 -7.485135634095E+002  2.652373435271E+004
  8.865429222131E-005  1.864251255919E+001 -7.477954327287E+002  2.649456014391E+004
  1.206709175794E-004  1.861858424641E+001 -7.469477176530E+002  2.646012862828E+004
  1.576148758184E-004  1.859100708923E+001 -7.459709086785E+002  2.642046325553E+004
  1.994868948811E-004  1.855979492905E+001 -7.448655702951E+002  2.637559100808E+004
  2.462877998613E-004  1.852496341354E+001 -7.436323403619E+002  2.632554236925E+004
  2.980185130383E-004  1.848652998206E+001 -7.422719294027E+002  2.627035128724E+004
  3.546800539158E-004  1.844451384938E+001 -7.407851198228E+002  2.621005513515E+004
  4.162735392647E-004  1.839893598790E+001 -7.391727650477E+002  2.614469466700E+004
  4.828001831694E-004  1.834981910814E+001 -7.374357885852E+002  2.607431396987E+004
  5.542612970792E-004  1.829718763779E+001 -7.355751830128E+002  2.599896041217E+004
  6.306582898628E-004  1.824106769915E+001 -7.335920088925E+002  2.591868458821E+004
  7.119926678676E-004  1.818148708513E+001 -7.314873936126E+002  2.583354025906E+004
  7.982660349828E-004  1.811847523370E+001 -7.292625301615E+002  2.574358428994E+004
  8.894800927067E-004  1.805206320108E+001 -7.269186758321E+002  2.564887658402E+004
  9.856366402179E-004  1.798228363334E+001 -7.244571508620E+002  2.554948001298E+004
  1.086737574451E-003  1.790917073688E+001 -7.218793370095E+002  2.544546034425E+004
  1.192784890174E-003  1.783276024740E+001 -7.191866760680E+002  2.533688616511E+004
  1.303780680078E-003  1.775308939779E+001 -7.163806683223E+002  2.522382880383E+004
  1.419727134858E-003  1.767019688476E+001 -7.134628709478E+002  2.510636224789E+004
  1.540626543307E-003  1.758412283423E+001 -7.104348963559E+002  2.498456305938E+004
  1.666481292416E-003  1.749490876580E+001 -7.072984104882E+002  2.485851028789E+004
  1.797293867468E-003  1.740259755596E+001 -7.040551310616E+002  2.472828538074E+004
  1.933066852148E-003  1.730723340047E+001 -7.007068257679E+002  2.459397209104E+004
  2.073802928647E-003  1.720886177570E+001 -6.972553104295E+002  2.445565638334E+004
  2.219504877777E-003  1.710752939910E+001 -6.937024471156E+002  2.431342633737E+004
  2.370175579090E-003  1.700328418886E+001 -6.900501422198E+002  2.416737204976E+004
  2.525818010992E-003  1.689617522279E+001 -6.863003445044E+002  2.401758553401E+004
  2.686435250879E-003  1.678625269640E+001 -6.824550431123E+002  2.386416061887E+004
  2.852030475254E-003  1.667356788049E+001 -6.785162655504E+002  2.370719284520E+004
  3.022606959872E-003  1.655817307792E+001 -6.744860756478E+002  2.354677936153E+004
  3.198168079872E-003  1.644012158005E+001 -6.703665714914E+002  2.338301881854E+004
  3.378717309917E-003  1.631946762255E+001 -6.661598833419E+002  2.321601126242E+004
  3.564258224347E-003  1.619626634083E+001 -6.618681715337E+002  2.304585802747E+004
  3.754794497325E-003  1.607057372516E+001 -6.574936243616E+002  2.287266162803E+004
  3.950329902993E-003  1.594244657538E+001 -6.530384559574E+002  2.269652564982E+004
  4.150868315631E-003  1.581194245546E+001 -6.485049041589E+002  2.251755464099E+004
  4.356413709820E-003  1.567911964783E+001 -6.438952283760E+002  2.233585400295E+004
  4.566970160612E-003  1.554403710762E+001 -6.392117074546E+002  2.215152988110E+004
  4.782541843700E-003  1.540675441676E+001 -6.344566375435E+002  2.196468905572E+004
  5.003133035593E-003  1.526733173818E+001 -6.296323299661E+002  2.177543883317E+004
  5.228748113801E-003  1.512582976993E+001 -6.247411090998E+002  2.158388693739E+004
  5.459391557015E-003  1.498230969954E+001 -6.197853102673E+002  2.139014140208E+004
  5.695067945303E-003  1.483683315843E+001 -6.147672776403E+002  2.119431046356E+004
  5.935781960296E-003  1.468946217659E+001 -6.096893621614E+002  2.099650245449E+004
  6.181538385392E-003  1.454025913752E+001 -6.045539194843E+002  2.079682569863E+004
  6.432342105956E-003  1.438928673348E+001 -5.993633079366E+002  2.059538840670E+004
  6.688198109528E-003  1.423660792114E+001 -5.941198865075E+002  2.039229857366E+004
  6.949111486034E-003  1.408228587761E+001 -5.888260128625E+002  2.018766387725E+004
  7.215087428003E-003  1.392638395698E+001 -5.834840413886E+002  1.998159157825E+004
  7.486131230784E-003  1.376896564734E+001 -5.780963212710E+002  1.977418842230E+004
  7.762248292776E-003  1.361009452843E+001 -5.726651946047E+002  1.956556054368E+004
  8.043444115654E-003  1.344983422977E+001 -5.671929945438E+002  1.935581337086E+004
  8.329724304602E-003  1.328824838961E+001 -5.616820434887E+002  1.914505153425E+004
  8.621094568555E-003  1.312540061442E+001 -5.561346513153E+002  1.893337877603E+004
  8.917560720438E-003  1.296135443919E+001 -5.505531136466E+002  1.872089786226E+004
  9.219128677417E-003  1.279617328847E+001 -5.449397101705E+002  1.850771049742E+004
  9.525804461149E-003  1.262992043819E+001 -5.392967030032E+002  1.829391724133E+004
  9.837594198038E-003  1.246265897836E+001 -5.336263351019E+002  1.807961742869E+004
  1.015450411950E-002  1.229445177661E+001 -5.279308287272E+002  1.786490909127E+004
  1.047654056222E-002  1.212536144259E+001 -5.222123839576E+002  1.764988888281E+004
  1.080370996845E-002  1.195545029333E+001 -5.164731772559E+002  1.743465200674E+004
  1.113601888623E-002  1.178478031956E+001 -5.107153600914E+002  1.721929214675E+004
  1.147347396972E-002  1.161341315291E+001 -5.049410576160E+002  1.700390140033E+004
  1.181608197948E-002  1.144141003423E+001 -4.991523673972E+002  1.678857021534E+004
  1.216384978272E-002  1.126883178277E+001 -4.933513582089E+002  1.657338732951E+004
  1.251678435364E-002  1.109573876649E+001 -4.875400688796E+002  1.635843971323E+004
  1.287489277369E-002  1.092219087340E+001 -4.817205071997E+002  1.614381251530E+004
  1.323818223191E-002  1.074824748386E+001 -4.758946488884E+002  1.592958901199E+004
  1.360666002522E-002  1.057396744403E+001 -4.700644366204E+002  1.571585055925E+004
  1.398033355872E-002  1.039940904038E+001 -4.642317791125E+002  1.550267654817E+004
  1.435921034603E-002  1.022462997520E+001 -4.583985502711E+002  1.529014436369E+004
  1.474329800963E-002  1.004968734329E+001 -4.525665884002E+002  1.507832934657E+004
  1.513260428113E-002  9.874637609657E+000 -4.467376954699E+002  1.486730475867E+004
  1.552713700165E-002  9.699536588306E+000 -4.409136364460E+002  1.465714175148E+004
  1.592690412217E-002  9.524439422134E+000 -4.350961386788E+002  1.444790933787E+004
  1.633191370382E-002  9.349400563875E+000 -4.292868913537E+002  1.423967436724E+004
  1.674217391826E-002  9.174473758123E+000 -4.234875449997E+002  1.403250150377E+004
  1.715769304806E-002  8.999712024414E+000 -4.176997110588E+002  1.382645320800E+004
  1.757847948698E-002  8.825167641367E+000 -4.119249615122E+002  1.362158972155E+004
  1.800454174044E-002  8.650892131858E+000 -4.061648285663E+002  1.341796905505E+004
  1.843588842578E-002  8.476936249227E+000 -4.004208043942E+002  1.321564697921E+004
  1.887252827273E-002  8.303349964508E+000 -3.946943409343E+002  1.301467701893E+004
  1.931447012370E-002  8.130182454649E+000 -3.889868497445E+002  1.281511045055E+004
  1.976172293425E-002  7.957482091720E+000 -3.832997019095E+002  1.261699630203E+004
  2.021429577341E-002  7.785296433084E+000 -3.776342280022E+002  1.242038135607E+004
  2.067219782411E-002  7.613672212523E+000 -3.719917180968E+002  1.222531015621E+004
  2.113543838356E-002  7.442655332271E+000 -3.663734218323E+002  1.203182501565E+004
  2.160402686371E-002  7.272290855966E+000 -3.607805485256E+002  1.183996602890E+004
  2.207797279156E-002  7.102623002476E+000 -3.552142673323E+002  1.164977108606E+004
  2.255728580967E-002  6.933695140575E+000 -3.496757074539E+002  1.146127588979E+004
  2.304197567655E-002  6.765549784462E+000 -3.441659583902E+002  1.127451397475E+004
  2.353205226706E-002  6.598228590070E+000 -3.386860702344E+002  1.108951672953E+004
  2.402752557287E-002  6.431772352166E+000 -3.332370540107E+002  1.090631342096E+004
  2.452840570292E-002  6.266221002194E+000 -3.278198820511E+002  1.072493122070E+004
  2.503470288379E-002  6.101613606845E+000 -3.224354884112E+002  1.054539523400E+004
  2.554642746023E-002  5.937988367317E+000 -3.170847693217E+002  1.036772853064E+004
  2.606358989558E-002  5.775382619243E+000 -3.117685836755E+002  1.019195217783E+004
  2.658620077221E-002  5.613832833259E+000 -3.064877535472E+002  1.001808527500E+004
  2.711427079202E-002  5.453374616170E+000 -3.012430647438E+002  9.846144990522E+003
  2.764781077690E-002  5.294042712699E+000 -2.960352673846E+002  9.676146600071E+003
  2.818683166921E-002  5.135871007782E+000 -2.908650765087E+002  9.508103526615E+003
  2.873134453224E-002  4.978892529377E+000 -2.857331727075E+002  9.342027381972E+003
  2.928136055074E-002  4.823139451762E+000 -2.806402027813E+002  9.177928009760E+003
  2.983689103139E-002  4.668643099293E+000 -2.755867804171E+002  9.015813529677E+003
  3.039794740329E-002  4.515433950578E+000 -2.705734868867E+002  8.855690383005E+003
  3.096454121851E-002  4.363541643066E+000 -2.656008717622E+002  8.697563379221E+003
  3.153668415253E-002  4.212994977985E+000 -2.606694536478E+002  8.541435743630E+003
  3.211438800486E-002  4.063821925638E+000 -2.557797209259E+002  8.387309165901E+003
  3.269766469947E-002  3.916049630997E+000 -2.509321325151E+002  8.235183849419E+003
  3.328652628537E-002  3.769704419584E+000 -2.461271186392E+002  8.085058561337E+003
  3.388098493714E-002  3.624811803617E+000 -2.413650816045E+002  7.936930683242E+003
  3.448105295547E-002  3.481396488367E+000 -2.366463965842E+002  7.790796262316E+003
  3.508674276771E-002  3.339482378738E+000 -2.319714124079E+002  7.646650062919E+003
  3.569806692844E-002  3.199092586011E+000 -2.273404523546E+002  7.504485618467E+003
  3.631503812000E-002  3.060249434750E+000 -2.227538149479E+002  7.364295283532E+003
  3.693766915309E-002  2.922974469831E+000 -2.182117747503E+002  7.226070286062E+003
  3.756597296732E-002  2.787288463585E+000 -2.137145831576E+002  7.089800779624E+003
  3.819996263183E-002  2.653211423022E+000 -2.092624691890E+002  6.955475895590E+003
  3.883965134583E-002  2.520762597114E+000 -2.048556402736E+002  6.823083795160E+003
  3.948505243923E-002  2.389960484136E+000 -2.004942830306E+002  6.692611721160E+003
  4.013617937323E-002  2.260822839016E+000 -1.961785640424E+002  6.564046049510E+003
  4.079304574093E-002  2.133366680704E+000 -1.919086306196E+002  6.437372340294E+003
  4.145566526792E-002  2.007608299519E+000 -1.876846115548E+002  6.312575388340E+003
  4.212405181296E-002  1.883563264486E+000 -1.835066178670E+002  6.189639273257E+003
  4.279821936853E-002  1.761246430614E+000 -1.793747435324E+002  6.068547408828E+003
  4.347818206155E-002  1.640671946132E+000 -1.752890662026E+002  5.949282591709E+003
  4.416395415396E-002  1.521853259654E+000 -1.712496479084E+002  5.831827049361E+003
  4.485555004336E-002  1.404803127262E+000 -1.672565357482E+002  5.716162487150E+003
  4.555298426375E-002  1.289533619506E+000 -1.633097625598E+002  5.602270134552E+003
  4.625627148608E-002  1.176056128298E+000 -1.594093475757E+002  5.490130790411E+003
  4.696542651902E-002  1.064381373705E+000 -1.555552970606E+002  5.379724867195E+003
  4.768046430958E-002  9.545194106255E-001 -1.517476049296E+002  5.271032434194E+003
  4.840139994379E-002  8.464796353468E-001 -1.479862533484E+002  5.164033259615E+003
  4.912824864743E-002  7.402707919766E-001 -1.442712133125E+002  5.058706851534E+003
  4.986102578670E-002  6.359009787472E-001 -1.406024452073E+002  4.955032497658E+003
  5.059974686895E-002  5.333776541866E-001 -1.369798993465E+002  4.852989303864E+003
  5.134442754336E-002  4.327076431577E-001 -1.334035164906E+002  4.752556231478E+003
  5.209508360169E-002  3.338971427619E-001 -1.298732283426E+002  4.653712133267E+003
  5.285173097899E-002  2.369517281104E-001 -1.263889580235E+002  4.556435788112E+003
  5.361438575437E-002  1.418763579605E-001 -1.229506205249E+002  4.460705934346E+003
  5.438306415168E-002  4.867538022325E-002 -1.195581231404E+002  4.366501301727E+003
  5.515778254035E-002 -4.264746265895E-002 -1.162113658746E+002  4.273800642037E+003
  5.593855743605E-002 -1.320890284575E-001 -1.129102418303E+002  4.182582758291E+003
  5.672540550155E-002 -2.196467700234E-001 -1.096546375739E+002  4.092826532545E+003
  5.751834354743E-002 -3.053187302670E-001 -1.064444334785E+002  4.004510952294E+003
  5.831738853289E-002 -3.891035372463E-001 -1.032795040457E+002  3.917615135458E+003
  5.912255756656E-002 -4.710003993572E-001 -1.001597182064E+002  3.832118353958E+003
  5.993386790726E-002 -5.510091006179E-001 -9.708493959946E+001  3.748000055880E+003
  6.075133696481E-002 -6.291299960395E-001 -9.405502683011E+001  3.665239886230E+003
  6.157498230090E-002 -7.053640070752E-001 -9.106983370803E+001  3.583817706292E+003
  6.240482162984E-002 -7.797126171381E-001 -8.812920946501E+001  3.503713611604E+003
  6.324087281946E-002 -8.521778671783E-001 -8.523299895314E+001  3.424907948550E+003
  6.408315389190E-002 -9.227623513105E-001 -8.238104282388E+001  3.347381329600E+003
  6.493168302447E-002 -9.914692124805E-001 -7.957317768857E+001  3.271114647208E+003
  6.578647855056E-002 -1.058302138161E+000 -7.680923626087E+001  3.196089086390E+003
  6.664755896041E-002 -1.123265356065E+000 -7.408904748179E+001  3.122286136005E+003
  6.751494290207E-002 -1.186363629869E+000 -7.141243662800E+001  3.049687598766E+003
  6.838864918226E-002 -1.247602254927E+000 -6.877922540390E+001  2.978275600006E+003
  6.926869676725E-002 -1.306987053979E+000 -6.618923201835E+001  2.908032595222E+003
  7.015510478375E-002 -1.364524372821E+000 -6.364227124657E+001  2.838941376450E+003
  7.104789251987E-002 -1.420221075946E+000 -6.113815447810E+001  2.770985077470E+003
  7.194707942599E-002 -1.474084542136E+000 -5.867668975146E+001  2.704147177902E+003
  7.285268511573E-002 -1.526122659987E+000 -5.625768177632E+001  2.638411506226E+003
  7.376472936684E-002 -1.576343823371E+000 -5.388093194394E+001  2.573762241739E+003
  7.468323212221E-002 -1.624756926810E+000 -5.154623832666E+001  2.510183915525E+003
  7.560821349078E-002 -1.671371360759E+000 -4.925339566723E+001  2.447661410441E+003
  7.653969374850E-002 -1.716197006787E+000 -4.700219535884E+001  2.386179960183E+003
  7.747769333938E-002 -1.759244232642E+000 -4.479242541653E+001  2.325725147465E+003
  7.842223287637E-002 -1.800523887193E+000 -4.262387044088E+001  2.266282901351E+003
  7.937333314243E-002 -1.840047295241E+000 -4.049631157480E+001  2.207839493787E+003
  8.033101509154E-002 -1.877826252186E+000 -3.840952645409E+001  2.150381535368E+003
  8.129529984966E-002 -1.913873018540E+000 -3.636328915270E+001  2.093895970395E+003
  8.226620871580E-002 -1.948200314290E+000 -3.435737012343E+001  2.038370071256E+003
  8.324376316303E-002 -1.980821313084E+000 -3.239153613475E+001  1.983791432179E+003
  8.422798483957E-002 -2.011749636248E+000 -3.046555020466E+001  1.930147962397E+003
  8.521889556978E-002 -2.040999346625E+000 -2.857917153229E+001  1.877427878776E+003
  8.621651735528E-002 -2.068584942216E+000 -2.673215542778E+001  1.825619697938E+003
  8.722087237602E-002 -2.094521349645E+000 -2.492425324155E+001  1.774712227938E+003
  8.823198299134E-002 -2.118823917409E+000 -2.315521229322E+001  1.724694559518E+003
  8.924987174107E-002 -2.141508408939E+000 -2.142477580119E+001  1.675556057003E+003
  9.027456134670E-002 -2.162590995450E+000 -1.973268281331E+001  1.627286348857E+003
  9.130607471240E-002 -2.182088248583E+000 -1.807866813946E+001  1.579875317962E+003
  9.234443492626E-002 -2.200017132833E+000 -1.646246228645E+001  1.533313091649E+003
  9.338966526132E-002 -2.216394997772E+000 -1.488379139599E+001  1.487590031514E+003
  9.444178917683E-002 -2.231239570046E+000 -1.334237718614E+001  1.442696723078E+003
  9.550083031933E-002 -2.244568945173E+000 -1.183793689691E+001  1.398623965310E+003
  9.656681252387E-002 -2.256401579110E+000 -1.037018324036E+001  1.355362760060E+003
  9.763975981519E-002 -2.266756279617E+000 -8.938824355752E+000  1.312904301429E+003
  9.871969640891E-002 -2.275652197409E+000 -7.543563770201E+000  1.271239965125E+003
  9.980664671274E-002 -2.283108817094E+000 -6.184100365159E+000  1.230361297822E+003
  1.009006353277E-001 -2.289145947904E+000 -4.860128349163E+000  1.190260006569E+003
  1.020016870494E-001 -2.293783714229E+000 -3.571337237178E+000  1.150927948261E+003
  1.031098268692E-001 -2.297042545945E+000 -2.317411836831E+000  1.112357119228E+003
  1.042250799756E-001 -2.298943168551E+000 -1.098032241824E+000  1.074539644946E+003
  1.053474717553E-001 -2.299506593114E+000  8.712616722533E-002  1.037467769905E+003
  1.064770277946E-001 -2.298754106035E+000  1.238392714307E+000  1.001133847669E+003
  1.076137738809E-001 -2.296707258634E+000  2.356101411719E+000  9.655303311366E+002
  1.087577360036E-001 -2.293387856567E+000  3.440590935800E+000  9.306497630322E+002
  1.099089403557E-001 -2.288817949084E+000  4.492204594564E+000  8.964847666527E+002
  1.110674133350E-001 -2.283019818125E+000  5.511290287163E+000  8.630280368799E+002
  1.122331815458E-001 -2.276015967276E+000  6.498200455107E+000  8.302723314848E+002
  1.134062717995E-001 -2.267829110589E+000  7.453292025220E+000  7.982104627359E+002
  1.145867111168E-001 -2.258482161274E+000  8.376926344331E+000  7.668352893276E+002
  1.157745267286E-001 -2.247998220266E+000  9.269469105733E+000  7.361397086437E+002
  1.169697460775E-001 -2.236400564699E+000  1.013129026746E+001  7.061166493659E+002
  1.181723968193E-001 -2.223712636269E+000  1.096276396249E+001  6.767590644397E+002
  1.193825068243E-001 -2.209958029519E+000  1.176426840094E+001  6.480599244066E+002
  1.206001041787E-001 -2.195160480048E+000  1.253618576442E+001  6.200122111096E+002
  1.218252171865E-001 -2.179343852656E+000  1.327890209274E+001  5.926089117794E+002
  1.230578743703E-001 -2.162532129430E+000  1.399280716308E+001  5.658430135069E+002
  1.242981044731E-001 -2.144749397805E+000  1.467829436188E+001  5.397074981036E+002
  1.255459364600E-001 -2.126019838579E+000  1.533576054962E+001  5.141953373549E+002
  1.268013995194E-001 -2.106367713925E+000  1.596560591887E+001  4.892994886662E+002
  1.280645230647E-001 -2.085817355390E+000  1.656823384570E+001  4.650128911023E+002
  1.293353367356E-001 -2.064393151909E+000  1.714405073483E+001  4.413284618178E+002
  1.306138704000E-001 -2.042119537830E+000  1.769346585885E+001  4.182390928786E+002
  1.319001541553E-001 -2.019020980978E+000  1.821689119170E+001  3.957376484681E+002
  1.331942183303E-001 -1.995121970763E+000  1.871474123690E+001  3.738169624767E+002
  1.344960934863E-001 -1.970447006341E+000  1.918743285069E+001  3.524698364664E+002
  1.358058104191E-001 -1.945020584844E+000  1.963538506062E+001  3.316890380061E+002
  1.371234001607E-001 -1.918867189692E+000  2.005901887975E+001  3.114672993695E+002
  1.384488939805E-001 -1.892011278996E+000  2.045875711701E+001  2.917973165877E+002
  1.397823233874E-001 -1.864477274061E+000  2.083502418398E+001  2.726717488472E+002
  1.411237201313E-001 -1.836289548012E+000  2.118824589849E+001  2.540832182239E+002
  1.424731162050E-001 -1.807472414536E+000  2.151884928548E+001  2.360243097433E+002
  1.438305438454E-001 -1.778050116767E+000  2.182726237541E+001  2.184875717548E+002
  1.451960355357E-001 -1.748046816312E+000  2.211391400075E+001  2.014655166097E+002
  1.465696240072E-001 -1.717486582447E+000  2.237923359077E+001  1.849506216293E+002
  1.479513422405E-001 -1.686393381462E+000  2.262365096519E+001  1.689353303527E+002
  1.493412234681E-001 -1.654791066196E+000  2.284759612691E+001  1.534120540491E+002
  1.507393011753E-001 -1.622703365756E+000  2.305149905441E+001  1.383731734825E+002
  1.521456091027E-001 -1.590153875428E+000  2.323578949399E+001  1.238110409152E+002
  1.535601812478E-001 -1.557166046788E+000  2.340089675236E+001  1.097179823353E+002
  1.549830518669E-001 -1.523763178034E+000  2.354724948996E+001  9.608629989485E+001
  1.564142554766E-001 -1.489968404530E+000  2.367527551526E+001  8.290827454397E+001
  1.578538268564E-001 -1.455804689573E+000  2.378540158055E+001  7.017616884656E+001
  1.593018010499E-001 -1.421294815401E+000  2.387805317942E+001  5.788222996312E+001
  1.607582133673E-001 -1.386461374433E+000  2.395365434640E+001  4.601869278618E+001
  1.622230993867E-001 -1.351326760757E+000  2.401262745901E+001  3.457778321378E+001
  1.636964949568E-001 -1.315913161868E+000  2.405539304255E+001  2.355172154656E+001
  1.651784361984E-001 -1.280242550655E+000  2.408236957796E+001  1.293272599419E+001
  1.666689595063E-001 -1.244336677659E+000  2.409397331304E+001  2.713016276851E+000
  1.681681015517E-001 -1.208217063578E+000  2.409061807730E+001 -7.115182692162E+000
  1.696758992842E-001 -1.171904992054E+000  2.407271510069E+001 -1.655963705651E+001
  1.711923899335E-001 -1.135421502716E+000  2.404067283654E+001 -2.562810021318E+001
  1.727176110118E-001 -1.098787384506E+000  2.399489678887E+001 -3.432830896825E+001
  1.742516003158E-001 -1.062023169267E+000  2.393578934430E+001 -4.266797966518E+001
  1.757943959287E-001 -1.025149125616E+000  2.386374960888E+001 -5.065480429800E+001
  1.773460362227E-001 -9.881852530869E-001  2.377917324986E+001 -5.829644662187E+001
  1.789065598608E-001 -9.511512765499E-001  2.368245234275E+001 -6.560053827254E+001
  1.804760057990E-001 -9.140666409116E-001  2.357397522372E+001 -7.257467490642E+001
  1.820544132889E-001 -8.769505060867E-001  2.345412634756E+001 -7.922641237201E+001
  1.836418218792E-001 -8.398217422472E-001  2.332328615130E+001 -8.556326292330E+001
  1.852382714189E-001 -8.026989253447E-001  2.318183092359E+001 -9.159269148517E+001
  1.868438020586E-001 -7.656003329062E-001  2.303013268000E+001 -9.732211198038E+001
  1.884584542535E-001 -7.285439400987E-001  2.286855904433E+001 -1.027588837271E+002
  1.900822687655E-001 -6.915474160631E-001  2.269747313587E+001 -1.079103079156E+002
  1.917152866652E-001 -6.546281205126E-001  2.251723346285E+001 -1.127836241722E+002
  1.933575493349E-001 -6.178031005930E-001  2.232819382207E+001 -1.173860072179E+002
  1.950090984705E-001 -5.810890880018E-001  2.213070320457E+001 -1.217245636285E+002
  1.966699760840E-001 -5.445024963618E-001  2.192510570764E+001 -1.258063287033E+002
  1.983402245061E-001 -5.080594188452E-001  2.171174045296E+001 -1.296382634469E+002
  2.000198863884E-001 -4.717756260445E-001  2.149094151089E+001 -1.332272516718E+002
  2.017090047061E-001 -4.356665640837E-001  2.126303783095E+001 -1.365800972238E+002
  2.034076227605E-001 -3.997473529676E-001  2.102835317841E+001 -1.397035213367E+002
  2.051157841813E-001 -3.640327851614E-001  2.078720607688E+001 -1.426041601199E+002
  2.068335329293E-001 -3.285373243973E-001  2.053990975700E+001 -1.452885621802E+002
  2.085609132993E-001 -2.932751047007E-001  2.028677211090E+001 -1.477631863837E+002
  2.102979699219E-001 -2.582599296321E-001  2.002809565262E+001 -1.500343997570E+002
  2.120447477670E-001 -2.235052717379E-001  1.976417748419E+001 -1.521084755322E+002
  2.138012921459E-001 -1.890242722035E-001  1.949530926734E+001 -1.539915913347E+002
  2.155676487143E-001 -1.548297407039E-001  1.922177720073E+001 -1.556898275162E+002
  2.173438634747E-001 -1.209341554445E-001  1.894386200256E+001 -1.572091656331E+002
  2.191299827795E-001 -8.734966338658E-002  1.866183889840E+001 -1.585554870696E+002
  2.209260533334E-001 -5.408808065022E-002  1.837597761419E+001 -1.597345718053E+002
  2.227321221965E-001 -2.116089308897E-002  1.808654237414E+001 -1.607520973276E+002
  2.245482367870E-001  1.142074297043E-002  1.779379190343E+001 -1.616136376858E+002
  2.263744448840E-001  4.364599982985E-002  1.749797943563E+001 -1.623246626866E+002
  2.282107946304E-001  7.550437736928E-002  1.719935272453E+001 -1.628905372289E+002
  2.300573345358E-001  1.069857018508E-001  1.689815406031E+001 -1.633165207753E+002
  2.319141134796E-001  1.380801245830E-001  1.659462028984E+001 -1.636077669582E+002
  2.337811807137E-001  1.687781204528E-001  1.628898284098E+001 -1.637693233168E+002
  2.356585858657E-001  1.990704863297E-001  1.598146775063E+001 -1.638061311633E+002
  2.375463789419E-001  2.289483393506E-001  1.567229569638E+001 -1.637230255733E+002
  2.394446103301E-001  2.584031150892E-001  1.536168203161E+001 -1.635247354979E+002
  2.413533308032E-001  2.874265656175E-001  1.504983682385E+001 -1.632158839938E+002
  2.432725915217E-001  3.160107574642E-001  1.473696489613E+001 -1.628009885660E+002
  2.452024440374E-001  3.441480694765E-001  1.442326587128E+001 -1.622844616206E+002
  2.471429402963E-001  3.718311905903E-001  1.410893421887E+001 -1.616706110227E+002
  2.490941326418E-001  3.990531175151E-001  1.379415930467E+001 -1.609636407543E+002
  2.510560738180E-001  4.258071523374E-001  1.347912544248E+001 -1.601676516690E+002
  2.530288169732E-001  4.520869000493E-001  1.316401194806E+001 -1.592866423373E+002
  2.550124156627E-001  4.778862660059E-001  1.284899319511E+001 -1.583245099789E+002
  2.570069238527E-001  5.031994533177E-001  1.253423867293E+001 -1.572850514768E+002
  2.590123959233E-001  5.280209601811E-001  1.221991304587E+001 -1.561719644682E+002
  2.610288866721E-001  5.523455771520E-001  1.190617621417E+001 -1.549888485077E+002
  2.630564513176E-001  5.761683843669E-001  1.159318337608E+001 -1.537392062972E+002
  2.650951455027E-001  5.994847487155E-001  1.128108509122E+001 -1.524264449787E+002
  2.671450252982E-001  6.222903209681E-001  1.097002734487E+001 -1.510538774844E+002
  2.692061472063E-001  6.445810328613E-001  1.066015161317E+001 -1.496247239387E+002
  2.712785681644E-001  6.663530941466E-001  1.035159492897E+001 -1.481421131095E+002
  2.733623455485E-001  6.876029896032E-001  1.004448994829E+001 -1.466090839010E+002
  2.754575371771E-001  7.083274760200E-001  9.738965017220E+000 -1.450285868866E+002
  2.775642013146E-001  7.285235791475E-001  9.435144239150E+000 -1.434034858742E+002
  2.796823966754E-001  7.481885906241E-001  9.133147542149E+000 -1.417365595027E+002
  2.818121824272E-001  7.673200648777E-001  8.833090746469E+000 -1.400305028620E+002
  2.839536181956E-001  7.859158160056E-001  8.535085631999E+000 -1.382879291349E+002
  2.861067640671E-001  8.039739146347E-001  8.239240005604E+000 -1.365113712560E+002
  2.882716805935E-001  8.214926847629E-001  7.945657768219E+000 -1.347032835827E+002
  2.904484287958E-001  8.384707005845E-001  7.654438981650E+000 -1.328660435759E+002
  2.926370701682E-001  8.549067833010E-001  7.365679934953E+000 -1.310019534852E+002
  2.948376666818E-001  8.707999979165E-001  7.079473210353E+000 -1.291132420373E+002
  2.970502807892E-001  8.861496500224E-001  6.795907748604E+000 -1.272020661210E+002
  2.992749754281E-001  9.009552825693E-001  6.515068913743E+000 -1.252705124689E+002
  3.015118140259E-001  9.152166726275E-001  6.237038557159E+000 -1.233205993305E+002
  3.037608605035E-001  9.289338281389E-001  5.961895080950E+000 -1.213542781346E+002
  3.060221792797E-001  9.421069846575E-001  5.689713500495E+000 -1.193734351381E+002
  3.082958352758E-001  9.547366020817E-001  5.420565506212E+000 -1.173798930590E+002
  3.105818939192E-001  9.668233613770E-001  5.154519524466E+000 -1.153754126909E+002
  3.128804211487E-001  9.783681612901E-001  4.891640777595E+000 -1.133616944965E+002
  3.151914834180E-001  9.893721150540E-001  4.631991343020E+000 -1.113403801789E+002
  3.175151477009E-001  9.998365470848E-001  4.375630211436E+000 -1.093130542273E+002
  3.198514814953E-001  1.009762989669E+000  4.122613344047E+000 -1.072812454379E+002
  3.222005528283E-001  1.019153179641E+000  3.872993728860E+000 -1.052464284055E+002
  3.245624302601E-001  1.028009055054E+000  3.626821436002E+000 -1.032100249863E+002
  3.269371828894E-001  1.036332751840E+000  3.384143672083E+000 -1.011734057307E+002
  3.293248803576E-001  1.044126600453E+000  3.145004833596E+000 -9.913789128358E+001
  3.317255928537E-001  1.051393122517E+000  2.909446559361E+000 -9.710475375282E+001
  3.341393911192E-001  1.058135027447E+000  2.677507782022E+000 -9.507521804425E+001
  3.365663464529E-001  1.064355209070E+000  2.449224778612E+000 -9.305046316265E+001
  3.390065307159E-001  1.070056742226E+000  2.224631220206E+000 -9.103162347840E+001
  3.414600163363E-001  1.075242879363E+000  2.003758220670E+000 -8.901978995938E+001
  3.439268763145E-001  1.079917047117E+000  1.786634384541E+000 -8.701601136783E+001
  3.464071842282E-001  1.084082842877E+000  1.573285854055E+000 -8.502129542208E+001
  3.489010142374E-001  1.087744031339E+000  1.363736355350E+000 -8.303660992329E+001
  3.514084410898E-001  1.090904541043E+000  1.158007243872E+000 -8.106288384705E+001
  3.539295401259E-001  1.093568460897E+000  9.561175490278E-001 -7.910100840037E+001
  3.564643872842E-001  1.095740036686E+000  7.580840180884E-001 -7.715183804414E+001
  3.590130591069E-001  1.097423667569E+000  5.639211594080E-001 -7.521619148168E+001
  3.615756327448E-001  1.098623902549E+000  3.736412849704E-001 -7.329485261365E+001
  3.641521859632E-001  1.099345436943E+000  1.872545523096E-001 -7.138857146023E+001
  3.667427971473E-001  1.099593108821E+000  4.769005835959E-003 -6.949806505088E+001
  3.693475453076E-001  1.099371895441E+000 -1.738093823941E-001 -6.762401828265E+001
  3.719665100860E-001  1.098686909659E+000 -3.484766724282E-001 -6.576708474781E+001
  3.745997717609E-001  1.097543396328E+000 -5.192309166516E-001 -6.392788753152E+001
  3.772474112534E-001  1.095946728676E+000 -6.860721204674E-001 -6.210701998056E+001
  3.799095101331E-001  1.093902404675E+000 -8.490022033870E-001 -6.030504644405E+001
  3.825861506238E-001  1.091416043386E+000 -1.008024960495E+000 -5.852250298711E+001
  3.852774156096E-001  1.088493381296E+000 -1.163146024254E+000 -5.675989807847E+001
  3.879833886411E-001  1.085140268632E+000 -1.314372826612E+000 -5.501771325310E+001
  3.907041539409E-001  1.081362665673E+000 -1.461714561385E+000 -5.329640375098E+001
  3.934397964105E-001  1.077166639032E+000 -1.605182146874E+000 -5.159639913297E+001
  3.961904016361E-001  1.072558357936E+000 -1.744788188695E+000 -4.991810387495E+001
  3.989560558949E-001  1.067544090493E+000 -1.880546942780E+000 -4.826189794136E+001
  4.017368461617E-001  1.062130199939E+000 -2.012474278534E+000 -4.662813733917E+001
  4.045328601149E-001  1.056323140887E+000 -2.140587642111E+000 -4.501715465350E+001
  4.073441861437E-001  1.050129455554E+000 -2.264906019787E+000 -4.342925956577E+001
  4.101709133538E-001  1.043555769987E+000 -2.385449901406E+000 -4.186473935577E+001
  4.130131315750E-001  1.036608790278E+000 -2.502241243883E+000 -4.032385938844E+001
  4.158709313670E-001  1.029295298777E+000 -2.615303434726E+000 -3.880686358661E+001
  4.187444040269E-001  1.021622150297E+000 -2.724661255586E+000 -3.731397489066E+001
  4.216336415958E-001  1.013596268313E+000 -2.830340845792E+000 -3.584539570602E+001
  4.245387368658E-001  1.005224641168E+000 -2.932369665876E+000 -3.440130833974E+001
  4.274597833869E-001  9.965143182700E-001 -3.030776461062E+000 -3.298187542682E+001
  4.303968754741E-001  9.874724062968E-001 -3.125591224719E+000 -3.158724034740E+001
  4.333501082151E-001  9.781060653991E-001 -3.216845161764E+000 -3.021752763559E+001
  4.363195774768E-001  9.684225054126E-001 -3.304570652008E+000 -2.887284338088E+001
  4.393053799131E-001  9.584289820756E-001 -3.388801213443E+000 -2.755327562291E+001
  4.423076129724E-001  9.481327932550E-001 -3.469571465468E+000 -2.625889474036E+001
  4.453263749047E-001  9.375412751840E-001 -3.546917092046E+000 -2.498975383472E+001
  4.483617647698E-001  9.266617987122E-001 -3.620874804808E+000 -2.374588910967E+001
  4.514138824444E-001  9.155017655709E-001 -3.691482306094E+000 -2.252732024658E+001
  4.544828286302E-001  9.040686046556E-001 -3.758778251935E+000 -2.133405077702E+001
  4.575687048617E-001  8.923697683267E-001 -3.822802214996E+000 -2.016606845251E+001
  4.606716135142E-001  8.804127287329E-001 -3.883594647478E+000 -1.902334561231E+001
  4.637916578118E-001  8.682049741573E-001 -3.941196843988E+000 -1.790583954957E+001
  4.669289418353E-001  8.557540053893E-001 -3.995650904399E+000 -1.681349287637E+001
  4.700835705309E-001  8.430673321244E-001 -4.046999696695E+000 -1.574623388797E+001
  4.732556497182E-001  8.301524693945E-001 -4.095286819844E+000 -1.470397692671E+001
  4.764452860985E-001  8.170169340302E-001 -4.140556566679E+000 -1.368662274576E+001
  4.796525872639E-001  8.036682411579E-001 -4.182853886838E+000 -1.269405887307E+001
  4.828776617050E-001  7.901139007335E-001 -4.222224349763E+000 -1.172615997576E+001
  4.861206188205E-001  7.763614141153E-001 -4.258714107776E+000 -1.078278822506E+001
  4.893815689254E-001  7.624182706780E-001 -4.292369859265E+000 -9.863793661970E+000
  4.926606232602E-001  7.482919444702E-001 -4.323238811994E+000 -8.969014563853E+000
  4.959578939999E-001  7.339898909170E-001 -4.351368646557E+000 -8.098277811856E+000
  4.992734942630E-001  7.195195435703E-001 -4.376807480008E+000 -7.251399259354E+000
  5.026075381207E-001  7.048883109092E-001 -4.399603829680E+000 -6.428184101343E+000
  5.059601406064E-001  6.901035731912E-001 -4.419806577227E+000 -5.628427244769E+000
  5.093314177250E-001  6.751726793577E-001 -4.437464932911E+000 -4.851913679745E+000
  5.127214864626E-001  6.601029439944E-001 -4.452628400157E+000 -4.098418851558E+000
  5.161304647959E-001  6.449016443499E-001 -4.465346740399E+000 -3.367709033352E+000
  5.195584717022E-001  6.295760174123E-001 -4.475669938262E+000 -2.659541699355E+000
  5.230056271692E-001  6.141332570479E-001 -4.483648167069E+000 -1.973665898466E+000
  5.264720522050E-001  5.985805112016E-001 -4.489331754745E+000 -1.309822628035E+000
  5.299578688483E-001  5.829248791621E-001 -4.492771150103E+000 -6.677452076077E-001
  5.334632001783E-001  5.671734088919E-001 -4.494016889565E+000 -4.715965242068E-002
  5.369881703256E-001  5.513330944254E-001 -4.493119564328E+000  5.522149536067E-001
  5.405329044823E-001  5.354108733351E-001 -4.490129788015E+000  1.130666085643E+000
  5.440975289128E-001  5.194136242672E-001 -4.485098164815E+000  1.688487406750E+000
  5.476821709641E-001  5.033481645484E-001 -4.478075258162E+000  2.225978398022E+000
  5.512869590774E-001  4.872212478654E-001 -4.469111559955E+000  2.743443990334E+000
  5.549120227985E-001  4.710395620162E-001 -4.458257460354E+000  3.241194198037E+000
  5.585574927889E-001  4.548097267365E-001 -4.445563218173E+000  3.719543754885E+000
  5.622235008375E-001  4.385382916002E-001 -4.431078931889E+000  4.178811752534E+000
  5.659101798716E-001  4.222317339959E-001 -4.414854511294E+000  4.619321281926E+000
  5.696176639685E-001  4.058964571794E-001 -4.396939649799E+000  5.041399077896E+000
  5.733460883672E-001  3.895387884030E-001 -4.377383797428E+000  5.445375167308E+000
  5.770955894803E-001  3.731649771217E-001 -4.356236134495E+000  5.831582521075E+000
  5.808663049055E-001  3.567811932773E-001 -4.333545546013E+000  6.200356710370E+000
  5.846583734383E-001  3.403935256601E-001 -4.309360596816E+000  6.552035567351E+000
  5.884719350837E-001  3.240079803482E-001 -4.283729507443E+000  6.886958850735E+000
  5.923071310690E-001  3.076304792256E-001 -4.256700130773E+000  7.205467916506E+000
  5.961641038558E-001  2.912668585770E-001 -4.228319929437E+000  7.507905394092E+000
  6.000429971532E-001  2.749228677616E-001 -4.198635954018E+000  7.794614868294E+000
  6.039439559304E-001  2.586041679635E-001 -4.167694822042E+000  8.065940567251E+000
  6.078671264295E-001  2.423163310196E-001 -4.135542697782E+000  8.322227056742E+000
  6.118126561791E-001  2.260648383245E-001 -4.102225272867E+000  8.563818941072E+000
  6.157806940069E-001  2.098550798116E-001 -4.067787747721E+000  8.791060570814E+000
  6.197713900541E-001  1.936923530092E-001 -4.032274813824E+000  9.004295757652E+000
  6.237848957880E-001  1.775818621726E-001 -3.995730636802E+000  9.203867496548E+000
  6.278213640166E-001  1.615287174896E-001 -3.958198840361E+000  9.390117695467E+000
  6.318809489022E-001  1.455379343594E-001 -3.919722491045E+000  9.563386912856E+000
  6.359638059756E-001  1.296144327443E-001 -3.880344083839E+000  9.724014103066E+000
  6.400700921502E-001  1.137630365920E-001 -3.840105528609E+000  9.872336369910E+000
  6.441999657370E-001  9.798847332921E-002 -3.799048137371E+000  1.000868872849E+001
  6.483535864586E-001  8.229537342315E-002 -3.757212612400E+000  1.013340387547E+001
  6.525311154647E-001  6.668827001177E-002 -3.714639035156E+000  1.024681196790E+001
  6.567327153465E-001  5.117159860004E-002 -3.671366856045E+000  1.034924041070E+001
  6.609585501525E-001  3.574969682165E-002 -3.627434884983E+000  1.044101365294E+001
  6.652087854034E-001  2.042680426427E-002 -3.582881282780E+000  1.052245299297E+001
  6.694835881080E-001  5.207062357217E-003 -3.537743553315E+000  1.059387639242E+001
  6.737831267789E-001 -9.905485680242E-003 -3.492058536501E+000  1.065559829923E+001
  6.781075714485E-001 -2.490689483142E-002 -3.445862402037E+000  1.070792947961E+001
  6.824570936852E-001 -3.979331821723E-002 -3.399190643916E+000  1.075117685908E+001
  6.868318666096E-001 -5.456100697535E-002 -3.352078075696E+000  1.078564337247E+001
  6.912320649114E-001 -6.920631008523E-002 -3.304558826506E+000  1.081162782290E+001
  6.956578648660E-001 -8.372567414077E-002 -3.256666337783E+000  1.082942474982E+001
  7.001094443516E-001 -9.811564307229E-002 -3.208433360711E+000  1.083932430587E+001
  7.045869828664E-001 -1.123728578197E-001 -3.159891954369E+000  1.084161214264E+001
  7.090906615461E-001 -1.264940559586E-001 -3.111073484537E+000  1.083656930524E+001
  7.136206631812E-001 -1.404760712814E-001 -3.062008623182E+000  1.082447213551E+001
  7.181771722357E-001 -1.543158333347E-001 -3.012727348573E+000  1.080559218385E+001
  7.227603748644E-001 -1.680103669156E-001 -2.963258946019E+000  1.078019612959E+001
  7.273704589315E-001 -1.815567915282E-001 -2.913632009217E+000  1.074854570958E+001
  7.320076140295E-001 -1.949523208024E-001 -2.863874442182E+000  1.071089765513E+001
  7.366720314977E-001 -2.081942618766E-001 -2.814013461733E+000  1.066750363692E+001
  7.413639044413E-001 -2.212800147469E-001 -2.764075600528E+000  1.061861021785E+001
  7.460834277508E-001 -2.342070715836E-001 -2.714086710624E+000  1.056445881360E+001
  7.508307981215E-001 -2.469730160177E-001 -2.664071967524E+000  1.050528566076E+001
  7.556062140732E-001 -2.595755223987E-001 -2.614055874717E+000  1.044132179227E+001
  7.604098759705E-001 -2.720123550258E-001 -2.564062268661E+000  1.037279302011E+001
  7.652419860431E-001 -2.842813673543E-001 -2.514114324213E+000  1.029991992480E+001
  7.701027484060E-001 -2.963805011787E-001 -2.464234560460E+000  1.022291785179E+001
  7.749923690810E-001 -3.083077857941E-001 -2.414444846949E+000  1.014199691425E+001
  7.799110560171E-001 -3.200613371388E-001 -2.364766410280E+000  1.005736200220E+001
  7.848590191124E-001 -3.316393569179E-001 -2.315219841042E+000  9.969212797713E+000
  7.898364702358E-001 -3.430401317109E-001 -2.265825101084E+000  9.877743795917E+000
  7.948436232486E-001 -3.542620320642E-001 -2.216601531075E+000  9.783144331576E+000
  7.998806940270E-001 -3.653035115710E-001 -2.167567858351E+000  9.685598611041E+000
  8.049479004846E-001 -3.761631059386E-001 -2.118742205022E+000  9.585285749275E+000
  8.100454625952E-001 -3.868394320458E-001 -2.070142096309E+000  9.482379811737E+000
  8.151736024160E-001 -3.973311869914E-001 -2.021784469104E+000  9.377049860866E+000
  8.203325441110E-001 -4.076371471353E-001 -1.973685680724E+000  9.269460006909E+000
  8.255225139746E-001 -4.177561671328E-001 -1.925861517839E+000  9.159769462859E+000
  8.307437404560E-001 -4.276871789646E-001 -1.878327205556E+000  9.048132603239E+000
  8.359964541833E-001 -4.374291909628E-001 -1.831097416639E+000  8.934699026492E+000
  8.412808879885E-001 -4.469812868339E-001 -1.784186280846E+000  8.819613620724E+000
  8.465972769320E-001 -4.563426246812E-001 -1.737607394364E+000  8.703016632564E+000
  8.519458583285E-001 -4.655124360257E-001 -1.691373829324E+000  8.585043738883E+000
  8.573268717726E-001 -4.744900248281E-001 -1.645498143383E+000  8.465826121154E+000
  8.627405591648E-001 -4.832747665121E-001 -1.599992389343E+000  8.345490542196E+000
  8.681871647376E-001 -4.918661069900E-001 -1.554868124807E+000  8.224159425079E+000
  8.736669350829E-001 -5.002635616912E-001 -1.510136421849E+000  8.101950933971E+000
  8.791801191785E-001 -5.084667145949E-001 -1.465807876679E+000  7.978979056676E+000
  8.847269684160E-001 -5.164752172666E-001 -1.421892619293E+000  7.855353688686E+000
  8.903077366283E-001 -5.242887879010E-001 -1.378400323095E+000  7.731180718489E+000
  8.959226801184E-001 -5.319072103689E-001 -1.335340214477E+000  7.606562113961E+000
  9.015720576873E-001 -5.393303332722E-001 -1.292721082341E+000  7.481596009624E+000
  9.072561306635E-001 -5.465580690037E-001 -1.250551287553E+000  7.356376794577E+000
  9.129751629322E-001 -5.535903928155E-001 -1.208838772328E+000  7.230995200914E+000
  9.187294209652E-001 -5.604273418938E-001 -1.167591069511E+000  7.105538392444E+000
  9.245191738511E-001 -5.670690144423E-001 -1.126815311775E+000  6.980090053547E+000
  9.303446933257E-001 -5.735155687721E-001 -1.086518240699E+000  6.854730477984E+000
  9.362062538036E-001 -5.797672224016E-001 -1.046706215739E+000  6.729536657511E+000
  9.421041324088E-001 -5.858242511630E-001 -1.007385223072E+000  6.604582370147E+000
  9.480386090075E-001 -5.916869883179E-001 -9.685608843043E-001  6.479938267934E+000
  9.540099662399E-001 -5.973558236812E-001 -9.302384650540E-001  6.355671964076E+000
  9.600184895530E-001 -6.028312027533E-001 -8.924228833785E-001  6.231848119298E+000
  9.660644672342E-001 -6.081136258605E-001 -8.551187180626E-001  6.108528527334E+000
  9.721481904447E-001 -6.132036473034E-001 -8.183302167497E-001  5.985772199395E+000
  9.782699532537E-001 -6.181018745144E-001 -7.820613039190E-001  5.863635447541E+000
  9.844300526731E-001 -6.228089672211E-001 -7.463155887021E-001  5.742171966842E+000
  9.906287886927E-001 -6.273256366197E-001 -7.110963725384E-001  5.621432916229E+000
  9.968664643158E-001 -6.316526445541E-001 -6.764066566655E-001  5.501466997968E+000
  1.003143385595E+000 -6.357908027028E-001 -6.422491494454E-001  5.382320535674E+000
  1.009459861670E+000 -6.397409717728E-001 -6.086262735226E-001  5.264037550782E+000
  1.015816204803E+000 -6.435040606997E-001 -5.755401728175E-001  5.146659837435E+000
  1.022212730417E+000 -6.470810258539E-001 -5.429927193508E-001  5.030227035717E+000
  1.028649757135E+000 -6.504728702533E-001 -5.109855199036E-001  4.914776703189E+000
  1.035127606818E+000 -6.536806427802E-001 -4.795199225115E-001  4.800344384686E+000
  1.041646604604E+000 -6.567054374044E-001 -4.485970227955E-001  4.686963680341E+000
  1.048207078948E+000 -6.595483924099E-001 -4.182176701309E-001  4.574666311803E+000
  1.054809361664E+000 -6.622106896262E-001 -3.883824736571E-001  4.463482186634E+000
  1.061453787962E+000 -6.646935536630E-001 -3.590918081309E-001  4.353439460861E+000
  1.068140696494E+000 -6.669982511485E-001 -3.303458196255E-001  4.244564599680E+000
  1.074870429395E+000 -6.691260899694E-001 -3.021444310801E-001  4.136882436299E+000
  1.081643332322E+000 -6.710784185146E-001 -2.744873477017E-001  4.030416228927E+000
  1.088459754505E+000 -6.728566249194E-001 -2.473740622247E-001  3.925187715913E+000
  1.095320048782E+000 -6.744621363114E-001 -2.208038600323E-001  3.821217169037E+000
  1.102224571653E+000 -6.758964180576E-001 -1.947758241424E-001  3.718523444989E+000
  1.109173683316E+000 -6.771609730114E-001 -1.692888400652E-001  3.617124035025E+000
  1.116167747721E+000 -6.782573407595E-001 -1.443416005344E-001  3.517035112849E+000
  1.123207132611E+000 -6.791870968682E-001 -1.199326101197E-001  3.418271580737E+000
  1.130292209573E+000 -6.799518521294E-001 -9.606018972314E-002  3.320847113932E+000
  1.137423354084E+000 -6.805532518040E-001 -7.272248096622E-002  3.224774203347E+000
  1.144600945560E+000 -6.809929748644E-001 -4.991745047185E-002  3.130064196618E+000
  1.151825367405E+000 -6.812727332346E-001 -2.764289404710E-002  3.036727337527E+000
  1.159097007063E+000 -6.813942710271E-001 -5.896440771623E-003  2.944772803868E+000
  1.166416256069E+000 -6.813593637774E-001  1.532444300270E-002  2.854208743770E+000
  1.173783510095E+000 -6.811698176754E-001  3.602244973573E-002  2.765042310544E+000
  1.181199169012E+000 -6.808274687922E-001  5.620042686127E-002  2.677279696086E+000
  1.188663636935E+000 -6.803341823042E-001  7.586137302235E-002  2.590926162903E+000
  1.196177322279E+000 -6.796918517117E-001  9.500843437433E-002  2.505986074799E+000
  1.203740637818E+000 -6.789023980545E-001  1.136449009508E-001  2.422462926277E+000
  1.211354000735E+000 -6.779677691215E-001  1.317742030871E-001  2.340359370707E+000
  1.219017832681E+000 -6.768899386564E-001  1.493999078971E-001  2.259677247323E+000
  1.226732559833E+000 -6.756709055576E-001  1.665257157976E-001  2.180417607092E+000
  1.234498612950E+000 -6.743126930738E-001  1.831554570765E-001  2.102580737506E+000
  1.242316427433E+000 -6.728173479939E-001  1.992930885000E-001  2.026166186370E+000
  1.250186443388E+000 -6.711869398313E-001  2.149426899544E-001  1.951172784612E+000
  1.258109105679E+000 -6.694235600031E-001  2.301084611186E-001  1.877598668192E+000
  1.266084863999E+000 -6.675293210041E-001  2.447947181632E-001  1.805441299153E+000
  1.274114172926E+000 -6.655063555753E-001  2.590058904724E-001  1.734697485855E+000
  1.282197491990E+000 -6.633568158667E-001  2.727465173857E-001  1.665363402467E+000
  1.290335285734E+000 -6.610828725951E-001  2.860212449549E-001  1.597434607747E+000
  1.298528023786E+000 -6.586867141968E-001  2.988348227148E-001  1.530906063165E+000
  1.306776180919E+000 -6.561705459755E-001  3.111921004634E-001  1.465772150419E+000
  1.315080237120E+000 -6.535365892442E-001  3.230980250499E-001  1.402026688385E+000
  1.323440677664E+000 -6.507870804641E-001  3.345576371671E-001  1.339662949555E+000
  1.331857993175E+000 -6.479242703775E-001  3.455760681472E-001  1.278673675995E+000
  1.340332679704E+000 -6.449504231373E-001  3.561585367583E-001  1.219051094868E+000
  1.348865238797E+000 -6.418678154324E-001  3.663103459990E-001  1.160786933571E+000
  1.357456177571E+000 -6.386787356094E-001  3.760368798924E-001  1.103872434509E+000
  1.366106008782E+000 -6.353854827907E-001  3.853436002746E-001  1.048298369552E+000
  1.374815250909E+000 -6.319903659902E-001  3.942360435797E-001  9.940550542093E-001
  1.383584428224E+000 -6.284957032256E-001  4.027198176187E-001  9.411323615465E-001
  1.392414070872E+000 -6.249038206293E-001  4.108005983531E-001  8.895197358856E-001
  1.401304714948E+000 -6.212170515567E-001  4.184841266610E-001  8.392062063074E-001
  1.410256902580E+000 -6.174377356940E-001  4.257762050978E-001  7.901803999877E-001
  1.419271182008E+000 -6.135682181638E-001  4.326826946499E-001  7.424305553911E-001
  1.428348107668E+000 -6.096108486318E-001  4.392095114823E-001  6.959445353446E-001
  1.437488240275E+000 -6.055679804120E-001  4.453626236810E-001  6.507098400111E-001
  1.446692146911E+000 -6.014419695737E-001  4.511480479902E-001  6.067136197818E-001
  1.455960401104E+000 -5.972351740487E-001  4.565718465454E-001  5.639426881043E-001
  1.465293582927E+000 -5.929499527402E-001  4.616401236037E-001  5.223835342611E-001
  1.474692279079E+000 -5.885886646344E-001  4.663590222729E-001  4.820223361109E-001
  1.484157082978E+000 -5.841536679137E-001  4.707347212388E-001  4.428449728043E-001
  1.493688594856E+000 -5.796473190741E-001  4.747734314957E-001  4.048370374829E-001
  1.503287421848E+000 -5.750719720457E-001  4.784813930780E-001  3.679838499695E-001
  1.512954178094E+000 -5.704299773178E-001  4.818648717981E-001  3.322704694549E-001
  1.522689484827E+000 -5.657236810689E-001  4.849301559897E-001  2.976817071857E-001
  1.532493970480E+000 -5.609554243020E-001  4.876835532603E-001  2.642021391565E-001
  1.542368270780E+000 -5.561275419861E-001  4.901313872554E-001  2.318161188058E-001
  1.552313028853E+000 -5.512423622041E-001  4.922799944344E-001  2.005077897180E-001
  1.562328895326E+000 -5.463022053081E-001  4.941357208632E-001  1.702610983269E-001
  1.572416528431E+000 -5.413093830820E-001  4.957049190238E-001  1.410598066209E-001
  1.582576594115E+000 -5.362661979132E-001  4.969939446453E-001  1.128875048431E-001
  1.592809766145E+000 -5.311749419719E-001  4.980091535566E-001  8.572762418334E-002
  1.603116726218E+000 -5.260378964012E-001  4.987568985652E-001  5.956344945377E-002
  1.613498164078E+000 -5.208573305156E-001  4.992435263640E-001  3.437813174309E-002
  1.623954777622E+000 -5.156355010115E-001  4.994753744684E-001  1.015470103932E-002
  1.634487273025E+000 -5.103746511870E-001  4.994587681870E-001 -1.312392118660E-002
  1.645096364848E+000 -5.050770101745E-001  4.992000176273E-001 -3.547490944645E-002
  1.655782776168E+000 -4.997447921847E-001  4.987054147407E-001 -5.691552175979E-002
  1.666547238688E+000 -4.943801957623E-001  4.979812304081E-001 -7.746308724929E-002
  1.677390492873E+000 -4.889854030562E-001  4.970337115685E-001 -9.713499381756E-002
  1.688313288066E+000 -4.835625791009E-001  4.958690783942E-001 -1.159486759174E-001
  1.699316382620E+000 -4.781138711133E-001  4.944935215144E-001 -1.339216024275E-001
  1.710400544029E+000 -4.726414078028E-001  4.929131992888E-001 -1.510712646454E-001
  1.721566549058E+000 -4.671472986960E-001  4.911342351352E-001 -1.674151644111E-001
  1.732815183877E+000 -4.616336334758E-001  4.891627149121E-001 -1.829708023737E-001
  1.744147244202E+000 -4.561024813369E-001  4.870046843586E-001 -1.977556664123E-001
  1.755563535430E+000 -4.505558903552E-001  4.846661465941E-001 -2.117872202267E-001
  1.767064872781E+000 -4.449958868740E-001  4.821530596796E-001 -2.250828921072E-001
  1.778652081442E+000 -4.394244749063E-001  4.794713342426E-001 -2.376600638984E-001
  1.790325996715E+000 -4.338436355526E-001  4.766268311663E-001 -2.495360601678E-001
  1.802087464166E+000 -4.282553264360E-001  4.736253593470E-001 -2.607281375915E-001
  1.813937339772E+000 -4.226614811540E-001  4.704726735190E-001 -2.712534745688E-001
  1.825876490081E+000 -4.170640087465E-001  4.671744721497E-001 -2.811291610764E-001
  1.837905792365E+000 -4.114647931819E-001  4.637363954054E-001 -2.903721887738E-001
  1.850026134778E+000 -4.058656928596E-001  4.601640231906E-001 -2.989994413693E-001
  1.862238416525E+000 -4.002685401303E-001  4.564628732591E-001 -3.070276852566E-001
  1.874543548019E+000 -3.946751408337E-001  4.526383994005E-001 -3.144735604329E-001
  1.886942451054E+000 -3.890872738535E-001  4.486959897017E-001 -3.213535717041E-001
  1.899436058973E+000 -3.835066906905E-001  4.446409648835E-001 -3.276840801881E-001
  1.912025316845E+000 -3.779351150522E-001  4.404785767143E-001 -3.334812951225E-001
  1.924711181638E+000 -3.723742424613E-001  4.362140064997E-001 -3.387612659829E-001
  1.937494622402E+000 -3.668257398812E-001  4.318523636496E-001 -3.435398749191E-001
  1.950376620452E+000 -3.612912453588E-001  4.273986843221E-001 -3.478328295140E-001
  1.963358169552E+000 -3.557723676853E-001  4.228579301439E-001 -3.516556558699E-001
  1.976440276109E+000 -3.502706860742E-001  4.182349870086E-001 -3.550236920264E-001
  1.989623959360E+000 -3.447877498568E-001  4.135346639507E-001 -3.579520817128E-001
  2.002910251577E+000 -3.393250781949E-001  4.087616920963E-001 -3.604557684380E-001
  2.016300198259E+000 -3.338841598106E-001  4.039207236891E-001 -3.625494899199E-001
  2.029794858340E+000 -3.284664527333E-001  3.990163311916E-001 -3.642477728536E-001
  2.043395304396E+000 -3.230733840634E-001  3.940530064609E-001 -3.655649280216E-001
  2.057102622856E+000 -3.177063497527E-001  3.890351599974E-001 -3.665150457431E-001
  2.070917914217E+000 -3.123667144017E-001  3.839671202663E-001 -3.671119916625E-001
  2.084842293261E+000 -3.070558110730E-001  3.788531330903E-001 -3.673694028746E-001
  2.098876889283E+000 -3.017749411207E-001  3.736973611126E-001 -3.673006843852E-001
  2.113022846310E+000 -2.965253740362E-001  3.685038833289E-001 -3.669190059028E-001
  2.127281323341E+000 -2.913083473096E-001  3.632766946869E-001 -3.662372989571E-001
  2.141653494575E+000 -2.861250663067E-001  3.580197057519E-001 -3.652682543424E-001
  2.156140549656E+000 -2.809767041612E-001  3.527367424378E-001 -3.640243198773E-001
  2.170743693911E+000 -2.758644016825E-001  3.474315457996E-001 -3.625176984786E-001
  2.185464148607E+000 -2.707892672778E-001  3.421077718897E-001 -3.607603465402E-001
  2.200303151197E+000 -2.657523768894E-001  3.367689916715E-001 -3.587639726127E-001
  2.215261955581E+000 -2.607547739463E-001  3.314186909935E-001 -3.565400363750E-001
  2.230341832367E+000 -2.557974693299E-001  3.260602706175E-001 -3.540997478914E-001
  2.245544069142E+000 -2.508814413540E-001  3.206970463031E-001 -3.514540671448E-001
  2.260869970742E+000 -2.460076357581E-001  3.153322489437E-001 -3.486137038389E-001
  2.276320859530E+000 -2.411769657151E-001  3.099690247537E-001 -3.455891174606E-001
  2.291898075679E+000 -2.363903118515E-001  3.046104355047E-001 -3.423905175919E-001
  2.307602977460E+000 -2.316485222813E-001  2.992594588088E-001 -3.390278644641E-001
  2.323436941540E+000 -2.269524126526E-001  2.939189884468E-001 -3.355108697432E-001
  2.339401363274E+000 -2.223027662069E-001  2.885918347396E-001 -3.318489975370E-001
  2.355497657016E+000 -2.177003338512E-001  2.832807249616E-001 -3.280514656150E-001
  2.371727256428E+000 -2.131458342423E-001  2.779883037928E-001 -3.241272468286E-001
  2.388091614797E+000 -2.086399538832E-001  2.727171338094E-001 -3.200850707245E-001
  2.404592205358E+000 -2.041833472318E-001  2.674696960098E-001 -3.159334253382E-001
  2.421230521622E+000 -1.997766368210E-001  2.622483903749E-001 -3.116805591590E-001
  2.438008077714E+000 -1.954204133908E-001  2.570555364607E-001 -3.073344832557E-001
  2.454926408713E+000 -1.911152360323E-001  2.518933740217E-001 -3.029029735531E-001
  2.471987071003E+000 -1.868616323424E-001  2.467640636630E-001 -2.983935732480E-001
  2.489191642624E+000 -1.826600985902E-001  2.416696875206E-001 -2.938135953566E-001
  2.506541723641E+000 -1.785110998949E-001  2.366122499667E-001 -2.891701253812E-001
  2.524038936507E+000 -1.744150704140E-001  2.315936783395E-001 -2.844700240884E-001
  2.541684926444E+000 -1.703724135434E-001  2.266158236970E-001 -2.797199303879E-001
  2.559481361827E+000 -1.663835021278E-001  2.216804615908E-001 -2.749262643031E-001
  2.577429934572E+000 -1.624486786821E-001  2.167892928615E-001 -2.700952300244E-001
  2.595532360540E+000 -1.585682556240E-001  2.119439444523E-001 -2.652328190366E-001
  2.613790379943E+000 -1.547425155163E-001  2.071459702413E-001 -2.603448133108E-001
  2.632205757760E+000 -1.509717113212E-001  2.023968518898E-001 -2.554367885544E-001
  2.650780284158E+000 -1.472560666644E-001  1.976979997066E-001 -2.505141175097E-001
  2.669515774928E+000 -1.435957761097E-001  1.930507535279E-001 -2.455819732941E-001
  2.688414071925E+000 -1.399910054446E-001  1.884563836097E-001 -2.406453327749E-001
  2.707477043518E+000 -1.364418919767E-001  1.839160915347E-001 -2.357089799717E-001
  2.726706585047E+000 -1.329485448398E-001  1.794310111309E-001 -2.307775094798E-001
  2.746104619295E+000 -1.295110453108E-001  1.750022094018E-001 -2.258553299090E-001
  2.765673096964E+000 -1.261294471380E-001  1.706306874685E-001 -2.209466673309E-001
  2.785413997161E+000 -1.228037768784E-001  1.663173815212E-001 -2.160555687315E-001
  2.805329327899E+000 -1.195340342466E-001  1.620631637821E-001 -2.111859054619E-001
  2.825421126601E+000 -1.163201924738E-001  1.578688434770E-001 -2.063413766840E-001
  2.845691460623E+000 -1.131621986770E-001  1.537351678169E-001 -2.015255128072E-001
  2.866142427776E+000 -1.100599742391E-001  1.496628229880E-001 -1.967416789109E-001
  2.886776156875E+000 -1.070134151992E-001  1.456524351512E-001 -1.919930781513E-001
  2.907594808280E+000 -1.040223926528E-001  1.417045714497E-001 -1.872827551484E-001
  2.928600574467E+000 -1.010867531634E-001  1.378197410251E-001 -1.826135993508E-001
  2.949795680597E+000 -9.820631918331E-002  1.339983960422E-001 -1.779883483756E-001
  2.971182385105E+000 -9.538088948546E-002  1.302409327214E-001 -1.734095913233E-001
  2.992762980296E+000 -9.261023960479E-002  1.265476923798E-001 -1.688797720632E-001
  3.014539792958E+000 -8.989412229022E-002  1.229189624801E-001 -1.644011924906E-001
  3.036515184988E+000 -8.723226796638E-002  1.193549776881E-001 -1.599760157538E-001
  3.058691554023E+000 -8.462438520525E-002  1.158559209378E-001 -1.556062694495E-001
  3.081071334099E+000 -8.207016120764E-002  1.124219245051E-001 -1.512938487879E-001
  3.103656996309E+000 -7.956926229426E-002  1.090530710896E-001 -1.470405197257E-001
  3.126451049484E+000 -7.712133440629E-002  1.057493949045E-001 -1.428479220678E-001
  3.149456040888E+000 -7.472600361525E-002  1.025108827750E-001 -1.387175725376E-001
  3.172674556926E+000 -7.238287664203E-002  9.933747524497E-002 -1.346508678175E-001
  3.196109223865E+000 -7.009154138470E-002  9.622906769176E-002 -1.306490875578E-001
  3.219762708576E+000 -6.785156745515E-002  9.318551144952E-002 -1.267133973576E-001
  3.243637719289E+000 -6.566250672399E-002  9.020661494071E-002 -1.228448517162E-001
  3.267737006362E+000 -6.352389387364E-002  8.729214481583E-002 -1.190443969576E-001
  3.292063363076E+000 -6.143524695926E-002  8.444182710131E-002 -1.153128741281E-001
  3.316619626434E+000 -5.939606797710E-002  8.165534835546E-002 -1.116510218689E-001
  3.341408677987E+000 -5.740584344007E-002  7.893235683230E-002 -1.080594792645E-001
  3.366433444679E+000 -5.546404496002E-002  7.627246365300E-002 -1.045387886674E-001
  3.391696899702E+000 -5.357012983640E-002  7.367524398484E-002 -1.010893985023E-001
  3.417202063379E+000 -5.172354165089E-002  7.114023822736E-002 -9.771166604848E-002
  3.442952004065E+000 -4.992371086745E-002  6.866695320523E-002 -9.440586020342E-002
  3.468949839059E+000 -4.817005543746E-002  6.625486336770E-002 -9.117216422778E-002
  3.495198735552E+000 -4.646198140936E-002  6.390341199396E-002 -8.801067847309E-002
  3.521701911582E+000 -4.479888354227E-002  6.161201240408E-002 -8.492142309319E-002
  3.548462637020E+000 -4.318014592310E-002  5.938004917487E-002 -8.190434074001E-002
  3.575484234572E+000 -4.160514258655E-002  5.720687936018E-002 -7.895929924470E-002
  3.602770080809E+000 -4.007323813742E-002  5.509183371484E-002 -7.608609428472E-002
  3.630323607217E+000 -3.858378837462E-002  5.303421792162E-002 -7.328445203726E-002
  3.658148301271E+000 -3.713614091631E-002  5.103331382039E-002 -7.055403181957E-002
  3.686247707537E+000 -3.572963582543E-002  4.908838063869E-002 -6.789442871627E-002
  3.714625428793E+000 -3.436360623509E-002  4.719865622275E-002 -6.530517619396E-002
  3.743285127184E+000 -3.303737897296E-002  4.536335826812E-002 -6.278574870279E-002
  3.772230525397E+000 -3.175027518426E-002  4.358168554884E-002 -6.033556426502E-002
  3.801465407866E+000 -3.050161095236E-002  4.185281914413E-002 -5.795398705009E-002
  3.830993622005E+000 -2.929069791644E-002  4.017592366153E-002 -5.564032993563E-002
  3.860819079470E+000 -2.811684388551E-002  3.855014845540E-002 -5.339385705388E-002
  3.890945757450E+000 -2.697935344801E-002  3.697462883946E-002 -5.121378632245E-002
  3.921377699988E+000 -2.587752857625E-002  3.544848729235E-002 -4.909929195862E-002
  3.952119019336E+000 -2.481066922505E-002  3.397083465485E-002 -4.704950697587E-002
  3.983173897337E+000 -2.377807392378E-002  3.254077131753E-002 -4.506352566145E-002
  4.014546586845E+000 -2.277904036110E-002  3.115738839750E-002 -4.314040603355E-002
  4.046241413173E+000 -2.181286596169E-002  2.981976890305E-002 -4.127917227636E-002
  4.078262775585E+000 -2.087884845427E-002  2.852698888469E-002 -3.947881715152E-002
  4.110615148813E+000 -1.997628643012E-002  2.727811857137E-002 -3.773830438404E-002
  4.143303084620E+000 -1.910447989159E-002  2.607222349055E-002 -3.605657102080E-002
  4.176331213391E+000 -1.826273078969E-002  2.490836557064E-002 -3.443252975962E-002
  4.209704245774E+000 -1.745034355034E-002  2.378560422464E-002 -3.286507124689E-002
  4.243426974351E+000 -1.666662558841E-002  2.270299741352E-002 -3.135306634147E-002
  4.277504275353E+000 -1.591088780908E-002  2.165960268814E-002 -2.989536834279E-002
  4.311941110423E+000 -1.518244509596E-002  2.065447820831E-002 -2.849081518083E-002
  4.346742528412E+000 -1.448061678513E-002  1.968668373785E-002 -2.713823156568E-002
  4.381913667228E+000 -1.380472712494E-002  1.875528161432E-002 -2.583643109450E-002
  4.417459755726E+000 -1.315410572071E-002  1.785933769227E-002 -2.458421831338E-002
  4.453386115645E+000 -1.252808796402E-002  1.699792225896E-002 -2.338039073207E-002
  4.489698163598E+000 -1.192601544615E-002  1.617011092125E-002 -2.222374078908E-002
  4.526401413105E+000 -1.134723635516E-002  1.537498546288E-002 -2.111305776516E-002
  4.563501476684E+000 -1.079110585623E-002  1.461163467089E-002 -2.004712964279E-002
  4.601004067991E+000 -1.025698645507E-002  1.387915513053E-002 -1.902474490976E-002
  4.638915004011E+000 -9.744248343839E-003  1.317665198760E-002 -1.804469430469E-002
  4.677240207311E+000 -9.252269729593E-003  1.250323967759E-002 -1.710577250275E-002
  4.715985708351E+000 -8.780437144767E-003  1.185804262082E-002 -1.620677973953E-002
  4.755157647843E+000 -8.328145739717E-003  1.124019588303E-002 -1.534652337160E-002
  4.794762279187E+000 -7.894799557072E-003  1.064884580090E-002 -1.452381937208E-002
  4.834805970953E+000 -7.479811787837E-003  1.008315057196E-002 -1.373749375980E-002
  4.875295209443E+000 -7.082605009192E-003  9.542280808609E-003 -1.298638396083E-002
  4.916236601308E+000 -6.702611403967E-003  9.025420055960E-003 -1.226934010117E-002
  4.957636876237E+000 -6.339272961851E-003  8.531765273298E-003 -1.158522622982E-002
  4.999502889720E+000 -5.992041662392E-003  8.060527279103E-003 -1.093292147125E-002
  5.041841625875E+000 -5.660379639928E-003  7.610931159623E-003 -1.031132110683E-002
  5.084660200360E+000 -5.343759330600E-003  7.182216641098E-003 -9.719337584736E-003
  5.127965863354E+000 -5.041663601668E-003  6.773638425837E-003 -9.155901458065E-003
  5.171766002619E+000 -4.753585863361E-003  6.384466492426E-003 -8.619962251265E-003
  5.216068146649E+000 -4.479030163567E-003  6.013986360448E-003 -8.110489254862E-003
  5.260879967894E+000 -4.217511265670E-003  5.661499320179E-003 -7.626472248946E-003
  5.306209286078E+000 -3.968554709908E-003  5.326322627818E-003 -7.166922155901E-003
  5.352064071605E+000 -3.731696858642E-003  5.007789666891E-003 -6.730871623127E-003
  5.398452449055E+000 -3.506484925962E-003  4.705250076542E-003 -6.317375536661E-003
  5.445382700775E+000 -3.292476992103E-003  4.418069847526E-003 -5.925511466792E-003
  5.492863270572E+000 -3.089242003142E-003  4.145631386768E-003 -5.554380046951E-003
  5.540902767504E+000 -2.896359756503E-003  3.887333551437E-003 -5.203105287322E-003
  5.589509969774E+000 -2.713420872798E-003  3.642591653559E-003 -4.870834824790E-003
  5.638693828737E+000 -2.540026754576E-003  3.410837436223E-003 -4.556740110993E-003
  5.688463473008E+000 -2.375789532542E-003  3.191519022532E-003 -4.260016540403E-003
  5.738828212699E+000 -2.220331999854E-003  2.984100838463E-003 -3.979883520505E-003
  5.789797543759E+000 -2.073287535092E-003  2.788063510883E-003 -3.715584486247E-003
  5.841381152447E+000 -1.934300014524E-003  2.602903741971E-003 -3.466386861090E-003
  5.893588919926E+000 -1.803023714292E-003  2.428134161351E-003 -3.231581967063E-003
  5.946430926988E+000 -1.679123203134E-003  2.263283157269E-003 -3.010484886342E-003
  5.999917458910E+000 -1.562273226292E-003  2.107894688162E-003 -2.802434276943E-003
  6.054059010457E+000 -1.452158581218E-003  1.961528075972E-003 -2.606792145196E-003
  6.108866291020E+000 -1.348473985707E-003  1.823757782594E-003 -2.422943577731E-003
  6.164350229902E+000 -1.250923939076E-003  1.694173170819E-003 -2.250296435718E-003
  6.220521981762E+000 -1.159222577001E-003  1.572378251141E-003 -2.088281014183E-003
  6.277392932215E+000 -1.073093520591E-003  1.457991415804E-003 -1.936349669189E-003
  6.334974703589E+000 -9.922697203134E-004  1.350645161415E-003 -1.793976415711E-003
  6.393279160860E+000 -9.164932952984E-004  1.249985801450E-003 -1.660656498994E-003
  6.452318417752E+000 -8.455153686022E-004  1.155673169953E-003 -1.535905942194E-003
  6.512104843026E+000 -7.790958989369E-004  1.067380317687E-003 -1.419261073025E-003
  6.572651066946E+000 -7.170035093802E-004  9.847932019542E-004 -1.310278032118E-003
  6.633969987942E+000 -6.590153135444E-004  9.076103712774E-004 -1.208532265739E-003
  6.696074779472E+000 -6.049167396616E-004  8.355426460757E-004 -1.113618005411E-003
  6.758978897091E+000 -5.545013530160E-004  7.683127964147E-004 -1.025147736937E-003
  6.822696085726E+000 -5.075706771279E-004  7.056552178693E-004 -9.427516612296E-004
  6.887240387180E+000 -4.639340140654E-004  6.473156064714E-004 -8.660771492122E-004
  6.952626147859E+000 -4.234082642330E-004  5.930506336595E-004 -7.947881930140E-004
  7.018868026732E+000 -3.858177459579E-004  5.426276220856E-004 -7.285648555100E-004
  7.085981003543E+000 -3.509940151671E-004  4.958242230720E-004 -6.671027201681E-004
  7.153980387268E+000 -3.187756854209E-004  4.524280964464E-004 -6.101123430333E-004
  7.222881824836E+000 -2.890082485410E-004  4.122365934219E-004 -5.573187085454E-004
  7.292701310121E+000 -2.615438960448E-004  3.750564431208E-004 -5.084606907599E-004
  7.363455193219E+000 -2.362413415735E-004  3.407034432806E-004 -4.632905214051E-004
  7.435160190001E+000 -2.129656444747E-004  3.090021556146E-004 -4.215732660734E-004
  7.507833391988E+000 -1.915880346804E-004  2.797856062416E-004 -3.830863097109E-004
  7.581492276516E+000 -1.719857389967E-004  2.528949915354E-004 -3.476188524337E-004
  7.656154717242E+000 -1.540418089045E-004  2.281793896898E-004 -3.149714165704E-004
  7.731838994973E+000 -1.376449499486E-004  2.054954782385E-004 -2.849553656963E-004
  7.808563808847E+000 -1.226893527808E-004  1.847072577175E-004 -2.573924363044E-004
  7.886348287874E+000 -1.090745259043E-004  1.656857816078E-004 -2.321142826349E-004
  7.965212002848E+000 -9.670513015556E-005  1.483088926510E-004 -2.089620350683E-004
  8.045174978646E+000 -8.549081495053E-005  1.324609655874E-004 -1.877858723806E-004
  8.126257706932E+000 -7.534605631162E-005  1.180326563294E-004 -1.684446080520E-004
  8.208481159274E+000 -6.618999668668E-005  1.049206575467E-004 -1.508052907279E-004
  8.291866800694E+000 -5.794628656664E-005  9.302746061088E-005 -1.347428188393E-004
  8.376436603664E+000 -5.054292790558E-005  8.226112382030E-005 -1.201395693092E-004
  8.462213062574E+000 -4.391211934658E-005  7.253504680311E-005 -1.068850401999E-004
  8.549219208676E+000 -3.799010325775E-005  6.376775097966E-005 -9.487550708810E-005
  8.637478625536E+000 -3.271701458532E-005  5.588266594972E-005 -8.401369290011E-005
  8.727015464999E+000 -2.803673153508E-005  4.880792166053E-005 -7.420845088907E-005
  8.817854463709E+000 -2.389672809858E-005  4.247614620429E-005 -6.537446039600E-005
  8.910020960175E+000 -2.024792844746E-005  3.682426909063E-005 -5.743193500261E-005
  9.003540912431E+000 -1.704456322642E-005  3.179332983916E-005 -5.030634265885E-005
  9.098440916308E+000 -1.424402778409E-005  2.732829174013E-005 -4.392813734940E-005
  9.194748224321E+000 -1.180674238932E-005  2.337786063643E-005 -3.823250185183E-005
  9.292490765233E+000 -9.696014490319E-006  1.989430858778E-005 -3.315910113383E-005
  9.391697164283E+000 -7.877903082625E-006  1.683330228787E-005 -2.865184593758E-005
  9.492396764138E+000 -6.321085261737E-006  1.415373611603E-005 -2.465866610510E-005
  9.594619646576E+000 -4.996725044764E-006  1.181756971810E-005 -2.113129320890E-005
  9.698396654938E+000 -3.878344554070E-006  9.789670024307E-006 -1.802505206708E-005
  9.803759417385E+000 -2.941697663572E-006  8.037657626166E-006 -1.529866074001E-005
  9.910740370981E+000 -2.164646215209E-006  6.531757448847E-006 -1.291403862686E-005
  1.001937278665E+001 -1.527038918935E-006  5.244653669638E-006 -1.083612230322E-005
  1.012969079502E+001 -1.010593054210E-006  4.151348847016E-006 -9.032688766377E-006
  1.024172941323E+001 -5.987790942415E-007  3.229027238058E-006 -7.474185780254E-006
  1.035552457272E+001 -2.767083761085E-007  2.456922294121E-006 -6.133569038732E-006
  1.047111314798E+001 -3.102394020790E-008  1.816188335768E-006 -4.986145892365E-006
  1.058853298647E+001  1.502053388142E-007  1.289776417536E-006 -4.009425409273E-006
  1.070782293953E+001  2.775872103950E-007  8.623144011428E-007 -3.182974565909E-006
  1.082902289454E+001  3.605049809853E-007  5.199912620748E-007 -2.488280386855E-006
  1.095217380826E+001  4.072128131359E-007  2.504456588750E-007 -1.908617874560E-006
  1.107731774137E+001  4.249272901499E-007  4.265879702879E-008 -1.428923589709E-006
  1.120449789442E+001  4.199151551147E-007 -1.131483801198E-007 -1.035674760422E-006
  1.133375864507E+001  3.975771440140E-007 -2.256136423705E-007 -7.167738135979E-007
  1.146514558681E+001  3.625278448724E-007 -3.023275378607E-007 -4.614382343061E-007
  1.159870556913E+001  3.186715283848E-007 -3.499230498982E-007 -2.600956691143E-007
  1.173448673928E+001  2.692739100758E-007 -3.741608298181E-007 -1.042841966358E-007
  1.187253858566E+001  2.170298195597E-007 -3.800099988133E-007  1.344230658868E-008
  1.201291198287E+001  1.641267687444E-007 -3.717245217298E-007  9.960377439785E-008
  1.215565923859E+001  1.123044276563E-007 -3.529151671527E-007  1.598786030059E-007
  1.230083414231E+001  6.291003374872E-008 -3.266170805432E-007  1.991834183295E-007
  1.244849201595E+001  1.694977788253E-008 -2.953530104977E-007  2.217480343979E-007
  1.259868976657E+001 -2.486377256726E-008 -2.611922421735E-007  2.311856844354E-007
  1.275148594119E+001 -6.206813605289E-008 -2.258053063050E-007  2.305586135236E-007
  1.290694078384E+001 -9.441117073301E-008 -1.905145468029E-007  2.224391302746E-007
  1.306511629490E+001 -1.218150101974E-007 -1.563406444280E-007  2.089662243932E-007
  1.322607629292E+001 -1.443435564574E-007 -1.240452082332E-007  1.918978670944E-007
  1.338988647898E+001 -1.621733918121E-007 -9.416956014202E-008  1.726591217780E-007
  1.355661450375E+001 -1.755679586377E-007 -6.706985096510E-008  1.523862028711E-007
  1.372633003727E+001 -1.848548449774E-007 -4.294865814030E-008  1.319666310565E-007
  1.389910484176E+001 -1.904060041667E-007 -2.188322633980E-008  1.120756429594E-007
  1.407501284743E+001 -1.926207287163E-007 -3.850521656639E-009  9.320902252697E-008
  1.425413023161E+001 -1.919111923763E-007  1.125072177868E-008  7.571252959679E-008
  1.443653550117E+001 -1.886903697758E-007  2.358077730029E-008  5.980810832260E-008
  1.462230957852E+001 -1.833621403040E-007  3.334233290249E-008  4.561706405105E-008
  1.481153589140E+001 -1.763133819740E-007  4.076633641002E-008  3.318040179618E-008
  1.500430046649E+001 -1.679078618623E-007  4.610008331970E-008  2.247652254185E-008
  1.520069202718E+001 -1.584817322983E-007  4.959735213300E-008  1.343647515483E-008
  1.540080209569E+001 -1.483404462115E-007  5.151039379865E-008  5.956961681361E-009
  1.560472509963E+001 -1.377569108257E-007  5.208358530356E-008 -8.870777070698E-011
  1.581255848342E+001 -1.269707061025E-007  5.154856240610E-008 -4.841517461489E-009
  1.602440282470E+001 -1.161882028330E-007  5.012065288959E-008 -8.449317225461E-009
  1.624036195599E+001 -1.055834248973E-007  4.799643939868E-008 -1.106087986827E-008
  1.646054309190E+001 -9.529951078956E-008  4.535228975814E-008 -1.282126938591E-008
  1.668505696224E+001 -8.545064084455E-008  4.234370250125E-008 -1.386835299435E-008
  1.691401795117E+001 -7.612430852208E-008  3.910532597840E-008 -1.433029930224E-008
  1.714754424293E+001 -6.738382640547E-008  3.575152069245E-008 -1.432391513040E-008
  1.738575797433E+001 -5.927097005606E-008  3.237734623061E-008 -1.395368430564E-008
  1.762878539445E+001 -5.180867535157E-008  2.905986614331E-008 -1.331138305663E-008
  1.787675703191E+001 -4.500371723591E-008  2.585967617651E-008 -1.247615823504E-008
  1.812980787015E+001 -3.884930975412E-008  2.282257321677E-008 -1.151496629924E-008
  1.838807753110E+001 -3.332757868123E-008  1.998129399165E-008 -1.048328265907E-008
  1.865171046781E+001 -2.841186884004E-008  1.735726382838E-008 -9.426002426145E-009
  1.892085616642E+001 -2.406885822155E-008  1.496230647430E-008 -8.378464696143E-009
  1.919566935809E+001 -2.026046017517E-008  1.280027600458E-008 -7.367543072943E-009
  1.947631024137E+001 -1.694550314993E-008  1.086858108878E-008 -6.412755113851E-009
  1.976294471571E+001 -1.408118469152E-008  9.159580280313E-009 -5.527352632805E-009
  2.005574462663E+001 -1.162430260542E-008  7.661834479407E-009 -4.719363268697E-009
  2.035488802332E+001 -9.532271379130E-009  6.361209266760E-009 -3.992561353498E-009
  2.066055942930E+001 -7.763936133891E-009  5.241825403301E-009 -3.347352865890E-009
  2.097295012706E+001 -6.280199585378E-009  4.286860450958E-009 -2.781565117562E-009
  2.129225845729E+001 -5.044479789033E-009  3.479208219916E-009 -2.291136797692E-009
  2.161869013374E+001 -4.023017899771E-009  2.802005636288E-009 -1.870708120977E-009
  2.195245857462E+001 -3.185055870625E-009  2.239038711475E-009 -1.514114126607E-009
  2.229378525140E+001 -2.502904043279E-009  1.775040653940E-009 -1.214786714192E-009
  2.264290005632E+001 -1.951918043860E-009  1.395895877689E-009 -9.660728435199E-010
  2.300004168951E+001 -1.510403391585E-009  1.088763817423E-009 -7.614775420795E-010
  2.336545806705E+001 -1.159464857315E-009  8.421361491198E-010 -5.948410373340E-010
  2.373940675129E+001 -8.828159721433E-010  6.458403278081E-010 -4.604595421597E-010
  2.412215540475E+001 -6.665622756441E-010  4.910013800966E-010 -3.531590545110E-010
  2.451398226921E+001 -4.989699942583E-010  3.699727113862E-010 -2.683310667126E-010
  2.491517667142E+001 -3.702299278032E-010  2.762453834564E-010 -2.019383920278E-010
  2.532603955735E+001 -2.722244607049E-010  2.043439557729E-010 -1.504984763931E-010
  2.574688405660E+001 -1.983038570742E-010  1.497156223367E-010 -1.110506340015E-010
  2.617803607920E+001 -1.430763860075E-010  1.086180639064E-010 -8.111268086295E-011
  2.661983494664E+001 -1.022153846100E-010  7.801021128448E-011 -5.863148560074E-011
  2.707263405971E+001 -7.228511915750E-011  5.544900713538E-011 -4.193104740286E-011
  2.753680160532E+001 -5.058625734653E-011  3.899427990065E-011 -2.966087406990E-011
  2.801272130518E+001 -3.502091558544E-011  2.712301340364E-011 -2.074668686773E-011
  2.850079320900E+001 -2.397658619572E-011  1.865361161779E-011 -1.434483410360E-011
  2.900143453541E+001 -1.622776573524E-011  1.268021530779E-011 -9.801256024560E-012
  2.951508056378E+001 -1.085377868523E-011  8.516716292661E-012 -6.615408254180E-012
  3.004218558064E+001 -7.171098966497E-012  5.649822676185E-012 -4.409213625976E-012
  3.058322388437E+001 -4.678392388829E-012  3.700338915880E-012 -2.900863824032E-012
  3.113869085248E+001 -3.012513371551E-012  2.391721246832E-012 -1.883121500894E-012
  3.170910407585E+001 -1.913767306757E-012  1.524934789722E-012 -1.205668221274E-012
  3.229500456485E+001 -1.198875806598E-012  9.586574159469E-013 -7.609911703187E-013
  3.289695803249E+001 -7.402382339442E-013  5.939322478107E-013 -4.732900376536E-013
  3.351555626047E+001 -4.502545671710E-013  3.624524887843E-013 -2.899038184696E-013
  3.415141855403E+001 -2.696498862558E-013  2.177581367998E-013 -1.747957960075E-013
  3.480519329257E+001 -1.589105131721E-013  1.287252287539E-013 -1.036855794473E-013
  3.547755958299E+001 -9.209965538013E-014  7.482790559206E-014 -6.047327964471E-014
  3.616922902393E+001 -5.246218129374E-014  4.274703093146E-014 -3.465779202877E-014
  3.688094758921E+001 -2.935176138270E-014  2.398330430123E-014 -1.950523321044E-014
  3.761349763993E+001 -1.611846841710E-014  1.320616436276E-014 -1.077259877663E-014
  3.836770007534E+001 -8.681652519884E-015  7.131777285818E-015 -5.834448454762E-015
  3.914441663347E+001 -4.582910261931E-015  3.774374533126E-015 -3.096448487058E-015
  3.994455235367E+001 -2.369163619155E-015  1.956023862129E-015 -1.609052805550E-015
  4.076905821405E+001 -1.198395097781E-015  9.917975951529E-016 -8.180101370796E-016
  4.161893395835E+001 -5.926165678877E-016  4.915983907443E-016 -4.064895874624E-016
  4.249523112779E+001 -2.862290566803E-016  2.379769424941E-016 -1.972616185408E-016
  4.339905631520E+001 -1.348949734093E-016  1.124018305413E-016 -9.339350928824E-017
  4.433157466006E+001 -6.196880435975E-017  5.174640569078E-017 -4.309504435394E-017
  4.529401360538E+001 -2.771881980946E-017  2.319451248143E-017 -1.936001789552E-017
  4.628766693861E+001 -1.205879205913E-017  1.011096680034E-017 -8.457797962212E-018
  4.731389914191E+001 -5.096077794506E-018  4.281333963081E-018 -3.588886751824E-018
  4.837415007871E+001 -2.089382266240E-018  1.758700150727E-018 -1.477275438845E-018
  4.946994004686E+001 -8.299741706198E-019  6.999173823310E-019 -5.890871105811E-019
  5.060287523143E+001 -3.189759398151E-019  2.694800792068E-019 -2.272466487264E-019
  5.177465359367E+001 -1.184252145558E-019  1.002255439552E-019 -8.467657159547E-020
  5.298707123650E+001 -4.240640685550E-020  3.595099187826E-020 -3.042892197804E-020
  5.424202929116E+001 -1.462134024054E-020  1.241629623184E-020 -1.052776685554E-020
  5.554154137419E+001 -4.845460073136E-021  4.121414899610E-021 -3.500559657946E-021
  5.688774166961E+001 -1.540465270248E-021  1.312354674009E-021 -1.116525190690E-021
  5.828289369667E+001 -4.688831214013E-022  4.000682053370E-022 -3.409238763896E-022
  5.972939983075E+001 -1.363471112525E-022  1.165113387877E-022 -9.944392310110E-023
  6.122981165190E+001 -3.779295920624E-023  3.234217143521E-023 -2.764694551416E-023
  6.278684120462E+001 -9.961211715146E-024  8.536703278855E-024 -7.308326808711E-024
  6.440337326150E+001 -2.490206903730E-024  2.137063291215E-024 -1.832219088975E-024
  6.608247869451E+001 -5.888357230399E-025  5.060165184414E-025 -4.344501730264E-025
  6.782742906960E+001 -1.313178942422E-025  1.129973206616E-025 -9.714987310266E-026
  6.964171259434E+001 -2.753443932355E-026  2.372355042214E-026 -2.042380472846E-026
  7.152905156377E+001 -5.410181291510E-027  4.667242896277E-027 -4.023321967489E-027
  7.349342146763E+001 -9.926429976253E-028  8.573795470237E-028 -7.400310450199E-028
  7.553907194217E+001 -1.694244459663E-028  1.465123539392E-028 -1.266161080947E-028
  7.767054977292E+001 -2.679177648961E-029  2.319555997462E-029 -2.006981430452E-029
  7.989272418113E+001 -3.908273754993E-030  3.387512363066E-030 -2.934468498368E-030
  8.221081465675E+001 -5.234872415786E-031  4.542367727876E-031 -3.939377530465E-031
  8.463042163523E+001 -6.406143436448E-032  5.564692241911E-032 -4.831369671685E-032
  8.715756035520E+001 -7.124057349437E-033  6.194817748132E-033 -5.384295257279E-033
  8.979869827958E+001 -7.158030761580E-034  6.230744526145E-034 -5.421247627326E-034
  9.256079651532E+001 -6.458009769112E-035  5.627030131103E-035 -4.901009995190E-035
  9.545135572765E+001 -5.196811048428E-036  4.532531163492E-036 -3.951687445437E-036
  9.847846711487E+001 -3.703165159662E-037  3.232880948382E-037 -2.821341363644E-037
  1.016508690915E+002 -2.318572623511E-038  2.026001527689E-038 -1.769778081191E-038
  1.049780104220E+002 -1.264787336384E-039  1.106187952001E-039 -9.671867706488E-040
  1.084701206579E+002 -5.956594308396E-041  5.214251008465E-041 -4.563155447768E-041
  1.121382888606E+002 -2.398076262464E-042  2.101017958621E-042 -1.840283712178E-042
  1.159945517414E+002 -8.164792068549E-044  7.159378869022E-044 -6.276276639296E-044
  1.200519925308E+002 -2.323649961160E-045  2.039178053019E-045 -1.789138068996E-045
  1.243248520934E+002 -5.457784152871E-047  4.793425763738E-047 -4.209079978328E-047
  1.288286540551E+002 -1.043423121029E-048  9.171206745823E-049 -8.059550571294E-049
  1.335803459987E+002 -1.599293772474E-050  1.406766460704E-050 -1.237201473129E-050
  1.385984591287E+002 -1.932990744125E-052  1.701542475632E-052 -1.497567524119E-052
  1.439032892205E+002 -1.809212434259E-054  1.593725582638E-054 -1.403697947316E-054
  1.495171021587E+002 -1.285484129171E-056  1.133165962672E-056 -9.987611380261E-057
  1.554643679592E+002 -6.783658211977E-059  5.983917549806E-059 -5.277805469311E-059
  1.617720278763E+002 -2.595516410721E-061  2.291038740346E-061 -2.022049183769E-061
  1.684698000514E+002 -7.011479015373E-064  6.192950657749E-064 -5.469409131498E-064
  1.755905301928E+002 -1.298582725223E-066  1.147702655477E-066 -1.014256620433E-066
  1.831705950299E+002 -1.596171621848E-069  1.411574246974E-069 -1.248217249693E-069
  1.912503678195E+002 -1.255920580244E-072  1.111330967643E-072 -9.833096944145E-073
  1.998747570544E+002 -6.076834074181E-076  5.380325656297E-076 -4.763306433700E-076
  2.090938318328E+002 -1.728937720479E-079  1.531628533479E-079 -1.356748027189E-079
  2.189635501945E+002 -2.751270108131E-083  2.438615487047E-083 -2.161363126562E-083
  2.295466102647E+002 -2.315176855612E-087  2.053163173040E-087 -1.820704768731E-087
  2.409134484547E+002 -9.673178150131E-092  8.582839282214E-092 -7.615033373394E-092
  2.531434144886E+002 -1.869219068871E-096  1.659349641047E-096 -1.472979601243E-096
  2.663261599835E+002 -1.541785938589E-101  1.369339703684E-101 -1.216133812726E-101
  2.805632861191E+002 -4.956576747643E-107  4.404250141593E-107 -3.913334060605E-107
  2.959703071532E+002 -5.600734908869E-113  4.978882505910E-113 -4.425936268632E-113
  3.126790009236E+002 -1.976976748391E-119  1.758243117970E-119 -1.563666689855E-119
  3.308402360200E+002 -1.904654556330E-126  1.694641978057E-126 -1.507748625031E-126
  3.506273893903E+002 -4.288459606880E-134  3.817169039819E-134 -3.397597505834E-134
  3.722404996260E+002 -1.886693560831E-142  1.680017466493E-142 -1.495952517388E-142
  3.959113426415E+002 -1.318010218249E-151  1.174079960613E-151 -1.045849435840E-151
  4.219096715122E+002 -1.148383152906E-161  1.023355103503E-161 -9.119256115733E-162
  4.505509359373E+002 -9.409506857168E-173  8.388055762828E-173 -7.477390893226E-173
  4.822058963204E+002 -5.202459348574E-185  4.639298926983E-185 -4.137053032601E-185
  5.173126831536E+002 -1.311171201504E-198  1.169625044256E-198 -1.043349109387E-198
  5.563920392209E+002 -9.450050171883E-214  8.432559392908E-214 -7.524558608199E-214
  6.000667421536E+002 -1.115219568207E-230  9.954471625547E-231 -8.885316409819E-231
  6.490865708786E+002 -1.101198726389E-249  9.832198217775E-250 -8.778753815074E-250
  7.043607010442E+002 -4.030647103737E-271  3.599825117593E-271 -3.215035417542E-271
  7.670001674974E+002 -2.022041613464E-295  1.806396477668E-295 -1.613742213069E-295
  8.383741345464E+002  0.000000000000E+000  0.000000000000E+000  0.000000000000E+000
  9.201853543213E+002  0.000000000000E+000  0.000000000000E+000  0.000000000000E+000
  1.014572672318E+003  0.000000000000E+000  0.000000000000E+000  0.000000000000E+000
  1.124252254996E+003  0.000000000000E+000  0.000000000000E+000  0.000000000000E+000
  1.252715205428E+003  0.000000000000E+000  0.000000000000E+000  0.000000000000E+000
  1.404508845568E+003  0.000000000000E+000  0.000000000000E+000  0.000000000000E+000
  1.585644739908E+003  0.000000000000E+000  0.000000000000E+000  0.000000000000E+000
  1.804203189488E+003  0.000000000000E+000  0.000000000000E+000  0.000000000000E+000
  2.071250249814E+003  0.000000000000E+000  0.000000000000E+000  0.000000000000E+000
  2.402266552340E+003  0.000000000000E+000  0.000000000000E+000  0.000000000000E+000
  2.819442449497E+003  0.000000000000E+000  0.000000000000E+000  0.000000000000E+000
  3.355496240167E+003  0.000000000000E+000  0.000000000000E+000  0.000000000000E+000
  4.060290442982E+003  0.000000000000E+000  0.000000000000E+000  0.000000000000E+000
  5.012860622227E+003  0.000000000000E+000  0.000000000000E+000  0.000000000000E+000
  6.344578802016E+003  0.000000000000E+000  0.000000000000E+000  0.000000000000E+000
  8.287000878586E+003  0.000000000000E+000  0.000000000000E+000  0.000000000000E+000
  1.127976970933E+004  0.000000000000E+000  0.000000000000E+000  0.000000000000E+000
  1.624316171036E+004  0.000000000000E+000  0.000000000000E+000  0.000000000000E+000
  2.538031516868E+004  0.000000000000E+000  0.000000000000E+000  0.000000000000E+000
  4.512107881524E+004  0.000000000000E+000  0.000000000000E+000  0.000000000000E+000
  1.015232606647E+005  0.000000000000E+000  0.000000000000E+000  0.000000000000E+000
  4.060950426526E+005  0.000000000000E+000  0.000000000000E+000  0.000000000000E+000
