# 1st line: number of mesh points
# abcissa wavefunction wavefunction_1st wavefunction_2nd
1000
# Principal QN=   3 , l=   1 , Occupation=   5.0000
  2.462477732966E-006  3.588695427244E-004  1.457274736691E+002 -6.228143285526E+003
  9.849959442330E-006  1.435258656070E-003  1.456814703462E+002 -6.226255956743E+003
  2.216259066178E-005  3.228509002437E-003  1.456048281105E+002 -6.223111903547E+003
  3.940061395432E-005  5.737524041665E-003  1.454975918790E+002 -6.218713366058E+003
  6.156436892224E-005  8.960770063579E-003  1.453598244626E+002 -6.213063476373E+003
  8.865429222131E-005  1.289627763129E-002  1.451916064931E+002 -6.206166254493E+003
  1.206709175794E-004  1.754164343294E-002  1.449930363297E+002 -6.198026603110E+003
  1.576148758184E-004  2.289403253887E-002  1.447642299454E+002 -6.188650301248E+003
  1.994868948811E-004  2.895018106061E-002  1.445053207925E+002 -6.178043996781E+003
  2.462877998613E-004  3.570639920760E-002  1.442164596486E+002 -6.166215197831E+003
  2.980185130383E-004  4.315857473656E-002  1.438978144430E+002 -6.153172263064E+003
  3.546800539158E-004  5.130217678830E-002  1.435495700632E+002 -6.138924390912E+003
  4.162735392647E-004  6.013226010560E-002  1.431719281427E+002 -6.123481607718E+003
  4.828001831694E-004  6.964346962574E-002  1.427651068300E+002 -6.106854754855E+003
  5.542612970792E-004  7.983004544038E-002  1.423293405394E+002 -6.089055474808E+003
  6.306582898628E-004  9.068582811483E-002  1.418648796839E+002 -6.070096196276E+003
  7.119926678676E-004  1.022042643587E-001  1.413719903906E+002 -6.049990118291E+003
  7.982660349828E-004  1.143784130385E-001  1.408509541993E+002 -6.028751193410E+003
  8.894800927067E-004  1.272009515241E-001  1.403020677450E+002 -6.006394109988E+003
  9.856366402179E-004  1.406641823568E-001  1.397256424244E+002 -5.982934273568E+003
  1.086737574451E-003  1.547600402319E-001  1.391220040468E+002 -5.958387787436E+003
  1.192784890174E-003  1.694800992823E-001  1.384914924714E+002 -5.932771432347E+003
  1.303780680078E-003  1.848155806532E-001  1.378344612294E+002 -5.906102645489E+003
  1.419727134858E-003  2.007573603565E-001  1.371512771337E+002 -5.878399498692E+003
  1.540626543307E-003  2.172959773924E-001  1.364423198757E+002 -5.849680675942E+003
  1.666481292416E-003  2.344216421264E-001  1.357079816097E+002 -5.819965450228E+003
  1.797293867468E-003  2.521242449090E-001  1.349486665268E+002 -5.789273659764E+003
  1.933066852148E-003  2.703933649251E-001  1.341647904173E+002 -5.757625683629E+003
  2.073802928647E-003  2.892182792602E-001  1.333567802245E+002 -5.725042416863E+003
  2.219504877777E-003  3.085879721702E-001  1.325250735883E+002 -5.691545245066E+003
  2.370175579090E-003  3.284911445413E-001  1.316701183812E+002 -5.657156018536E+003
  2.525818010992E-003  3.489162235251E-001  1.307923722365E+002 -5.621897026002E+003
  2.686435250879E-003  3.698513723373E-001  1.298923020701E+002 -5.585790967983E+003
  2.852030475254E-003  3.912845002045E-001  1.289703835956E+002 -5.548860929825E+003
  3.022606959872E-003  4.132032724444E-001  1.280271008353E+002 -5.511130354458E+003
  3.198168079872E-003  4.355951206681E-001  1.270629456260E+002 -5.472623014923E+003
  3.378717309917E-003  4.584472530866E-001  1.260784171213E+002 -5.433362986711E+003
  3.564258224347E-003  4.817466649110E-001  1.250740212918E+002 -5.393374619951E+003
  3.754794497325E-003  5.054801488296E-001  1.240502704225E+002 -5.352682511515E+003
  3.950329902993E-003  5.296343055493E-001  1.230076826093E+002 -5.311311477055E+003
  4.150868315631E-003  5.541955543871E-001  1.219467812553E+002 -5.269286523048E+003
  4.356413709820E-003  5.791501438976E-001  1.208680945672E+002 -5.226632818865E+003
  4.566970160612E-003  6.044841625232E-001  1.197721550530E+002 -5.183375668930E+003
  4.782541843700E-003  6.301835492526E-001  1.186594990211E+002 -5.139540485002E+003
  5.003133035593E-003  6.562341042759E-001  1.175306660832E+002 -5.095152758628E+003
  5.228748113801E-003  6.826214996214E-001  1.163861986592E+002 -5.050238033798E+003
  5.459391557015E-003  7.093312897626E-001  1.152266414867E+002 -5.004821879864E+003
  5.695067945303E-003  7.363489221818E-001  1.140525411361E+002 -4.958929864748E+003
  5.935781960296E-003  7.636597478788E-001  1.128644455299E+002 -4.912587528478E+003
  6.181538385392E-003  7.912490318125E-001  1.116629034685E+002 -4.865820357109E+003
  6.432342105956E-003  8.191019632626E-001  1.104484641640E+002 -4.818653757043E+003
  6.688198109528E-003  8.472036661025E-001  1.092216767793E+002 -4.771113029801E+003
  6.949111486034E-003  8.755392089699E-001  1.079830899773E+002 -4.723223347283E+003
  7.215087428003E-003  9.040936153257E-001  1.067332514770E+002 -4.675009727535E+003
  7.486131230784E-003  9.328518733922E-001  1.054727076205E+002 -4.626497011078E+003
  7.762248292776E-003  9.617989459575E-001  1.042020029478E+002 -4.577709837811E+003
  8.043444115654E-003  9.909197800413E-001  1.029216797835E+002 -4.528672624534E+003
  8.329724304602E-003  1.020199316409E+000  1.016322778333E+002 -4.479409543108E+003
  8.621094568555E-003  1.049622498928E+000  1.003343337919E+002 -4.429944499288E+003
  8.917560720438E-003  1.079174283760E+000  9.902838096217E+001 -4.380301112247E+003
  9.219128677417E-003  1.108839648375E+000  9.771494888707E+001 -4.330502694823E+003
  9.525804461149E-003  1.138603600390E+000  9.639456299302E+001 -4.280572234512E+003
  9.837594198038E-003  1.168451186214E+000  9.506774424655E+001 -4.230532375213E+003
  1.015450411950E-002  1.198367499511E+000  9.373500882374E+001 -4.180405399766E+003
  1.047654056222E-002  1.228337689449E+000  9.239686779300E+001 -4.130213213290E+003
  1.080370996845E-002  1.258346968760E+000  9.105382681127E+001 -4.079977327326E+003
  1.113601888623E-002  1.288380621582E+000  8.970638583413E+001 -4.029718844829E+003
  1.147347396972E-002  1.318424011096E+000  8.835503883972E+001 -3.979458445982E+003
  1.181608197948E-002  1.348462586938E+000  8.700027356676E+001 -3.929216374882E+003
  1.216384978272E-002  1.378481892405E+000  8.564257126690E+001 -3.879012427077E+003
  1.251678435364E-002  1.408467571428E+000  8.428240647121E+001 -3.828865937975E+003
  1.287489277369E-002  1.438405375332E+000  8.292024677119E+001 -3.778795772132E+003
  1.323818223191E-002  1.468281169360E+000  8.155655261416E+001 -3.728820313414E+003
  1.360666002522E-002  1.498080938986E+000  8.019177711297E+001 -3.678957456044E+003
  1.398033355872E-002  1.527790795988E+000  7.882636587027E+001 -3.629224596525E+003
  1.435921034603E-002  1.557396984300E+000  7.746075681701E+001 -3.579638626447E+003
  1.474329800963E-002  1.586885885643E+000  7.609538006520E+001 -3.530215926169E+003
  1.513260428113E-002  1.616244024922E+000  7.473065777491E+001 -3.480972359372E+003
  1.552713700165E-002  1.645458075402E+000  7.336700403518E+001 -3.431923268478E+003
  1.592690412217E-002  1.674514863668E+000  7.200482475890E+001 -3.383083470925E+003
  1.633191370382E-002  1.703401374351E+000  7.064451759125E+001 -3.334467256294E+003
  1.674217391826E-002  1.732104754652E+000  6.928647183165E+001 -3.286088384269E+003
  1.715769304806E-002  1.760612318634E+000  6.793106836900E+001 -3.237960083422E+003
  1.757847948698E-002  1.788911551316E+000  6.657867962974E+001 -3.190095050809E+003
  1.800454174044E-002  1.816990112549E+000  6.522966953870E+001 -3.142505452364E+003
  1.843588842578E-002  1.844835840688E+000  6.388439349233E+001 -3.095202924070E+003
  1.887252827273E-002  1.872436756070E+000  6.254319834395E+001 -3.048198573888E+003
  1.931447012370E-002  1.899781064280E+000  6.120642240074E+001 -3.001502984436E+003
  1.976172293425E-002  1.926857159244E+000  5.987439543212E+001 -2.955126216381E+003
  2.021429577341E-002  1.953653626115E+000  5.854743868911E+001 -2.909077812543E+003
  2.067219782411E-002  1.980159243992E+000  5.722586493426E+001 -2.863366802663E+003
  2.113543838356E-002  2.006362988449E+000  5.590997848184E+001 -2.818001708843E+003
  2.160402686371E-002  2.032254033904E+000  5.460007524778E+001 -2.772990551603E+003
  2.207797279156E-002  2.057821755806E+000  5.329644280901E+001 -2.728340856557E+003
  2.255728580967E-002  2.083055732679E+000  5.199936047163E+001 -2.684059661659E+003
  2.304197567655E-002  2.107945747993E+000  5.070909934767E+001 -2.640153525011E+003
  2.353205226706E-002  2.132481791899E+000  4.942592243979E+001 -2.596628533199E+003
  2.402752557287E-002  2.156654062814E+000  4.815008473359E+001 -2.553490310118E+003
  2.452840570292E-002  2.180452968867E+000  4.688183329697E+001 -2.510744026287E+003
  2.503470288379E-002  2.203869129217E+000  4.562140738610E+001 -2.468394408593E+003
  2.554642746023E-002  2.226893375246E+000  4.436903855762E+001 -2.426445750455E+003
  2.606358989558E-002  2.249516751626E+000  4.312495078643E+001 -2.384901922373E+003
  2.658620077221E-002  2.271730517279E+000  4.188936058869E+001 -2.343766382837E+003
  2.711427079202E-002  2.293526146227E+000  4.066247714959E+001 -2.303042189556E+003
  2.764781077690E-002  2.314895328339E+000  3.944450245529E+001 -2.262732010993E+003
  2.818683166921E-002  2.335829969979E+000  3.823563142868E+001 -2.222838138158E+003
  2.873134453224E-002  2.356322194573E+000  3.703605206847E+001 -2.183362496650E+003
  2.928136055074E-002  2.376364343079E+000  3.584594559110E+001 -2.144306658899E+003
  2.983689103139E-002  2.395948974386E+000  3.466548657503E+001 -2.105671856595E+003
  3.039794740329E-002  2.415068865635E+000  3.349484310700E+001 -2.067458993265E+003
  3.096454121851E-002  2.433717012471E+000  3.233417692982E+001 -2.029668656972E+003
  3.153668415253E-002  2.451886629231E+000  3.118364359118E+001 -1.992301133107E+003
  3.211438800486E-002  2.469571149077E+000  3.004339259318E+001 -1.955356417255E+003
  3.269766469947E-002  2.486764224064E+000  2.891356754206E+001 -1.918834228089E+003
  3.328652628537E-002  2.503459725166E+000  2.779430629783E+001 -1.882734020286E+003
  3.388098493714E-002  2.519651742255E+000  2.668574112332E+001 -1.847054997424E+003
  3.448105295547E-002  2.535334584033E+000  2.558799883240E+001 -1.811796124841E+003
  3.508674276771E-002  2.550502777929E+000  2.450120093686E+001 -1.776956142429E+003
  3.569806692844E-002  2.565151069960E+000  2.342546379176E+001 -1.742533577342E+003
  3.631503812000E-002  2.579274424560E+000  2.236089873884E+001 -1.708526756587E+003
  3.693766915309E-002  2.592868024380E+000  2.130761224767E+001 -1.674933819488E+003
  3.756597296732E-002  2.605927270058E+000  2.026570605429E+001 -1.641752729985E+003
  3.819996263183E-002  2.618447779974E+000  1.923527729708E+001 -1.608981288764E+003
  3.883965134583E-002  2.630425389972E+000  1.821641864951E+001 -1.576617145185E+003
  3.948505243923E-002  2.641856153074E+000  1.720921844960E+001 -1.544657808993E+003
  4.013617937323E-002  2.652736339166E+000  1.621376082589E+001 -1.513100661801E+003
  4.079304574093E-002  2.663062434672E+000  1.523012581959E+001 -1.481942968314E+003
  4.145566526792E-002  2.672831142212E+000  1.425838950293E+001 -1.451181887289E+003
  4.212405181296E-002  2.682039380250E+000  1.329862409325E+001 -1.420814482214E+003
  4.279821936853E-002  2.690684282714E+000  1.235089806300E+001 -1.390837731687E+003
  4.347818206155E-002  2.698763198624E+000  1.141527624525E+001 -1.361248539488E+003
  4.416395415396E-002  2.706273691685E+000  1.049181993475E+001 -1.332043744328E+003
  4.485555004336E-002  2.713213539882E+000  9.580586984399E+000 -1.303220129262E+003
  4.555298426375E-002  2.719580735055E+000  8.681631896996E+000 -1.274774430772E+003
  4.625627148608E-002  2.725373482460E+000  7.795005912314E+000 -1.246703347478E+003
  4.696542651902E-002  2.730590200316E+000  6.920757089358E+000 -1.219003548514E+003
  4.768046430958E-002  2.735229519337E+000  6.058930383822E+000 -1.191671681518E+003
  4.840139994379E-002  2.739290282246E+000  5.209567720734E+000 -1.164704380260E+003
  4.912824864743E-002  2.742771543270E+000  4.372708062296E+000 -1.138098271900E+003
  4.986102578670E-002  2.745672567616E+000  3.548387470923E+000 -1.111849983849E+003
  5.059974686895E-002  2.747992830928E+000  2.736639167553E+000 -1.085956150269E+003
  5.134442754336E-002  2.749732018714E+000  1.937493585248E+000 -1.060413418174E+003
  5.209508360169E-002  2.750890025755E+000  1.150978418174E+000 -1.035218453151E+003
  5.285173097899E-002  2.751466955485E+000  3.771186660426E-001 -1.010367944702E+003
  5.361438575437E-002  2.751463119336E+000 -3.840633259028E-001 -9.858586111963E+002
  5.438306415168E-002  2.750879036059E+000 -1.132547831232E+000 -9.616872044482E+002
  5.515778254035E-002  2.749715431004E+000 -1.868317710895E+000 -9.378505139134E+002
  5.593855743605E-002  2.747973235366E+000 -2.591358385868E+000 -9.143453705140E+002
  5.672540550155E-002  2.745653585397E+000 -3.301657813743E+000 -8.911686500941E+002
  5.751834354743E-002  2.742757821562E+000 -3.999206469107E+000 -8.683172765126E+002
  5.831738853289E-002  2.739287487666E+000 -4.683997327534E+000 -8.457882243784E+002
  5.912255756656E-002  2.735244329924E+000 -5.356025853036E+000 -8.235785214364E+002
  5.993386790726E-002  2.730630295980E+000 -6.015289988785E+000 -8.016852506103E+002
  6.075133696481E-002  2.725447533886E+000 -6.661790150909E+000 -7.801055517118E+002
  6.157498230090E-002  2.719698391005E+000 -7.295529225188E+000 -7.588366228246E+002
  6.240482162984E-002  2.713385412876E+000 -7.916512566433E+000 -7.378757213724E+002
  6.324087281946E-002  2.706511342006E+000 -8.524748000346E+000 -7.172201648815E+002
  6.408315389190E-002  2.699079116601E+000 -9.120245827666E+000 -6.968673314477E+002
  6.493168302447E-002  2.691091869233E+000 -9.703018830367E+000 -6.768146599196E+002
  6.578647855056E-002  2.682552925441E+000 -1.027308227971E+001 -6.570596498078E+002
  6.664755896041E-002  2.673465802255E+000 -1.083045394594E+001 -6.375998609340E+002
  6.751494290207E-002  2.663834206650E+000 -1.137515410936E+001 -6.184329128298E+002
  6.838864918226E-002  2.653662033929E+000 -1.190720557262E+001 -5.995564838995E+002
  6.926869676725E-002  2.642953366023E+000 -1.242663367402E+001 -5.809683103575E+002
  7.015510478375E-002  2.631712469715E+000 -1.293346630151E+001 -5.626661849551E+002
  7.104789251987E-002  2.619943794783E+000 -1.342773390724E+001 -5.446479555080E+002
  7.194707942599E-002  2.607651972061E+000 -1.390946952253E+001 -5.269115232386E+002
  7.285268511573E-002  2.594841811414E+000 -1.437870877280E+001 -5.094548409453E+002
  7.376472936684E-002  2.581518299632E+000 -1.483548989259E+001 -4.922759110134E+002
  7.468323212221E-002  2.567686598234E+000 -1.527985374015E+001 -4.753727832796E+002
  7.560821349078E-002  2.553352041187E+000 -1.571184381164E+001 -4.587435527632E+002
  7.653969374850E-002  2.538520132535E+000 -1.613150625456E+001 -4.423863572788E+002
  7.747769333938E-002  2.523196543940E+000 -1.653888988042E+001 -4.262993749417E+002
  7.842223287637E-002  2.507387112139E+000 -1.693404617628E+001 -4.104808215795E+002
  7.937333314243E-002  2.491097836303E+000 -1.731702931511E+001 -3.949289480636E+002
  8.033101509154E-002  2.474334875311E+000 -1.768789616475E+001 -3.796420375716E+002
  8.129529984966E-002  2.457104544940E+000 -1.804670629536E+001 -3.646184027942E+002
  8.226620871580E-002  2.439413314955E+000 -1.839352198508E+001 -3.498563830985E+002
  8.324376316303E-002  2.421267806123E+000 -1.872840822403E+001 -3.353543416592E+002
  8.422798483957E-002  2.402674787128E+000 -1.905143271613E+001 -3.211106625690E+002
  8.521889556978E-002  2.383641171410E+000 -1.936266587900E+001 -3.071237479407E+002
  8.621651735528E-002  2.364174013915E+000 -1.966218084155E+001 -2.933920150103E+002
  8.722087237602E-002  2.344280507754E+000 -1.995005343928E+001 -2.799138932529E+002
  8.823198299134E-002  2.323967980792E+000 -2.022636220720E+001 -2.666878215207E+002
  8.924987174107E-002  2.303243892149E+000 -2.049118837020E+001 -2.537122452130E+002
  9.027456134670E-002  2.282115828620E+000 -2.074461583091E+001 -2.409856134884E+002
  9.130607471240E-002  2.260591501026E+000 -2.098673115480E+001 -2.285063765265E+002
  9.234443492626E-002  2.238678740486E+000 -2.121762355273E+001 -2.162729828484E+002
  9.338966526132E-002  2.216385494614E+000 -2.143738486066E+001 -2.042838767051E+002
  9.444178917683E-002  2.193719823658E+000 -2.164610951656E+001 -1.925374955386E+002
  9.550083031933E-002  2.170689896556E+000 -2.184389453458E+001 -1.810322675251E+002
  9.656681252387E-002  2.147303986945E+000 -2.203083947633E+001 -1.697666092067E+002
  9.763975981519E-002  2.123570469097E+000 -2.220704641932E+001 -1.587389232154E+002
  9.871969640891E-002  2.099497813805E+000 -2.237261992264E+001 -1.479475960983E+002
  9.980664671274E-002  2.075094584216E+000 -2.252766698967E+001 -1.373909962464E+002
  1.009006353277E-001  2.050369431602E+000 -2.267229702812E+001 -1.270674719327E+002
  1.020016870494E-001  2.025331091103E+000 -2.280662180719E+001 -1.169753494644E+002
  1.031098268692E-001  1.999988377407E+000 -2.293075541208E+001 -1.071129314506E+002
  1.042250799756E-001  1.974350180407E+000 -2.304481419567E+001 -9.747849519151E+001
  1.053474717553E-001  1.948425460813E+000 -2.314891672767E+001 -8.807029118971E+001
  1.064770277946E-001  1.922223245735E+000 -2.324318374115E+001 -7.888654178617E+001
  1.076137738809E-001  1.895752624237E+000 -2.332773807652E+001 -6.992543992327E+001
  1.087577360036E-001  1.869022742872E+000 -2.340270462311E+001 -6.118514803553E+001
  1.099089403557E-001  1.842042801194E+000 -2.346821025836E+001 -5.266379706915E+001
  1.110674133350E-001  1.814822047252E+000 -2.352438378473E+001 -4.435948563055E+001
  1.122331815458E-001  1.787369773079E+000 -2.357135586451E+001 -3.627027926406E+001
  1.134062717995E-001  1.759695310174E+000 -2.360925895244E+001 -2.839420985823E+001
  1.145867111168E-001  1.731808024971E+000 -2.363822722643E+001 -2.072927517985E+001
  1.157745267286E-001  1.703717314327E+000 -2.365839651642E+001 -1.327343853460E+001
  1.169697460775E-001  1.675432600998E+000 -2.366990423141E+001 -6.024628552700E+000
  1.181723968193E-001  1.646963329136E+000 -2.367288928501E+001  1.019260902522E+000
  1.193825068243E-001  1.618318959797E+000 -2.366749201931E+001  7.860370705148E+000
  1.206001041787E-001  1.589508966468E+000 -2.365385412748E+001  1.450087631909E+001
  1.218252171865E-001  1.560542830612E+000 -2.363211857510E+001  2.094298753514E+001
  1.230578743703E-001  1.531430037245E+000 -2.360242952030E+001  2.718894809594E+001
  1.242981044731E-001  1.502180070538E+000 -2.356493223297E+001  3.324103521214E+001
  1.255459364600E-001  1.472802409457E+000 -2.351977301306E+001  3.910155897350E+001
  1.268013995194E-001  1.443306523438E+000 -2.346709910818E+001  4.477286165888E+001
  1.280645230647E-001  1.413701868105E+000 -2.340705863062E+001  5.025731694899E+001
  1.293353367356E-001  1.383997881029E+000 -2.333980047380E+001  5.555732904649E+001
  1.306138704000E-001  1.354203977543E+000 -2.326547422854E+001  6.067533170753E+001
  1.319001541553E-001  1.324329546597E+000 -2.318423009902E+001  6.561378718959E+001
  1.331942183303E-001  1.294383946685E+000 -2.309621881874E+001  7.037518512027E+001
  1.344960934863E-001  1.264376501809E+000 -2.300159156647E+001  7.496204129167E+001
  1.358058104191E-001  1.234316497523E+000 -2.290049988250E+001  7.937689638562E+001
  1.371234001607E-001  1.204213177031E+000 -2.279309558512E+001  8.362231463434E+001
  1.384488939805E-001  1.174075737351E+000 -2.267953068757E+001  8.770088242200E+001
  1.397823233874E-001  1.143913325553E+000 -2.255995731559E+001  9.161520683184E+001
  1.411237201313E-001  1.113735035068E+000 -2.243452762560E+001  9.536791414427E+001
  1.424731162050E-001  1.083549902067E+000 -2.230339372369E+001  9.896164829092E+001
  1.438305438454E-001  1.053366901919E+000 -2.216670758558E+001  1.023990692697E+002
  1.451960355357E-001  1.023194945728E+000 -2.202462097750E+001  1.056828515259E+002
  1.465696240072E-001  9.930428769488E-001 -2.187728537827E+001  1.088156823046E+002
  1.479513422405E-001  9.629194680835E-001 -2.172485190256E+001  1.118002599790E+002
  1.493412234681E-001  9.328334174626E-001 -2.156747122547E+001  1.146392923600E+002
  1.507393011753E-001  9.027933461103E-001 -2.140529350854E+001  1.173354949908E+002
  1.521456091027E-001  8.728077946963E-001 -2.123846832719E+001  1.198915894331E+002
  1.535601812478E-001  8.428852205733E-001 -2.106714459983E+001  1.223103015472E+002
  1.549830518669E-001  8.130339949032E-001 -2.089147051848E+001  1.245943597728E+002
  1.564142554766E-001  7.832623998723E-001 -2.071159348126E+001  1.267464934127E+002
  1.578538268564E-001  7.535786259947E-001 -2.052766002651E+001  1.287694309250E+002
  1.593018010499E-001  7.239907695069E-001 -2.033981576889E+001  1.306658982277E+002
  1.607582133673E-001  6.945068298515E-001 -2.014820533728E+001  1.324386170191E+002
  1.622230993867E-001  6.651347072517E-001 -1.995297231466E+001  1.340903031176E+002
  1.636964949568E-001  6.358822003763E-001 -1.975425917997E+001  1.356236648257E+002
  1.651784361984E-001  6.067570040953E-001 -1.955220725203E+001  1.370414013201E+002
  1.666689595063E-001  5.777667073253E-001 -1.934695663549E+001  1.383462010721E+002
  1.681681015517E-001  5.489187909653E-001 -1.913864616885E+001  1.395407403006E+002
  1.696758992842E-001  5.202206259215E-001 -1.892741337467E+001  1.406276814615E+002
  1.711923899335E-001  4.916794712220E-001 -1.871339441182E+001  1.416096717750E+002
  1.727176110118E-001  4.633024722186E-001 -1.849672402995E+001  1.424893417942E+002
  1.742516003158E-001  4.350966588771E-001 -1.827753552607E+001  1.432693040168E+002
  1.757943959287E-001  4.070689441545E-001 -1.805596070330E+001  1.439521515420E+002
  1.773460362227E-001  3.792261224607E-001 -1.783212983177E+001  1.445404567743E+002
  1.789065598608E-001  3.515748682067E-001 -1.760617161169E+001  1.450367701769E+002
  1.804760057990E-001  3.241217344353E-001 -1.737821313850E+001  1.454436190744E+002
  1.820544132889E-001  2.968731515341E-001 -1.714837987025E+001  1.457635065076E+002
  1.836418218792E-001  2.698354260311E-001 -1.691679559698E+001  1.459989101411E+002
  1.852382714189E-001  2.430147394681E-001 -1.668358241224E+001  1.461522812243E+002
  1.868438020586E-001  2.164171473546E-001 -1.644886068665E+001  1.462260436068E+002
  1.884584542535E-001  1.900485781973E-001 -1.621274904353E+001  1.462225928086E+002
  1.900822687655E-001  1.639148326058E-001 -1.597536433645E+001  1.461442951462E+002
  1.917152866652E-001  1.380215824721E-001 -1.573682162882E+001  1.459934869134E+002
  1.933575493349E-001  1.123743702228E-001 -1.549723417534E+001  1.457724736184E+002
  1.950090984705E-001  8.697860814164E-002 -1.525671340538E+001  1.454835292759E+002
  1.966699760840E-001  6.183957776166E-002 -1.501536890816E+001  1.451288957552E+002
  1.983402245061E-001  3.696242932488E-002 -1.477330841974E+001  1.447107821821E+002
  2.000198863884E-001  1.235218130780E-002 -1.453063781173E+001  1.442313643964E+002
  2.017090047061E-001 -1.198627998893E-002 -1.428746108176E+001  1.436927844621E+002
  2.034076227605E-001 -3.604820078808E-002 -1.404388034547E+001  1.430971502311E+002
  2.051157841813E-001 -5.982896012271E-002 -1.379999583023E+001  1.424465349587E+002
  2.068335329293E-001 -8.332407006368E-002 -1.355590587027E+001  1.417429769701E+002
  2.085609132993E-001 -1.065291758897E-001 -1.331170690334E+001  1.409884793771E+002
  2.102979699219E-001 -1.294400562014E-001 -1.306749346884E+001  1.401850098431E+002
  2.120447477670E-001 -1.520526229810E-001 -1.282335820720E+001  1.393345003957E+002
  2.138012921459E-001 -1.743629215997E-001 -1.257939186069E+001  1.384388472858E+002
  2.155676487143E-001 -1.963671307734E-001 -1.233568327538E+001  1.374999108902E+002
  2.173438634747E-001 -2.180615624693E-001 -1.209231940436E+001  1.365195156584E+002
  2.191299827795E-001 -2.394426617643E-001 -1.184938531205E+001  1.354994501007E+002
  2.209260533334E-001 -2.605070066568E-001 -1.160696417963E+001  1.344414668153E+002
  2.227321221965E-001 -2.812513078335E-001 -1.136513731144E+001  1.333472825555E+002
  2.245482367870E-001 -3.016724083925E-001 -1.112398414239E+001  1.322185783312E+002
  2.263744448840E-001 -3.217672835242E-001 -1.088358224625E+001  1.310569995475E+002
  2.282107946304E-001 -3.415330401507E-001 -1.064400734482E+001  1.298641561746E+002
  2.300573345358E-001 -3.609669165262E-001 -1.040533331783E+001  1.286416229500E+002
  2.319141134796E-001 -3.800662817981E-001 -1.016763221372E+001  1.273909396103E+002
  2.337811807137E-001 -3.988286355319E-001 -9.930974260988E+000  1.261136111505E+002
  2.356585858657E-001 -4.172516071987E-001 -9.695427880224E+000  1.248111081091E+002
  2.375463789419E-001 -4.353329556285E-001 -9.461059696784E+000  1.234848668784E+002
  2.394446103301E-001 -4.530705684289E-001 -9.227934553962E+000  1.221362900364E+002
  2.413533308032E-001 -4.704624613712E-001 -8.996115526690E+000  1.207667467001E+002
  2.432725915217E-001 -4.875067777443E-001 -8.765663935698E+000  1.193775728973E+002
  2.452024440374E-001 -5.042017876769E-001 -8.536639362087E+000  1.179700719569E+002
  2.471429402963E-001 -5.205458874298E-001 -8.309099662291E+000  1.165455149140E+002
  2.490941326418E-001 -5.365375986585E-001 -8.083100983368E+000  1.151051409296E+002
  2.510560738180E-001 -5.521755676472E-001 -7.858697778603E+000  1.136501577228E+002
  2.530288169732E-001 -5.674585645138E-001 -7.635942823378E+000  1.121817420147E+002
  2.550124156627E-001 -5.823854823882E-001 -7.414887231279E+000  1.107010399808E+002
  2.570069238527E-001 -5.969553365636E-001 -7.195580470403E+000  1.092091677129E+002
  2.590123959233E-001 -6.111672636213E-001 -6.978070379854E+000  1.077072116870E+002
  2.610288866721E-001 -6.250205205297E-001 -6.762403186372E+000  1.061962292370E+002
  2.630564513176E-001 -6.385144837179E-001 -6.548623521104E+000  1.046772490330E+002
  2.650951455027E-001 -6.516486481247E-001 -6.336774436461E+000  1.031512715617E+002
  2.671450252982E-001 -6.644226262234E-001 -6.126897423063E+000  1.016192696102E+002
  2.692061472063E-001 -6.768361470213E-001 -5.919032426744E+000  1.000821887495E+002
  2.712785681644E-001 -6.888890550375E-001 -5.713217865600E+000  9.854094781792E+001
  2.733623455485E-001 -7.005813092552E-001 -5.509490647057E+000  9.699643940430E+001
  2.754575371771E-001 -7.119129820525E-001 -5.307886184959E+000  9.544953032803E+001
  2.775642013146E-001 -7.228842581098E-001 -5.108438416658E+000  9.390106211698E+001
  2.796823966754E-001 -7.334954332945E-001 -4.911179820079E+000  9.235185148144E+001
  2.818121824272E-001 -7.437469135236E-001 -4.716141430786E+000  9.080269078388E+001
  2.839536181956E-001 -7.536392136042E-001 -4.523352858998E+000  8.925434850358E+001
  2.861067640671E-001 -7.631729560522E-001 -4.332842306585E+000  8.770756969574E+001
  2.882716805935E-001 -7.723488698891E-001 -4.144636584020E+000  8.616307644438E+001
  2.904484287958E-001 -7.811677894175E-001 -3.958761127288E+000  8.462156830872E+001
  2.926370701682E-001 -7.896306529748E-001 -3.775240014742E+000  8.308372276239E+001
  2.948376666818E-001 -7.977385016669E-001 -3.594095983927E+000  8.155019562532E+001
  2.970502807892E-001 -8.054924780793E-001 -3.415350448337E+000  8.002162148791E+001
  2.992749754281E-001 -8.128938249690E-001 -3.239023514142E+000  7.849861412714E+001
  3.015118140259E-001 -8.199438839345E-001 -3.065133996857E+000  7.698176691454E+001
  3.037608605035E-001 -8.266440940661E-001 -2.893699437972E+000  7.547165321573E+001
  3.060221792797E-001 -8.329959905761E-001 -2.724736121544E+000  7.396882678153E+001
  3.082958352758E-001 -8.390012034077E-001 -2.558259090749E+000  7.247382213041E+001
  3.105818939192E-001 -8.446614558260E-001 -2.394282164404E+000  7.098715492239E+001
  3.128804211487E-001 -8.499785629875E-001 -2.232817953460E+000  6.950932232430E+001
  3.151914834180E-001 -8.549544304917E-001 -2.073877877475E+000  6.804080336642E+001
  3.175151477009E-001 -8.595910529122E-001 -1.917472181067E+000  6.658205929068E+001
  3.198514814953E-001 -8.638905123102E-001 -1.763609950367E+000  6.513353389037E+001
  3.222005528283E-001 -8.678549767286E-001 -1.612299129456E+000  6.369565384162E+001
  3.245624302601E-001 -8.714866986681E-001 -1.463546536809E+000  6.226882902673E+001
  3.269371828894E-001 -8.747880135452E-001 -1.317357881757E+000  6.085345284956E+001
  3.293248803576E-001 -8.777613381330E-001 -1.173737780949E+000  5.944990254319E+001
  3.317255928537E-001 -8.804091689841E-001 -1.032689774853E+000  5.805853947002E+001
  3.341393911192E-001 -8.827340808374E-001 -8.942163442689E-001  5.667970941468E+001
  3.365663464529E-001 -8.847387250078E-001 -7.583189268961E-001  5.531374286981E+001
  3.390065307159E-001 -8.864258277606E-001 -6.249979339253E-001  5.396095531520E+001
  3.414600163363E-001 -8.877981886700E-001 -4.942527666879E-001  5.262164749037E+001
  3.439268763145E-001 -8.888586789625E-001 -3.660818333552E-001  5.129610566107E+001
  3.464071842282E-001 -8.896102398461E-001 -2.404825656968E-001  4.998460187978E+001
  3.489010142374E-001 -8.900558808258E-001 -1.174514359018E-001  4.868739424076E+001
  3.514084410898E-001 -8.901986780048E-001  3.016026530777E-003  4.740472712976E+001
  3.539295401259E-001 -8.900417723740E-001  1.209252178308E-001  4.613683146878E+001
  3.564643872842E-001 -8.895883680891E-001  2.362824429188E-001  4.488392495621E+001
  3.590130591069E-001 -8.888417307357E-001  3.490948982893E-001  4.364621230256E+001
  3.615756327448E-001 -8.878051855839E-001  4.593706548125E-001  4.242388546226E+001
  3.641521859632E-001 -8.864821158334E-001  5.671186404512E-001  4.121712386163E+001
  3.667427971473E-001 -8.848759608481E-001  6.723486228936E-001  4.002609462341E+001
  3.693475453076E-001 -8.829902143830E-001  7.750711920981E-001  3.885095278824E+001
  3.719665100860E-001 -8.808284228026E-001  8.752977427520E-001  3.769184153310E+001
  3.745997717609E-001 -8.783941832928E-001  9.730404566431E-001  3.654889238732E+001
  3.772474112534E-001 -8.756911420658E-001  1.068312284944E+000  3.542222544610E+001
  3.799095101331E-001 -8.727229925602E-001  1.161126930414E+000  3.431194958208E+001
  3.825861506238E-001 -8.694934736360E-001  1.251498829514E+000  3.321816265489E+001
  3.852774156096E-001 -8.660063677664E-001  1.339443134444E+000  3.214095171928E+001
  3.879833886411E-001 -8.622654992259E-001  1.424975695098E+000  3.108039323164E+001
  3.907041539409E-001 -8.582747322772E-001  1.508113040955E+000  3.003655325549E+001
  3.934397964105E-001 -8.540379693566E-001  1.588872362885E+000  2.900948766581E+001
  3.961904016361E-001 -8.495591492592E-001  1.667271494901E+000  2.799924235265E+001
  3.989560558949E-001 -8.448422453249E-001  1.743328895845E+000  2.700585342394E+001
  4.017368461617E-001 -8.398912636260E-001  1.817063631022E+000  2.602934740787E+001
  4.045328601149E-001 -8.347102411577E-001  1.888495353784E+000  2.506974145482E+001
  4.073441861437E-001 -8.293032440314E-001  1.957644287068E+000  2.412704353899E+001
  4.101709133538E-001 -8.236743656735E-001  2.024531204909E+000  2.320125265990E+001
  4.130131315750E-001 -8.178277250287E-001  2.089177413912E+000  2.229235904373E+001
  4.158709313670E-001 -8.117674647697E-001  2.151604734717E+000  2.140034434477E+001
  4.187444040269E-001 -8.054977495154E-001  2.211835483441E+000  2.052518184677E+001
  4.216336415958E-001 -7.990227640554E-001  2.269892453128E+000  1.966683666448E+001
  4.245387368658E-001 -7.923467115855E-001  2.325798895193E+000  1.882526594535E+001
  4.274597833869E-001 -7.854738119521E-001  2.379578500892E+000  1.800041907129E+001
  4.303968754741E-001 -7.784082999082E-001  2.431255382809E+000  1.719223786071E+001
  4.333501082151E-001 -7.711544233814E-001  2.480854056378E+000  1.640065677064E+001
  4.363195774768E-001 -7.637164417541E-001  2.528399421453E+000  1.562560309908E+001
  4.393053799131E-001 -7.560986241583E-001  2.573916743929E+000  1.486699718743E+001
  4.423076129724E-001 -7.483052477846E-001  2.617431637424E+000  1.412475262308E+001
  4.453263749047E-001 -7.403405962065E-001  2.658970045042E+000  1.339877644198E+001
  4.483617647698E-001 -7.322089577218E-001  2.698558221216E+000  1.268896933127E+001
  4.514138824444E-001 -7.239146237100E-001  2.736222713647E+000  1.199522583189E+001
  4.544828286302E-001 -7.154618870089E-001  2.771990345351E+000  1.131743454096E+001
  4.575687048617E-001 -7.068550403095E-001  2.805888196817E+000  1.065547831406E+001
  4.606716135142E-001 -6.980983745702E-001  2.837943588302E+000  1.000923446717E+001
  4.637916578118E-001 -6.891961774519E-001  2.868184062249E+000  9.378574978239E+000
  4.669289418353E-001 -6.801527317737E-001  2.896637365864E+000  8.763366688328E+000
  4.700835705309E-001 -6.709723139909E-001  2.923331433846E+000  8.163471502108E+000
  4.732556497182E-001 -6.616591926950E-001  2.948294371285E+000  7.578746587737E+000
  4.764452860985E-001 -6.522176271370E-001  2.971554436739E+000  7.009044575926E+000
  4.796525872639E-001 -6.426518657748E-001  2.993140025499E+000  6.454213758112E+000
  4.828776617050E-001 -6.329661448447E-001  3.013079653048E+000  5.914098283607E+000
  4.861206188205E-001 -6.231646869579E-001  3.031401938735E+000  5.388538355624E+000
  4.893815689254E-001 -6.132516997225E-001  3.048135589652E+000  4.877370426038E+000
  4.926606232602E-001 -6.032313743922E-001  3.063309384751E+000  4.380427388779E+000
  4.959578939999E-001 -5.931078845404E-001  3.076952159183E+000  3.897538771726E+000
  4.992734942630E-001 -5.828853847628E-001  3.089092788884E+000  3.428530926980E+000
  5.026075381207E-001 -5.725680094064E-001  3.099760175415E+000  2.973227219406E+000
  5.059601406064E-001 -5.621598713267E-001  3.108983231051E+000  2.531448213301E+000
  5.093314177250E-001 -5.516650606739E-001  3.116790864145E+000  2.103011857090E+000
  5.127214864626E-001 -5.410876437067E-001  3.123211964757E+000  1.687733665924E+000
  5.161304647959E-001 -5.304316616359E-001  3.128275390573E+000  1.285426902051E+000
  5.195584717022E-001 -5.197011294970E-001  3.132009953096E+000  8.959027528778E-001
  5.230056271692E-001 -5.089000350524E-001  3.134444404145E+000  5.189705065683E-001
  5.264720522050E-001 -4.980323377234E-001  3.135607422639E+000  1.544377251108E-001
  5.299578688483E-001 -4.871019675523E-001  3.135527601693E+000 -1.978895852786E-001
  5.334632001783E-001 -4.761128241944E-001  3.134233436017E+000 -5.382068065051E-001
  5.369881703256E-001 -4.650687759410E-001  3.131753309636E+000 -8.667105437988E-001
  5.405329044823E-001 -4.539736587718E-001  3.128115483916E+000 -1.183598463866E+000
  5.440975289128E-001 -4.428312754391E-001  3.123348085923E+000 -1.489069136077E+000
  5.476821709641E-001 -4.316453945812E-001  3.117479097099E+000 -1.783321876777E+000
  5.512869590774E-001 -4.204197498681E-001  3.110536342268E+000 -2.066556596801E+000
  5.549120227985E-001 -4.091580391759E-001  3.102547478974E+000 -2.338973652264E+000
  5.585574927889E-001 -3.978639237937E-001  3.093539987153E+000 -2.600773698709E+000
  5.622235008375E-001 -3.865410276595E-001  3.083541159132E+000 -2.852157548663E+000
  5.659101798716E-001 -3.751929366277E-001  3.072578089975E+000 -3.093326032675E+000
  5.696176639685E-001 -3.638231977663E-001  3.060677668159E+000 -3.324479863893E+000
  5.733460883672E-001 -3.524353186845E-001  3.047866566591E+000 -3.545819506211E+000
  5.770955894803E-001 -3.410327668906E-001  3.034171233962E+000 -3.757545046068E+000
  5.808663049055E-001 -3.296189691794E-001  3.019617886444E+000 -3.959856067897E+000
  5.846583734383E-001 -3.181973110496E-001  3.004232499719E+000 -4.152951533300E+000
  5.884719350837E-001 -3.067711361507E-001  2.988040801348E+000 -4.337029663943E+000
  5.923071310690E-001 -2.953437457587E-001  2.971068263480E+000 -4.512287828230E+000
  5.961641038558E-001 -2.839183982812E-001  2.953340095892E+000 -4.678922431750E+000
  6.000429971532E-001 -2.724983087909E-001  2.934881239362E+000 -4.837128811520E+000
  6.039439559304E-001 -2.610866485874E-001  2.915716359379E+000 -4.987101134046E+000
  6.078671264295E-001 -2.496865447873E-001  2.895869840175E+000 -5.129032297191E+000
  6.118126561791E-001 -2.383010799411E-001  2.875365779088E+000 -5.263113835853E+000
  6.157806940069E-001 -2.269332916790E-001  2.854227981245E+000 -5.389535831462E+000
  6.197713900541E-001 -2.155861723813E-001  2.832479954575E+000 -5.508486825271E+000
  6.237848957880E-001 -2.042626688777E-001  2.810144905120E+000 -5.620153735437E+000
  6.278213640166E-001 -1.929656821704E-001  2.787245732680E+000 -5.724721777868E+000
  6.318809489022E-001 -1.816980671848E-001  2.763805026751E+000 -5.822374390826E+000
  6.359638059756E-001 -1.704626325438E-001  2.739845062779E+000 -5.913293163242E+000
  6.400700921502E-001 -1.592621403680E-001  2.715387798705E+000 -5.997657766726E+000
  6.441999657370E-001 -1.480993060991E-001  2.690454871810E+000 -6.075645891242E+000
  6.483535864586E-001 -1.369767983478E-001  2.665067595855E+000 -6.147433184387E+000
  6.525311154647E-001 -1.258972387649E-001  2.639246958496E+000 -6.213193194269E+000
  6.567327153465E-001 -1.148632019346E-001  2.613013618988E+000 -6.273097315902E+000
  6.609585501525E-001 -1.038772152905E-001  2.586387906160E+000 -6.327314741098E+000
  6.652087854034E-001 -9.294175905337E-002  2.559389816662E+000 -6.376012411791E+000
  6.694835881080E-001 -8.205926618993E-002  2.532039013467E+000 -6.419354976749E+000
  6.737831267789E-001 -7.123212239208E-002  2.504354824645E+000 -6.457504751602E+000
  6.781075714485E-001 -6.046266607668E-002  2.476356242371E+000 -6.490621682145E+000
  6.824570936852E-001 -4.975318840460E-002  2.448061922193E+000 -6.518863310846E+000
  6.868318666096E-001 -3.910593331892E-002  2.419490182531E+000 -6.542384746492E+000
  6.912320649114E-001 -2.852309760150E-002  2.390659004407E+000 -6.561338636914E+000
  6.956578648660E-001 -1.800683094760E-002  2.361586031408E+000 -6.575875144717E+000
  7.001094443516E-001 -7.559236057691E-003  2.332288569864E+000 -6.586141925953E+000
  7.045869828664E-001  2.817631253752E-003  2.302783589236E+000 -6.592284111659E+000
  7.090906615461E-001  1.312176193334E-002  2.273087722719E+000 -6.594444292188E+000
  7.136206631812E-001  2.335119354811E-002  2.243217268033E+000 -6.592762504262E+000
  7.181771722357E-001  3.350401012969E-002  2.213188188419E+000 -6.587376220673E+000
  7.227603748644E-001  4.357834200397E-002  2.183016113811E+000 -6.578420342551E+000
  7.273704589315E-001  5.357236560663E-002  2.152716342191E+000 -6.566027194119E+000
  7.320076140295E-001  6.348430328520E-002  2.122303841122E+000 -6.550326519873E+000
  7.366720314977E-001  7.331242308821E-002  2.091793249435E+000 -6.531445484089E+000
  7.413639044413E-001  8.305503854183E-002  2.061198879086E+000 -6.509508672588E+000
  7.460834277508E-001  9.271050841474E-002  2.030534717161E+000 -6.484638096682E+000
  7.508307981215E-001  1.022772364715E-001  1.999814428026E+000 -6.456953199216E+000
  7.556062140732E-001  1.117536712151E-001  1.969051355618E+000 -6.426570862625E+000
  7.604098759705E-001  1.211383056192E-001  1.938258525865E+000 -6.393605418933E+000
  7.652419860431E-001  1.304296768509E-001  1.907448649238E+000 -6.358168661617E+000
  7.701027484060E-001  1.396263659833E-001  1.876634123418E+000 -6.320369859234E+000
  7.749923690810E-001  1.487269976997E-001  1.845827036076E+000 -6.280315770772E+000
  7.799110560171E-001  1.577302399902E-001  1.815039167763E+000 -6.238110662604E+000
  7.848590191124E-001  1.666348038389E-001  1.784281994896E+000 -6.193856327001E+000
  7.898364702358E-001  1.754394429045E-001  1.753566692844E+000 -6.147652102107E+000
  7.948436232486E-001  1.841429531944E-001  1.722904139100E+000 -6.099594893304E+000
  7.998806940270E-001  1.927441727310E-001  1.692304916531E+000 -6.049779195906E+000
  8.049479004846E-001  2.012419812129E-001  1.661779316713E+000 -5.998297119077E+000
  8.100454625952E-001  2.096352996701E-001  1.631337343333E+000 -5.945238410935E+000
  8.151736024160E-001  2.179230901137E-001  1.600988715652E+000 -5.890690484741E+000
  8.203325441110E-001  2.261043551808E-001  1.570742872038E+000 -5.834738446120E+000
  8.255225139746E-001  2.341781377754E-001  1.540608973542E+000 -5.777465121235E+000
  8.307437404560E-001  2.421435207041E-001  1.510595907534E+000 -5.718951085850E+000
  8.359964541833E-001  2.499996263092E-001  1.480712291376E+000 -5.659274695210E+000
  8.412808879885E-001  2.577456160973E-001  1.450966476138E+000 -5.598512114677E+000
  8.465972769320E-001  2.653806903658E-001  1.421366550344E+000 -5.536737351057E+000
  8.519458583285E-001  2.729040878259E-001  1.391920343758E+000 -5.474022284555E+000
  8.573268717726E-001  2.803150852232E-001  1.362635431181E+000 -5.410436701289E+000
  8.627405591648E-001  2.876129969567E-001  1.333519136281E+000 -5.346048326319E+000
  8.681871647376E-001  2.947971746956E-001  1.304578535433E+000 -5.280922857123E+000
  8.736669350829E-001  3.018670069941E-001  1.275820461577E+000 -5.215123997457E+000
  8.791801191785E-001  3.088219189055E-001  1.247251508077E+000 -5.148713491565E+000
  8.847269684160E-001  3.156613715950E-001  1.218878032593E+000 -5.081751158665E+000
  8.903077366283E-001  3.223848619517E-001  1.190706160951E+000 -5.014294927670E+000
  8.959226801184E-001  3.289919221998E-001  1.162741791007E+000 -4.946400872099E+000
  9.015720576873E-001  3.354821195093E-001  1.134990596512E+000 -4.878123245117E+000
  9.072561306635E-001  3.418550556075E-001  1.107458030964E+000 -4.809514514671E+000
  9.129751629322E-001  3.481103663888E-001  1.080149331452E+000 -4.740625398672E+000
  9.187294209652E-001  3.542477215263E-001  1.053069522478E+000 -4.671504900182E+000
  9.245191738511E-001  3.602668240828E-001  1.026223419771E+000 -4.602200342566E+000
  9.303446933257E-001  3.661674101227E-001  9.996156340750E-001 -4.532757404567E+000
  9.362062538036E-001  3.719492483241E-001  9.732505749148E-001 -4.463220155274E+000
  9.421041324088E-001  3.776121395922E-001  9.471324543399E-001 -4.393631088942E+000
  9.480386090075E-001  3.831559166736E-001  9.212652906391E-001 -4.324031159635E+000
  9.540099662399E-001  3.885804437709E-001  8.956529120271E-001 -4.254459815651E+000
  9.600184895530E-001  3.938856161596E-001  8.702989602998E-001 -4.184955033717E+000
  9.660644672342E-001  3.990713598049E-001  8.452068944574E-001 -4.115553352908E+000
  9.721481904447E-001  4.041376309809E-001  8.203799942933E-001 -4.046289908272E+000
  9.782699532537E-001  4.090844158905E-001  7.958213639465E-001 -3.977198464135E+000
  9.844300526731E-001  4.139117302872E-001  7.715339354179E-001 -3.908311447068E+000
  9.906287886927E-001  4.186196190979E-001  7.475204720476E-001 -3.839659978477E+000
  9.968664643158E-001  4.232081560477E-001  7.237835719527E-001 -3.771273906825E+000
  1.003143385595E+000  4.276774432863E-001  7.003256714251E-001 -3.703181839434E+000
  1.009459861670E+000  4.320276110154E-001  6.771490482871E-001 -3.635411173883E+000
  1.015816204803E+000  4.362588171185E-001  6.542558252054E-001 -3.567988128955E+000
  1.022212730417E+000  4.403712467921E-001  6.316479729619E-001 -3.500937775148E+000
  1.028649757135E+000  4.443651121784E-001  6.093273136810E-001 -3.434284064716E+000
  1.035127606818E+000  4.482406519999E-001  5.872955240129E-001 -3.368049861235E+000
  1.041646604604E+000  4.519981311957E-001  5.655541382727E-001 -3.302256968698E+000
  1.048207078948E+000  4.556378405592E-001  5.441045515341E-001 -3.236926160098E+000
  1.054809361664E+000  4.591600963780E-001  5.229480226796E-001 -3.172077205530E+000
  1.061453787962E+000  4.625652400748E-001  5.020856774037E-001 -3.107728899780E+000
  1.068140696494E+000  4.658536378506E-001  4.815185111725E-001 -3.043899089394E+000
  1.074870429395E+000  4.690256803291E-001  4.612473921376E-001 -2.980604699251E+000
  1.081643332322E+000  4.720817822024E-001  4.412730640048E-001 -2.917861758598E+000
  1.088459754505E+000  4.750223818793E-001  4.215961488584E-001 -2.855685426579E+000
  1.095320048782E+000  4.778479411340E-001  4.022171499400E-001 -2.794090017235E+000
  1.102224571653E+000  4.805589447566E-001  3.831364543841E-001 -2.733089023987E+000
  1.109173683316E+000  4.831559002056E-001  3.643543359080E-001 -2.672695143593E+000
  1.116167747721E+000  4.856393372610E-001  3.458709574601E-001 -2.612920299591E+000
  1.123207132611E+000  4.880098076791E-001  3.276863738224E-001 -2.553775665224E+000
  1.130292209573E+000  4.902678848489E-001  3.098005341728E-001 -2.495271685847E+000
  1.137423354084E+000  4.924141634489E-001  2.922132846029E-001 -2.437418100829E+000
  1.144600945560E+000  4.944492591062E-001  2.749243705952E-001 -2.380223964944E+000
  1.151825367405E+000  4.963738080555E-001  2.579334394593E-001 -2.323697669270E+000
  1.159097007063E+000  4.981884668008E-001  2.412400427263E-001 -2.267846961578E+000
  1.166416256069E+000  4.998939117761E-001  2.248436385051E-001 -2.212678966246E+000
  1.173783510095E+000  5.014908390092E-001  2.087435937973E-001 -2.158200203684E+000
  1.181199169012E+000  5.029799637846E-001  1.929391867756E-001 -2.104416609277E+000
  1.188663636935E+000  5.043620203087E-001  1.774296090225E-001 -2.051333551873E+000
  1.196177322279E+000  5.056377613750E-001  1.622139677331E-001 -1.998955851795E+000
  1.203740637818E+000  5.068079580302E-001  1.472912878805E-001 -1.947287798413E+000
  1.211354000735E+000  5.078733992414E-001  1.326605143462E-001 -1.896333167260E+000
  1.219017832681E+000  5.088348915632E-001  1.183205140152E-001 -1.846095236718E+000
  1.226732559833E+000  5.096932588068E-001  1.042700778360E-001 -1.796576804275E+000
  1.234498612950E+000  5.104493417077E-001  9.050792284886E-002 -1.747780202362E+000
  1.242316427433E+000  5.111039975962E-001  7.703269417935E-002 -1.699707313782E+000
  1.250186443388E+000  5.116581000663E-001  6.384296700107E-002 -1.652359586735E+000
  1.258109105679E+000  5.121125386463E-001  5.093724846651E-002 -1.605738049456E+000
  1.266084863999E+000  5.124682184696E-001  3.831397960735E-002 -1.559843324463E+000
  1.274114172926E+000  5.127260599456E-001  2.597153720489E-002 -1.514675642445E+000
  1.282197491990E+000  5.128869984311E-001  1.390823563125E-002 -1.470234855769E+000
  1.290335285734E+000  5.129519839016E-001  2.122328661957E-003 -1.426520451648E+000
  1.298528023786E+000  5.129219806239E-001 -9.387988739195E-003 -1.383531564955E+000
  1.306776180919E+000  5.127979668275E-001 -2.062457866261E-002 -1.341266990703E+000
  1.315080237120E+000  5.125809343773E-001 -3.158935852183E-002 -1.299725196200E+000
  1.323440677664E+000  5.122718884459E-001 -4.228429934848E-002 -1.258904332880E+000
  1.331857993175E+000  5.118718471862E-001 -5.271142411245E-002 -1.218802247834E+000
  1.340332679704E+000  5.113818414042E-001 -6.287280606690E-002 -1.179416495032E+000
  1.348865238797E+000  5.108029142319E-001 -7.277056711737E-002 -1.140744346257E+000
  1.357456177571E+000  5.101361207998E-001 -8.240687621456E-002 -1.102782801755E+000
  1.366106008782E+000  5.093825279103E-001 -9.178394777013E-002 -1.065528600610E+000
  1.374815250909E+000  5.085432137104E-001 -1.009040400951E-001 -1.028978230852E+000
  1.383584428224E+000  5.076192673646E-001 -1.097694538605E-001 -9.931279393037E-001
  1.392414070872E+000  5.066117887282E-001 -1.183825305793E-001 -9.579737411772E-001
  1.401304714948E+000  5.055218880204E-001 -1.267456511098E-001 -9.235114294270E-001
  1.410256902580E+000  5.043506854971E-001 -1.348612341797E-001 -8.897365838646E-001
  1.419271182008E+000  5.030993111237E-001 -1.427317349307E-001 -8.566445800433E-001
  1.428348107668E+000  5.017689042489E-001 -1.503596434826E-001 -8.242305979201E-001
  1.437488240275E+000  5.003606132769E-001 -1.577474835175E-001 -7.924896303013E-001
  1.446692146911E+000  4.988755953412E-001 -1.648978108828E-001 -7.614164910765E-001
  1.455960401104E+000  4.973150159768E-001 -1.718132122141E-001 -7.310058232500E-001
  1.465293582927E+000  4.956800487939E-001 -1.784963035750E-001 -7.012521067721E-001
  1.474692279079E+000  4.939718751507E-001 -1.849497291174E-001 -6.721496661788E-001
  1.484157082978E+000  4.921916838262E-001 -1.911761597581E-001 -6.436926780436E-001
  1.493688594856E+000  4.903406706937E-001 -1.971782918744E-001 -6.158751782472E-001
  1.503287421848E+000  4.884200383936E-001 -2.029588460165E-001 -5.886910690700E-001
  1.512954178094E+000  4.864309960065E-001 -2.085205656380E-001 -5.621341261119E-001
  1.522689484827E+000  4.843747587265E-001 -2.138662158431E-001 -5.361980050441E-001
  1.532493970480E+000  4.822525475347E-001 -2.189985821511E-001 -5.108762481973E-001
  1.542368270780E+000  4.800655888718E-001 -2.239204692777E-001 -4.861622909903E-001
  1.552313028853E+000  4.778151143122E-001 -2.286346999327E-001 -4.620494682023E-001
  1.562328895326E+000  4.755023602374E-001 -2.331441136345E-001 -4.385310200936E-001
  1.572416528431E+000  4.731285675093E-001 -2.374515655412E-001 -4.156000983778E-001
  1.582576594115E+000  4.706949811442E-001 -2.415599252974E-001 -3.932497720486E-001
  1.592809766145E+000  4.682028499869E-001 -2.454720758974E-001 -3.714730330640E-001
  1.603116726218E+000  4.656534263844E-001 -2.491909125649E-001 -3.502628018921E-001
  1.613498164078E+000  4.630479658607E-001 -2.527193416474E-001 -3.296119329204E-001
  1.623954777622E+000  4.603877267908E-001 -2.560602795282E-001 -3.095132197311E-001
  1.634487273025E+000  4.576739700758E-001 -2.592166515523E-001 -2.899594002453E-001
  1.645096364848E+000  4.549079588177E-001 -2.621913909693E-001 -2.709431617389E-001
  1.655782776168E+000  4.520909579947E-001 -2.649874378909E-001 -2.524571457318E-001
  1.666547238688E+000  4.492242341366E-001 -2.676077382648E-001 -2.344939527522E-001
  1.677390492873E+000  4.463090550010E-001 -2.700552428627E-001 -2.170461469796E-001
  1.688313288066E+000  4.433466892491E-001 -2.723329062853E-001 -2.001062607663E-001
  1.699316382620E+000  4.403384061222E-001 -2.744436859808E-001 -1.836667990415E-001
  1.710400544029E+000  4.372854751190E-001 -2.763905412794E-001 -1.677202435974E-001
  1.721566549058E+000  4.341891656725E-001 -2.781764324431E-001 -1.522590572612E-001
  1.732815183877E+000  4.310507468278E-001 -2.798043197295E-001 -1.372756879528E-001
  1.744147244202E+000  4.278714869202E-001 -2.812771624716E-001 -1.227625726311E-001
  1.755563535430E+000  4.246526532539E-001 -2.825979181711E-001 -1.087121411294E-001
  1.767064872781E+000  4.213955117812E-001 -2.837695416075E-001 -9.511681988218E-002
  1.778652081442E+000  4.181013267816E-001 -2.847949839611E-001 -8.196903554361E-002
  1.790325996715E+000  4.147713605426E-001 -2.856771919504E-001 -6.926121850050E-002
  1.802087464166E+000  4.114068730399E-001 -2.864191069842E-001 -5.698580627994E-002
  1.813937339772E+000  4.080091216189E-001 -2.870236643278E-001 -4.513524685350E-002
  1.825876490081E+000  4.045793606766E-001 -2.874937922828E-001 -3.370200183923E-002
  1.837905792365E+000  4.011188413442E-001 -2.878324113813E-001 -2.267854960268E-002
  1.850026134778E+000  3.976288111703E-001 -2.880424335940E-001 -1.205738825842E-002
  1.862238416525E+000  3.941105138051E-001 -2.881267615516E-001 -1.831038573246E-003
  1.874543548019E+000  3.905651886846E-001 -2.880882877797E-001  8.007953227507E-003
  1.886942451054E+000  3.869940707168E-001 -2.879298939470E-001  1.746701274919E-002
  1.899436058973E+000  3.833983899677E-001 -2.876544501274E-001  2.655353481127E-002
  1.912025316845E+000  3.797793713484E-001 -2.872648140736E-001  3.527488092353E-002
  1.924711181638E+000  3.761382343035E-001 -2.867638305051E-001  4.363837685361E-002
  1.937494622402E+000  3.724761925004E-001 -2.861543304079E-001  5.165131028446E-002
  1.950376620452E+000  3.687944535189E-001 -2.854391303467E-001  5.932092856023E-002
  1.963358169552E+000  3.650942185429E-001 -2.846210317896E-001  6.665443651893E-002
  1.976440276109E+000  3.613766820522E-001 -2.837028204446E-001  7.365899441058E-002
  1.989623959360E+000  3.576430315168E-001 -2.826872656085E-001  8.034171589894E-002
  2.002910251577E+000  3.538944470907E-001 -2.815771195265E-001  8.670966614538E-002
  2.016300198259E+000  3.501321013089E-001 -2.803751167640E-001  9.276985997319E-002
  2.029794858340E+000  3.463571587841E-001 -2.790839735893E-001  9.852926011052E-002
  2.043395304396E+000  3.425707759060E-001 -2.777063873677E-001  1.039947755103E-001
  2.057102622856E+000  3.387741005418E-001 -2.762450359656E-001  1.091732597453E-001
  2.070917914217E+000  3.349682717379E-001 -2.747025771662E-001  1.140715094765E-001
  2.084842293261E+000  3.311544194241E-001 -2.730816480947E-001  1.186962629928E-001
  2.098876889283E+000  3.273336641191E-001 -2.713848646544E-001  1.230541988205E-001
  2.113022846310E+000  3.235071166378E-001 -2.696148209728E-001  1.271519344001E-001
  2.127281323341E+000  3.196758778011E-001 -2.677740888565E-001  1.309960248292E-001
  2.141653494575E+000  3.158410381473E-001 -2.658652172572E-001  1.345929616683E-001
  2.156140549656E+000  3.120036776461E-001 -2.638907317460E-001  1.379491718091E-001
  2.170743693911E+000  3.081648654149E-001 -2.618531339977E-001  1.410710164018E-001
  2.185464148607E+000  3.043256594376E-001 -2.597549012838E-001  1.439647898404E-001
  2.200303151197E+000  3.004871062855E-001 -2.575984859745E-001  1.466367188029E-001
  2.215261955581E+000  2.966502408420E-001 -2.553863150501E-001  1.490929613459E-001
  2.230341832367E+000  2.928160860294E-001 -2.531207896201E-001  1.513396060496E-001
  2.245544069142E+000  2.889856525390E-001 -2.508042844520E-001  1.533826712126E-001
  2.260869970742E+000  2.851599385644E-001 -2.484391475079E-001  1.552281040943E-001
  2.276320859530E+000  2.813399295384E-001 -2.460276994895E-001  1.568817802014E-001
  2.291898075679E+000  2.775265978729E-001 -2.435722333922E-001  1.583495026191E-001
  2.307602977460E+000  2.737209027035E-001 -2.410750140668E-001  1.596370013823E-001
  2.323436941540E+000  2.699237896370E-001 -2.385382777894E-001  1.607499328863E-001
  2.339401363274E+000  2.661361905036E-001 -2.359642318408E-001  1.616938793353E-001
  2.355497657016E+000  2.623590231134E-001 -2.333550540925E-001  1.624743482257E-001
  2.371727256428E+000  2.585931910171E-001 -2.307128926026E-001  1.630967718633E-001
  2.388091614797E+000  2.548395832720E-001 -2.280398652189E-001  1.635665069117E-001
  2.404592205358E+000  2.510990742120E-001 -2.253380591916E-001  1.638888339717E-001
  2.421230521622E+000  2.473725232241E-001 -2.226095307938E-001  1.640689571880E-001
  2.438008077714E+000  2.436607745286E-001 -2.198563049509E-001  1.641120038830E-001
  2.454926408713E+000  2.399646569667E-001 -2.170803748795E-001  1.640230242164E-001
  2.471987071003E+000  2.362849837924E-001 -2.142837017343E-001  1.638069908672E-001
  2.489191642624E+000  2.326225524717E-001 -2.114682142653E-001  1.634687987393E-001
  2.506541723641E+000  2.289781444871E-001 -2.086358084841E-001  1.630132646877E-001
  2.524038936507E+000  2.253525251494E-001 -2.057883473398E-001  1.624451272642E-001
  2.541684926444E+000  2.217464434158E-001 -2.029276604052E-001  1.617690464826E-001
  2.559481361827E+000  2.181606317156E-001 -2.000555435731E-001  1.609896036013E-001
  2.577429934572E+000  2.145958057828E-001 -1.971737587640E-001  1.601113009224E-001
  2.595532360540E+000  2.110526644961E-001 -1.942840336433E-001  1.591385616077E-001
  2.613790379943E+000  2.075318897273E-001 -1.913880613519E-001  1.580757295097E-001
  2.632205757760E+000  2.040341461969E-001 -1.884875002467E-001  1.569270690173E-001
  2.650780284158E+000  2.005600813390E-001 -1.855839736546E-001  1.556967649158E-001
  2.669515774928E+000  1.971103251740E-001 -1.826790696384E-001  1.543889222616E-001
  2.688414071925E+000  1.936854901900E-001 -1.797743407762E-001  1.530075662702E-001
  2.707477043518E+000  1.902861712342E-001 -1.768713039538E-001  1.515566422176E-001
  2.726706585047E+000  1.869129454119E-001 -1.739714401718E-001  1.500400153558E-001
  2.746104619295E+000  1.835663719969E-001 -1.710761943670E-001  1.484614708422E-001
  2.765673096964E+000  1.802469923499E-001 -1.681869752480E-001  1.468247136826E-001
  2.785413997161E+000  1.769553298480E-001 -1.653051551476E-001  1.451333686883E-001
  2.805329327899E+000  1.736918898235E-001 -1.624320698906E-001  1.433909804489E-001
  2.825421126601E+000  1.704571595138E-001 -1.595690186779E-001  1.416010133192E-001
  2.845691460623E+000  1.672516080209E-001 -1.567172639880E-001  1.397668514226E-001
  2.866142427776E+000  1.640756862823E-001 -1.538780314965E-001  1.378917986711E-001
  2.886776156875E+000  1.609298270528E-001 -1.510525100130E-001  1.359790788025E-001
  2.907594808280E+000  1.578144448963E-001 -1.482418514372E-001  1.340318354359E-001
  2.928600574467E+000  1.547299361900E-001 -1.454471707338E-001  1.320531321467E-001
  2.949795680597E+000  1.516766791392E-001 -1.426695459277E-001  1.300459525617E-001
  2.971182385105E+000  1.486550338034E-001 -1.399100181186E-001  1.280132004756E-001
  2.992762980296E+000  1.456653421341E-001 -1.371695915166E-001  1.259576999902E-001
  3.014539792958E+000  1.427079280242E-001 -1.344492334993E-001  1.238821956775E-001
  3.036515184988E+000  1.397830973684E-001 -1.317498746898E-001  1.217893527672E-001
  3.058691554023E+000  1.368911381364E-001 -1.290724090568E-001  1.196817573615E-001
  3.081071334099E+000  1.340323204564E-001 -1.264176940374E-001  1.175619166771E-001
  3.103656996309E+000  1.312068967110E-001 -1.237865506822E-001  1.154322593155E-001
  3.126451049484E+000  1.284151016450E-001 -1.211797638236E-001  1.132951355651E-001
  3.149456040888E+000  1.256571524838E-001 -1.185980822671E-001  1.111528177335E-001
  3.172674556926E+000  1.229332490644E-001 -1.160422190067E-001  1.090075005135E-001
  3.196109223865E+000  1.202435739768E-001 -1.135128514633E-001  1.068613013833E-001
  3.219762708576E+000  1.175882927179E-001 -1.110106217476E-001  1.047162610420E-001
  3.243637719289E+000  1.149675538551E-001 -1.085361369467E-001  1.025743438822E-001
  3.267737006362E+000  1.123814892025E-001 -1.060899694346E-001  1.004374384999E-001
  3.292063363076E+000  1.098302140064E-001 -1.036726572074E-001  9.830735824417E-002
  3.316619626434E+000  1.073138271429E-001 -1.012847042417E-001  9.618584180632E-002
  3.341408677987E+000  1.048324113245E-001 -9.892658087765E-002  9.407455385033E-002
  3.366433444679E+000  1.023860333181E-001 -9.659872422530E-002  9.197508568510E-002
  3.391696899702E+000  9.997474417160E-002 -9.430153859471E-002  8.988895597939E-002
  3.417202063379E+000  9.759857945122E-002 -9.203539594941E-002  8.781761152004E-002
  3.442952004065E+000  9.525755948725E-002 -8.980063638265E-002  8.576242801414E-002
  3.468949839059E+000  9.295168962898E-002 -8.759756861634E-002  8.372471093538E-002
  3.495198735552E+000  9.068096050805E-002 -8.542647052205E-002  8.170569641515E-002
  3.521701911582E+000  8.844534830995E-002 -8.328758966360E-002  7.970655217826E-002
  3.548462637020E+000  8.624481505310E-002 -8.118114386060E-002  7.772837852357E-002
  3.575484234572E+000  8.407930887528E-002 -7.910732177245E-002  7.577220934923E-002
  3.602770080809E+000  8.194876432679E-002 -7.706628350188E-002  7.383901322235E-002
  3.630323607217E+000  7.985310266988E-002 -7.505816121738E-002  7.192969449261E-002
  3.658148301271E+000  7.779223218411E-002 -7.308305979374E-002  7.004509444926E-002
  3.686247707537E+000  7.576604847687E-002 -7.114105746963E-002  6.818599252084E-002
  3.714625428793E+000  7.377443479881E-002 -6.923220652149E-002  6.635310751651E-002
  3.743285127184E+000  7.181726236346E-002 -6.735653395252E-002  6.454709890815E-002
  3.772230525397E+000  6.989439067053E-002 -6.551404219587E-002  6.276856815188E-002
  3.801465407866E+000  6.800566783242E-002 -6.370470983084E-002  6.101806004760E-002
  3.830993622005E+000  6.615093090323E-002 -6.192849231095E-002  5.929606413508E-002
  3.860819079470E+000  6.433000620983E-002 -6.018532270270E-002  5.760301612477E-002
  3.890945757450E+000  6.254270968438E-002 -5.847511243372E-002  5.593929936167E-002
  3.921377699988E+000  6.078884719759E-002 -5.679775204910E-002  5.430524632000E-002
  3.952119019336E+000  5.906821489241E-002 -5.515311197453E-002  5.270114012675E-002
  3.983173897337E+000  5.738059951730E-002 -5.354104328496E-002  5.112721611169E-002
  4.014546586845E+000  5.572577875868E-002 -5.196137847731E-002  4.958366338143E-002
  4.046241413173E+000  5.410352157193E-002 -5.041393224597E-002  4.807062641512E-002
  4.078262775585E+000  5.251358851042E-002 -4.889850225956E-002  4.658820667896E-002
  4.110615148813E+000  5.095573205191E-002 -4.741486993765E-002  4.513646425686E-002
  4.143303084620E+000  4.942969692204E-002 -4.596280122586E-002  4.371541949447E-002
  4.176331213391E+000  4.793522041403E-002 -4.454204736810E-002  4.232505465348E-002
  4.209704245774E+000  4.647203270447E-002 -4.315234567439E-002  4.096531557334E-002
  4.243426974351E+000  4.503985716440E-002 -4.179342028287E-002  3.963611333726E-002
  4.277504275353E+000  4.363841066545E-002 -4.046498291473E-002  3.833732593940E-002
  4.311941110423E+000  4.226740388048E-002 -3.916673362047E-002  3.706879995010E-002
  4.346742528412E+000  4.092654157835E-002 -3.789836151636E-002  3.583035217602E-002
  4.381913667228E+000  3.961552291245E-002 -3.665954550965E-002  3.462177131186E-002
  4.417459755726E+000  3.833404170262E-002 -3.544995501134E-002  3.344281958081E-002
  4.453386115645E+000  3.708178671017E-002 -3.426925063523E-002  3.229323436014E-002
  4.489698163598E+000  3.585844190568E-002 -3.311708488204E-002  3.117272978926E-002
  4.526401413105E+000  3.466368672937E-002 -3.199310280764E-002  3.008099835677E-002
  4.563501476684E+000  3.349719634382E-002 -3.089694267407E-002  2.901771246387E-002
  4.601004067991E+000  3.235864187879E-002 -2.982823658263E-002  2.798252596082E-002
  4.638915004011E+000  3.124769066817E-002 -2.878661108782E-002  2.697507565391E-002
  4.677240207311E+000  3.016400647881E-002 -2.777168779159E-002  2.599498278001E-002
  4.715985708351E+000  2.910724973122E-002 -2.678308391678E-002  2.504185444613E-002
  4.755157647843E+000  2.807707771218E-002 -2.582041285941E-002  2.411528503145E-002
  4.794762279187E+000  2.707314477922E-002 -2.488328471886E-002  2.321485754953E-002
  4.834805970953E+000  2.609510255705E-002 -2.397130680568E-002  2.234014496827E-002
  4.875295209443E+000  2.514260012614E-002 -2.308408412649E-002  2.149071148593E-002
  4.916236601308E+000  2.421528420344E-002 -2.222121984560E-002  2.066611376083E-002
  4.957636876237E+000  2.331279931556E-002 -2.138231572315E-002  1.986590209352E-002
  4.999502889720E+000  2.243478796464E-002 -2.056697252966E-002  1.908962155943E-002
  5.041841625875E+000  2.158089078707E-002 -1.977479043680E-002  1.833681309107E-002
  5.084660200360E+000  2.075074670550E-002 -1.900536938456E-002  1.760701450829E-002
  5.127965863354E+000  1.994399307441E-002 -1.825830942488E-002  1.689976149600E-002
  5.171766002619E+000  1.916026581960E-002 -1.753321104204E-002  1.621458852828E-002
  5.216068146649E+000  1.839919957208E-002 -1.682967544998E-002  1.555102973872E-002
  5.260879967894E+000  1.766042779673E-002 -1.614730486725E-002  1.490861973643E-002
  5.306209286078E+000  1.694358291621E-002 -1.548570276974E-002  1.428689436770E-002
  5.352064071605E+000  1.624829643068E-002 -1.484447412211E-002  1.368539142361E-002
  5.398452449055E+000  1.557419903367E-002 -1.422322558843E-002  1.310365129359E-002
  5.445382700775E+000  1.492092072481E-002 -1.362156572275E-002  1.254121756582E-002
  5.492863270572E+000  1.428809091986E-002 -1.303910514061E-002  1.199763757499E-002
  5.540902767504E+000  1.367533855858E-002 -1.247545667215E-002  1.147246289849E-002
  5.589509969774E+000  1.308229221112E-002 -1.193023549804E-002  1.096524980209E-002
  5.638693828737E+000  1.250858018324E-002 -1.140305926902E-002  1.047555963648E-002
  5.688463473008E+000  1.195383062126E-002 -1.089354821030E-002  1.000295918614E-002
  5.738828212699E+000  1.141767161701E-002 -1.040132521180E-002  9.547020972200E-003
  5.789797543759E+000  1.089973131340E-002 -9.926015905522E-003  9.107323511166E-003
  5.841381152447E+000  1.039963801131E-002 -9.467248731127E-003  8.683451531309E-003
  5.893588919926E+000  9.917020278010E-003 -9.024654990971E-003  8.274996148979E-003
  5.946430926988E+000  9.451507057928E-003 -8.597868895839E-003  7.881555006927E-003
  5.999917458910E+000  9.002727785970E-003 -8.186527602594E-003  7.502732376969E-003
  6.054059010457E+000  8.570312503991E-003 -7.790271244958E-003  7.138139229370E-003
  6.108866291020E+000  8.153891980767E-003 -7.408742958681E-003  6.787393271403E-003
  6.164350229902E+000  7.753097835834E-003 -7.041588902261E-003  6.450118957597E-003
  6.220521981762E+000  7.367562667531E-003 -6.688458274439E-003  6.125947474208E-003
  6.277392932215E+000  6.996920185531E-003 -6.349003329581E-003  5.814516700496E-003
  6.334974703589E+000  6.640805348088E-003 -6.022879392073E-003  5.515471149382E-003
  6.393279160860E+000  6.298854504187E-003 -5.709744870776E-003  5.228461890052E-003
  6.452318417752E+000  5.970705540740E-003 -5.409261274562E-003  4.953146455047E-003
  6.512104843026E+000  5.655998034882E-003 -5.121093229846E-003  4.689188734344E-003
  6.572651066946E+000  5.354373411414E-003 -4.844908501016E-003  4.436258858876E-003
  6.633969987942E+000  5.065475105325E-003 -4.580378014534E-003  4.194033075855E-003
  6.696074779472E+000  4.788948729319E-003 -4.327175887446E-003  3.962193618198E-003
  6.758978897091E+000  4.524442246170E-003 -4.084979460927E-003  3.740428570227E-003
  6.822696085726E+000  4.271606145689E-003 -3.853469339412E-003  3.528431731752E-003
  6.887240387180E+000  4.030093626023E-003 -3.632329435758E-003  3.325902482463E-003
  6.952626147859E+000  3.799560778937E-003 -3.421247022809E-003  3.132545648470E-003
  7.018868026732E+000  3.579666778684E-003 -3.219912791620E-003  2.948071372672E-003
  7.085981003543E+000  3.370074073998E-003 -3.028020916498E-003  2.772194990477E-003
  7.153980387268E+000  3.170448582699E-003 -2.845269126937E-003  2.604636912258E-003
  7.222881824836E+000  2.980459888333E-003 -2.671358786406E-003  2.445122513742E-003
  7.292701310121E+000  2.799781438239E-003 -2.505994977853E-003  2.293382035384E-003
  7.363455193219E+000  2.628090742366E-003 -2.348886595711E-003  2.149150491594E-003
  7.435160190001E+000  2.465069572147E-003 -2.199746444072E-003  2.012167590521E-003
  7.507833391988E+000  2.310404158661E-003 -2.058291340623E-003  1.882177664925E-003
  7.581492276516E+000  2.163785389322E-003 -1.924242225848E-003  1.758929614481E-003
  7.656154717242E+000  2.024909002277E-003 -1.797324276917E-003  1.642176859737E-003
  7.731838994973E+000  1.893475777681E-003 -1.677267025605E-003  1.531677307725E-003
  7.808563808847E+000  1.769191724996E-003 -1.563804479519E-003  1.427193329111E-003
  7.886348287874E+000  1.651768265469E-003 -1.456675245857E-003  1.328491746606E-003
  7.965212002848E+000  1.540922408893E-003 -1.355622656842E-003  1.235343834205E-003
  8.045174978646E+000  1.436376923826E-003 -1.260394895956E-003  1.147525326709E-003
  8.126257706932E+000  1.337860500376E-003 -1.170745124045E-003  1.064816438836E-003
  8.208481159274E+000  1.245107904734E-003 -1.086431604332E-003  9.870018931392E-004
  8.291866800694E+000  1.157860124632E-003 -1.007217825378E-003  9.138709558315E-004
  8.376436603664E+000  1.075864504931E-003 -9.328726209729E-004  8.452174795299E-004
  8.462213062574E+000  9.988748725875E-004 -8.631702859968E-004  7.808399518663E-004
  8.549219208676E+000  9.266516502909E-004 -7.978906872447E-004  7.205415488395E-004
  8.637478625536E+000  8.589619580959E-004 -7.368193682547E-004  6.641301917388E-004
  8.727015464999E+000  7.955797024531E-004 -6.797476471970E-004  6.114186064366E-004
  8.817854463709E+000  7.362856520796E-004 -6.264727069146E-004  5.622243838244E-004
  8.910020960175E+000  6.808675001874E-004 -5.767976762516E-004  5.163700401629E-004
  9.003540912431E+000  6.291199126567E-004 -5.305317018570E-004  4.736830761235E-004
  9.098440916308E+000  5.808445618135E-004 -4.874900097118E-004  4.339960333190E-004
  9.194748224321E+000  5.358501455526E-004 -4.474939556931E-004  3.971465471573E-004
  9.292490765233E+000  4.939523916259E-004 -4.103710645645E-004  3.629773948957E-004
  9.391697164283E+000  4.549740470041E-004 -3.759550568631E-004  3.313365378332E-004
  9.492396764138E+000  4.187448523032E-004 -3.440858632353E-004  3.020771566462E-004
  9.594619646576E+000  3.851015013577E-004 -3.146096258687E-004  2.750576789522E-004
  9.698396654938E+000  3.538875861086E-004 -2.873786867565E-004  2.501417982729E-004
  9.803759417385E+000  3.249535270650E-004 -2.622515626327E-004  2.271984836630E-004
  9.910740370981E+000  2.981564896820E-004 -2.390929065086E-004  2.061019793744E-004
  1.001937278665E+001  2.733602870853E-004 -2.177734558473E-004  1.867317940313E-004
  1.012969079502E+001  2.504352696552E-004 -1.981699675078E-004  1.689726789032E-004
  1.024172941323E+001  2.292582020610E-004 -1.801651396907E-004  1.527145949774E-004
  1.035552457272E+001  2.097121284117E-004 -1.636475212138E-004  1.378526686484E-004
  1.047111314798E+001  1.916862262608E-004 -1.485114085386E-004  1.242871359574E-004
  1.058853298647E+001  1.750756502662E-004 -1.346567310605E-004  1.119232754293E-004
  1.070782293953E+001  1.597813663640E-004 -1.219889252583E-004  1.006713296698E-004
  1.082902289454E+001  1.457099773676E-004 -1.104187983778E-004  9.044641599123E-005
  1.095217380826E+001  1.327735409478E-004 -9.986238239944E-005  8.116842644271E-005
  1.107731774137E+001  1.208893809833E-004 -9.024077910281E-005  7.276191771858E-005
  1.120449789442E+001  1.099798933023E-004 -8.147999710002E-005  6.515599151050E-005
  1.133375864507E+001  9.997234685091E-005 -7.351078175893E-005  5.828416595412E-005
  1.146514558681E+001  9.079868133965E-005 -6.626843897756E-005  5.208423889638E-005
  1.159870556913E+001  8.239530241458E-005 -5.969265380188E-005  4.649814377686E-005
  1.173448673928E+001  7.470287539711E-005 -5.372730490083E-005  4.147179897316E-005
  1.187253858566E+001  6.766611861687E-005 -4.832027592369E-005  3.695495150730E-005
  1.201291198287E+001  6.123359733754E-005 -4.342326476704E-005  3.290101604563E-005
  1.215565923859E+001  5.535751924145E-005 -3.899159177000E-005  2.926691015050E-005
  1.230083414231E+001  4.999353239669E-005 -3.498400783898E-005  2.601288675540E-005
  1.244849201595E+001  4.510052658066E-005 -3.136250347602E-005  2.310236483908E-005
  1.259868976657E+001  4.064043877712E-005 -2.809211964851E-005  2.050175926625E-005
  1.275148594119E+001  3.657806360069E-005 -2.514076139373E-005  1.818031074477E-005
  1.290694078384E+001  3.288086933390E-005 -2.247901499907E-005  1.610991682103E-005
  1.306511629490E+001  2.951882018814E-005 -2.007996953940E-005  1.426496479841E-005
  1.322607629292E+001  2.646420532268E-005 -1.791904348711E-005  1.262216741691E-005
  1.338988647898E+001  2.369147507516E-005 -1.597381703922E-005  1.116040207875E-005
  1.355661450375E+001  2.117708477501E-005 -1.422387072997E-005  9.860554343252E-006
  1.372633003727E+001  1.889934642794E-005 -1.265063081860E-005  8.705366347274E-006
  1.389910484176E+001  1.683828847670E-005 -1.123722185997E-005  7.679290735313E-006
  1.407501284743E+001  1.497552376180E-005 -9.968326783337E-006  6.768350607255E-006
  1.425413023161E+001  1.329412572613E-005 -8.830054721370E-006  5.960005912716E-006
  1.443653550117E+001  1.177851283158E-005 -7.809816749410E-006  5.243026640311E-006
  1.462230957852E+001  1.041434108351E-005 -6.896209614965E-006  4.607373069062E-006
  1.481153589140E+001  9.188404492156E-006 -6.078907460260E-006  4.044083268583E-006
  1.500430046649E+001  8.088543238868E-006 -5.348561467535E-006  3.545167955916E-006
  1.520069202718E+001  7.103559260458E-006 -4.696707288466E-006  3.103512740888E-006
  1.540080209569E+001  6.223138917435E-006 -4.115680056442E-006  2.712787719636E-006
  1.560472509963E+001  5.437782371771E-006 -3.598536724081E-006  2.367364308383E-006
  1.581255848342E+001  4.738739267595E-006 -3.138985418947E-006  2.062239147514E-006
  1.602440282470E+001  4.117950283815E-006 -2.731321468277E-006  1.792964850053E-006
  1.624036195599E+001  3.567994111305E-006 -2.370369709084E-006  1.555587319469E-006
  1.646054309190E+001  3.082039398626E-006 -2.051432673263E-006  1.346589319696E-006
  1.668505696224E+001  2.653801209245E-006 -1.770244218410E-006  1.162839945597E-006
  1.691401795117E+001  2.277501539208E-006 -1.522928163821E-006  1.001549615048E-006
  1.714754424293E+001  1.947833456879E-006 -1.305961487230E-006  8.602301842829E-007
  1.738575797433E+001  1.659928444917E-006 -1.116141640959E-006  7.366597760143E-007
  1.762878539445E+001  1.409326548393E-006 -9.505575556903E-007  6.288519048062E-007
  1.787675703191E+001  1.191948961062E-006 -8.065639154597E-007  5.350284858647E-007
  1.812980787015E+001  1.004072713390E-006 -6.817583078875E-007  4.535963212332E-007
  1.838807753110E+001  8.423071600492E-007 -5.739608784880E-007  3.831266707640E-007
  1.865171046781E+001  7.035720003810E-007 -4.811961460858E-007  3.223375334426E-007
  1.892085616642E+001  5.850766017586E-007 -4.016766672003E-007  2.700782869194E-007
  1.919566935809E+001  4.843004320843E-007 -3.337882697855E-007  2.253163586304E-007
  1.947631024137E+001  3.989744429018E-007 -2.760766100815E-007  1.871256298482E-007
  1.976294471571E+001  3.270632781050E-007 -2.272348397389E-007  1.546763035639E-007
  2.005574462663E+001  2.667482142854E-007 -1.860922030314E-007  1.272259974614E-007
  2.035488802332E+001  2.164107668437E-007 -1.516034152029E-007  1.041118536516E-007
  2.066055942930E+001  1.746169206616E-007 -1.228387021963E-007  8.474348658593E-008
  2.097295012706E+001  1.401019650865E-007 -9.897440869112E-008  6.859661905468E-008
  2.129225845729E+001  1.117559300510E-007 -7.928410516042E-008  5.520728286129E-008
  2.161869013374E+001  8.860963328095E-008 -6.313014526798E-008  4.416648522800E-008
  2.195245857462E+001  6.982135783646E-008 -4.995564223235E-008  3.511526390377E-008
  2.229378525140E+001  5.466418484566E-008 -3.927684674148E-008  2.774007309984E-008
  2.264290005632E+001  4.251400855381E-008 -3.067591969022E-008  2.176845866106E-008
  2.300004168951E+001  3.283826007275E-008 -2.379410060232E-008  1.696499428295E-008
  2.336545806705E+001  2.518536293465E-008 -1.832527734179E-008  1.312746118805E-008
  2.373940675129E+001  1.917493820836E-008 -1.400996493614E-008  1.008326164263E-008
  2.412215540475E+001  1.448877003946E-008 -1.062970139537E-008  7.686062255226E-009
  2.451398226921E+001  1.086253453750E-008 -8.001866716911E-009  5.812666433675E-009
  2.491517667142E+001  8.078286452114E-009 -5.974928230575E-009  4.360117001768E-009
  2.532603955735E+001  5.957689515122E-009 -4.424111469528E-009  3.243030127863E-009
  2.574688405660E+001  4.355968088904E-009 -3.247491241080E-009  2.391160734183E-009
  2.617803607920E+001  3.156550201875E-009 -2.362492870338E-009  1.747197767211E-009
  2.661983494664E+001  2.266365449087E-009 -1.702789010017E-009  1.264785422987E-009
  2.707263405971E+001  1.611755793634E-009 -1.215573208026E-009  9.067639104544E-010
  2.753680160532E+001  1.134953151522E-009 -8.591877999589E-010  6.436208349064E-010
  2.801272130518E+001  7.910748342048E-010 -6.010807860839E-010  4.521419808145E-010
  2.850079320900E+001  5.455864476196E-010 -4.160642437259E-010  3.142483105807E-010
  2.900143453541E+001  3.721816339593E-010 -2.848455440497E-010  2.160044680721E-010
  2.951508056378E+001  2.510289742744E-010 -1.928021676577E-010  1.467830346632E-010
  3.004218558064E+001  1.673382916142E-010 -1.289711870891E-010  9.856824333079E-011
  3.058322388437E+001  1.102013269677E-010 -8.522541666020E-011  6.538279269616E-011
  3.113869085248E+001  7.166511284637E-011 -5.560971053365E-011  4.282177150273E-011
  3.170910407585E+001  4.600015008555E-011 -3.581279608209E-011  2.767844010622E-011
  3.229500456485E+001  2.912951922034E-011 -2.275223599778E-011  1.764764315405E-011
  3.289695803249E+001  1.818916219019E-011 -1.425249800104E-011  1.109386626439E-011
  3.351555626047E+001  1.119360922705E-011 -8.798564587603E-012  6.872320005654E-012
  3.415141855403E+001  6.785281913782E-012 -5.349941028666E-012  4.192863655698E-012
  3.480519329257E+001  4.049086758200E-012 -3.202239424146E-012  2.518005366186E-012
  3.547755958299E+001  2.377262047110E-012 -1.885670499912E-012  1.487582373043E-012
  3.616922902393E+001  1.372317892938E-012 -1.091722219913E-012  8.639952754181E-013
  3.688094758921E+001  7.784017613533E-013 -6.210217279979E-013  4.930171742052E-013
  3.761349763993E+001  4.335348975228E-013 -3.468564369416E-013  2.762062456328E-013
  3.836770007534E+001  2.369192942451E-013 -1.900755530204E-013  1.518138379950E-013
  3.914441663347E+001  1.269410731407E-013 -1.021188332548E-013  8.180231972544E-014
  3.994455235367E+001  6.663184871438E-014 -5.374541162673E-014  4.317671652549E-014
  4.076905821405E+001  3.423532378270E-014 -2.768650457057E-014  2.230483481507E-014
  4.161893395835E+001  1.720267701919E-014 -1.394769688736E-014  1.126758187743E-014
  4.249523112779E+001  8.445839778399E-015 -6.865007364128E-015  5.560856729693E-015
  4.339905631520E+001  4.047527614625E-015 -3.298062927175E-015  2.678599043591E-015
  4.433157466006E+001  1.891426122795E-015 -1.544930725967E-015  1.258003677189E-015
  4.529401360538E+001  8.609340780074E-016 -7.048876767655E-016  5.754312689280E-016
  4.628766693861E+001  3.812713267969E-016 -3.128922145251E-016  2.560624525499E-016
  4.731389914191E+001  1.640807452620E-016 -1.349613276678E-016  1.107173041476E-016
  4.837415007871E+001  6.853094461647E-017 -5.649504861157E-017  4.645681375813E-017
  4.946994004686E+001  2.774193684416E-017 -2.291994362313E-017  1.889138267068E-017
  5.060287523143E+001  1.086900949562E-017 -8.999145966537E-018  7.434322341294E-018
  5.177465359367E+001  4.115219431648E-018 -3.414449240366E-018  2.827025929819E-018
  5.298707123650E+001  1.503331145477E-018 -1.249915729711E-018  1.037142591899E-018
  5.424202929116E+001  5.289847304443E-019 -4.407070643169E-019  3.664682274630E-019
  5.554154137419E+001  1.789712006490E-019 -1.494010007125E-019  1.244941019979E-019
  5.688774166961E+001  5.811025701216E-020 -4.860373059598E-020  4.058397659731E-020
  5.828289369667E+001  1.807091517904E-020 -1.514351439359E-020  1.267017301544E-020
  5.972939983075E+001  5.370807349424E-021 -4.509198665405E-021  3.780137931469E-021
  6.122981165190E+001  1.522115912734E-021 -1.280278990645E-021  1.075343463932E-021
  6.278684120462E+001  4.103544659793E-022 -3.457779205189E-022  2.909754844235E-022
  6.440337326150E+001  1.049691324485E-022 -8.860643768631E-023  7.470051343358E-023
  6.608247869451E+001  2.540801562766E-023 -2.148446925586E-023  1.814533782855E-023
  6.782742906960E+001  5.802626097205E-024 -4.914887465023E-024  4.158334387659E-024
  6.964171259434E+001  1.246456864273E-024 -1.057514925065E-024  8.962751365746E-025
  7.152905156377E+001  2.510107004868E-025 -2.133080014763E-025  1.810901919603E-025
  7.349342146763E+001  4.722097695218E-026 -4.019214457842E-026  3.417795998726E-026
  7.553907194217E+001  8.267319166913E-027 -7.047711154042E-027  6.002812316267E-027
  7.767054977292E+001  1.341607857845E-027 -1.145439820612E-027  9.771595628218E-028
  7.989272418113E+001  2.009263371951E-028 -1.718039643041E-028  1.467905325166E-028
  8.221081465675E+001  2.764280069419E-029 -2.367088771234E-029  2.025519638455E-029
  8.463042163523E+001  3.476138042915E-030 -2.980934837744E-030  2.554565867573E-030
  8.715756035520E+001  3.974265894579E-031 -3.412890384760E-031  2.928974535595E-031
  8.979869827958E+001  4.107349043465E-032 -3.532028308222E-032  3.035514029710E-032
  9.256079651532E+001  3.813463386261E-033 -3.283724279634E-033  2.826024954546E-033
  9.545135572765E+001  3.159585715035E-034 -2.724265134941E-034  2.347721558411E-034
  9.847846711487E+001  2.319335815558E-035 -2.002362820867E-035  1.727884852694E-035
  1.016508690915E+002  1.496716085664E-036 -1.293797889099E-036  1.117893422342E-036
  1.049780104220E+002  8.419792660859E-038 -7.287262769393E-038  6.304456900975E-038
  1.084701206579E+002  4.091575716116E-039 -3.545503917718E-039  3.071129088381E-039
  1.121382888606E+002  1.700648869648E-040 -1.475417300587E-040  1.279556882907E-040
  1.159945517414E+002  5.981548068628E-042 -5.195356050382E-042  4.510998052876E-042
  1.200519925308E+002  1.759630201169E-043 -1.530077587535E-043  1.330060956430E-043
  1.243248520934E+002  4.274869817024E-045 -3.721296297517E-045  3.238481872232E-045
  1.288286540551E+002  8.458728504966E-047 -7.371313658736E-047  6.421992349571E-047
  1.335803459987E+002  1.342772355659E-048 -1.171385739615E-048  1.021624317644E-048
  1.385984591287E+002  1.682033243755E-050 -1.468856212060E-050  1.282406963527E-050
  1.439032892205E+002  1.632813050395E-052 -1.427308706115E-052  1.247408956152E-052
  1.495171021587E+002  1.204143081602E-054 -1.053624840834E-054  9.217444532455E-055
  1.554643679592E+002  6.600453884166E-057 -5.780933950587E-057  5.062272445033E-057
  1.617720278763E+002  2.625296872617E-059 -2.301488994952E-059  2.017292740504E-059
  1.684698000514E+002  7.378507789036E-062 -6.474338433954E-062  5.680121497945E-062
  1.755905301928E+002  1.423004324255E-064 -1.249740018939E-064  1.097422707148E-064
  1.831705950299E+002  1.822981306509E-067 -1.602406190509E-067  1.408344456253E-067
  1.912503678195E+002  1.496356470969E-070 -1.316415126016E-070  1.157980522651E-070
  1.998747570544E+002  7.560347009787E-074 -6.656677165092E-074  5.860413222618E-074
  2.090938318328E+002  2.248404884773E-077 -1.981248408749E-077  1.745670982160E-077
  2.189635501945E+002  3.743846342336E-081 -3.301580216394E-081  2.911310449953E-081
  2.295466102647E+002  3.300184444645E-085 -2.912543104669E-085  2.570235011893E-085
  2.409134484547E+002  1.446087266483E-089 -1.277173631713E-089  1.127911290754E-089
  2.531434144886E+002  2.934153864303E-094 -2.593287677112E-094  2.291875662093E-094
  2.663261599835E+002  2.544463035013E-099 -2.250440311459E-099  1.990279853400E-099
  2.805632861191E+002  8.611588750724E-105 -7.621657589461E-105  6.745177970321E-105
  2.959703071532E+002  1.025855254544E-110 -9.085281412390E-111  8.045829638030E-111
  3.126790009236E+002  3.823184501046E-117 -3.388091470817E-117  3.002391207781E-117
  3.308402360200E+002  3.894942934669E-124 -3.453822794277E-124  3.062550337260E-124
  3.506273893903E+002  9.288907129804E-132 -8.241841196786E-132  7.312567275196E-132
  3.722404996260E+002  4.336131882012E-140 -3.849589624727E-140  3.417543239648E-140
  3.959113426415E+002  3.220054314874E-149 -2.860350244599E-149  2.540764038970E-149
  4.219096715122E+002  2.988343557580E-159 -2.655965390771E-159  2.360503951651E-159
  4.505509359373E+002  2.613493059391E-170 -2.324025971900E-170  2.066580087649E-170
  4.822058963204E+002  1.545776169665E-182 -1.375263474060E-182  1.223539319689E-182
  5.173126831536E+002  4.177543857732E-196 -3.718536004266E-196  3.309913599060E-196
  5.563920392209E+002  3.236940741653E-211 -2.882633639071E-211  2.567075933842E-211
  6.000667421536E+002  4.118119131060E-228 -3.669014682900E-228  3.268852557198E-228
  6.490865708786E+002  4.396776623782E-247 -3.918979182538E-247  3.493071997433E-247
  7.043607010442E+002  1.745704869405E-268 -1.556645100834E-268  1.388049738620E-268
  7.670001674974E+002  9.532985945251E-293 -8.503941041980E-293  7.585927646226E-293
  8.383741345464E+002  0.000000000000E+000  0.000000000000E+000  0.000000000000E+000
  9.201853543213E+002  0.000000000000E+000  0.000000000000E+000  0.000000000000E+000
  1.014572672318E+003  0.000000000000E+000  0.000000000000E+000  0.000000000000E+000
  1.124252254996E+003  0.000000000000E+000  0.000000000000E+000  0.000000000000E+000
  1.252715205428E+003  0.000000000000E+000  0.000000000000E+000  0.000000000000E+000
  1.404508845568E+003  0.000000000000E+000  0.000000000000E+000  0.000000000000E+000
  1.585644739908E+003  0.000000000000E+000  0.000000000000E+000  0.000000000000E+000
  1.804203189488E+003  0.000000000000E+000  0.000000000000E+000  0.000000000000E+000
  2.071250249814E+003  0.000000000000E+000  0.000000000000E+000  0.000000000000E+000
  2.402266552340E+003  0.000000000000E+000  0.000000000000E+000  0.000000000000E+000
  2.819442449497E+003  0.000000000000E+000  0.000000000000E+000  0.000000000000E+000
  3.355496240167E+003  0.000000000000E+000  0.000000000000E+000  0.000000000000E+000
  4.060290442982E+003  0.000000000000E+000  0.000000000000E+000  0.000000000000E+000
  5.012860622227E+003  0.000000000000E+000  0.000000000000E+000  0.000000000000E+000
  6.344578802016E+003  0.000000000000E+000  0.000000000000E+000  0.000000000000E+000
  8.287000878586E+003  0.000000000000E+000  0.000000000000E+000  0.000000000000E+000
  1.127976970933E+004  0.000000000000E+000  0.000000000000E+000  0.000000000000E+000
  1.624316171036E+004  0.000000000000E+000  0.000000000000E+000  0.000000000000E+000
  2.538031516868E+004  0.000000000000E+000  0.000000000000E+000  0.000000000000E+000
  4.512107881524E+004  0.000000000000E+000  0.000000000000E+000  0.000000000000E+000
  1.015232606647E+005  0.000000000000E+000  0.000000000000E+000  0.000000000000E+000
  4.060950426526E+005  0.000000000000E+000  0.000000000000E+000  0.000000000000E+000
