# 1st line: number of mesh points
# abcissa wavefunction wavefunction_1st wavefunction_2nd
1000
# Principal QN=   3 , l=   1 , Occupation=   5.0000
  2.462477732966E-006  4.351136931514E-004  1.766881388905E+002 -7.613929501975E+003
  9.849959442330E-006  1.740186344247E-003  1.766318998349E+002 -7.611571781799E+003
  2.216259066178E-005  3.914412927239E-003  1.765382055407E+002 -7.607644173244E+003
  3.940061395432E-005  6.956452594924E-003  1.764071121583E+002 -7.602149561218E+003
  6.156436892224E-005  1.086442997168E-002  1.762386982042E+002 -7.595091979196E+003
  8.865429222131E-005  1.563593696040E-002  1.760330644669E+002 -7.586476603834E+003
  1.206709175794E-004  2.126803506056E-002  1.757903338862E+002 -7.576309748064E+003
  1.576148758184E-004  2.775725819359E-002  1.755106514067E+002 -7.564598852680E+003
  1.994868948811E-004  3.509961603089E-002  1.751941838044E+002 -7.551352476428E+003
  2.462877998613E-004  4.329059781912E-002  1.748411194882E+002 -7.536580284620E+003
  2.980185130383E-004  5.232517669627E-002  1.744516682759E+002 -7.520293036299E+003
  3.546800539158E-004  6.219781449178E-002  1.740260611449E+002 -7.502502569967E+003
  4.162735392647E-004  7.290246700245E-002  1.735645499588E+002 -7.483221787906E+003
  4.828001831694E-004  8.443258973580E-002  1.730674071694E+002 -7.462464639131E+003
  5.542612970792E-004  9.678114411159E-002  1.725349254961E+002 -7.440246100987E+003
  6.306582898628E-004  1.099406041111E-001  1.719674175814E+002 -7.416582159437E+003
  7.119926678676E-004  1.239029633636E-001  1.713652156246E+002 -7.391489788076E+003
  7.982660349828E-004  1.386597426591E-001  1.707286709943E+002 -7.364986925903E+003
  8.894800927067E-004  1.542019978739E-001  1.700581538188E+002 -7.337092453891E+003
  9.856366402179E-004  1.705203282982E-001  1.693540525577E+002 -7.307826170405E+003
  1.086737574451E-003  1.876048853504E-001  1.686167735530E+002 -7.277208765504E+003
  1.192784890174E-003  2.054453816662E-001  1.678467405620E+002 -7.245261794180E+003
  1.303780680078E-003  2.240311005464E-001  1.670443942724E+002 -7.212007648569E+003
  1.419727134858E-003  2.433509057506E-001  1.662101918008E+002 -7.177469529203E+003
  1.540626543307E-003  2.633932516184E-001  1.653446061740E+002 -7.141671415336E+003
  1.666481292416E-003  2.841461935062E-001  1.644481257966E+002 -7.104638034408E+003
  1.797293867468E-003  3.055973985201E-001  1.635212539038E+002 -7.066394830691E+003
  1.933066852148E-003  3.277341565305E-001  1.625645080002E+002 -7.026967933185E+003
  2.073802928647E-003  3.505433914504E-001  1.615784192877E+002 -6.986384122809E+003
  2.219504877777E-003  3.740116727616E-001  1.605635320813E+002 -6.944670798946E+003
  2.370175579090E-003  3.981252272692E-001  1.595204032143E+002 -6.901855945409E+003
  2.525818010992E-003  4.228699510702E-001  1.584496014354E+002 -6.857968095874E+003
  2.686435250879E-003  4.482314217151E-001  1.573517067960E+002 -6.813036298848E+003
  2.852030475254E-003  4.741949105469E-001  1.562273100320E+002 -6.767090082230E+003
  3.022606959872E-003  5.007453951985E-001  1.550770119377E+002 -6.720159417526E+003
  3.198168079872E-003  5.278675722314E-001  1.539014227361E+002 -6.672274683776E+003
  3.378717309917E-003  5.555458698963E-001  1.527011614442E+002 -6.623466631259E+003
  3.564258224347E-003  5.837644609991E-001  1.514768552351E+002 -6.573766345028E+003
  3.754794497325E-003  6.125072758540E-001  1.502291387991E+002 -6.523205208346E+003
  3.950329902993E-003  6.417580153046E-001  1.489586537030E+002 -6.471814866083E+003
  4.150868315631E-003  6.715001637973E-001  1.476660477493E+002 -6.419627188115E+003
  4.356413709820E-003  7.017170024883E-001  1.463519743373E+002 -6.366674232819E+003
  4.566970160612E-003  7.323916223665E-001  1.450170918253E+002 -6.312988210687E+003
  4.782541843700E-003  7.635069373769E-001  1.436620628970E+002 -6.258601448148E+003
  5.003133035593E-003  7.950456975254E-001  1.422875539304E+002 -6.203546351629E+003
  5.228748113801E-003  8.269905019509E-001  1.408942343732E+002 -6.147855371936E+003
  5.459391557015E-003  8.593238119462E-001  1.394827761232E+002 -6.091560968991E+003
  5.695067945303E-003  8.920279639136E-001  1.380538529155E+002 -6.034695576986E+003
  5.935781960296E-003  9.250851822396E-001  1.366081397181E+002 -5.977291570021E+003
  6.181538385392E-003  9.584775920723E-001  1.351463121355E+002 -5.919381228246E+003
  6.432342105956E-003  9.921872319890E-001  1.336690458216E+002 -5.860996704593E+003
  6.688198109528E-003  1.026196066538E+000  1.321770159034E+002 -5.802169992124E+003
  6.949111486034E-003  1.060485998643E+000  1.306708964152E+002 -5.742932892042E+003
  7.215087428003E-003  1.095038881856E+000  1.291513597445E+002 -5.683316982429E+003
  7.486131230784E-003  1.129836532443E+000  1.276190760911E+002 -5.623353587734E+003
  7.762248292776E-003  1.164860741300E+000  1.260747129380E+002 -5.563073749061E+003
  8.043444115654E-003  1.200093285674E+000  1.245189345376E+002 -5.502508195302E+003
  8.329724304602E-003  1.235515940695E+000  1.229524014111E+002 -5.441687315142E+003
  8.621094568555E-003  1.271110490689E+000  1.213757698632E+002 -5.380641129978E+003
  8.917560720438E-003  1.306858740285E+000  1.197896915128E+002 -5.319399267790E+003
  9.219128677417E-003  1.342742525283E+000  1.181948128390E+002 -5.257990937983E+003
  9.525804461149E-003  1.378743723296E+000  1.165917747436E+002 -5.196444907240E+003
  9.837594198038E-003  1.414844264147E+000  1.149812121310E+002 -5.134789476409E+003
  1.015450411950E-002  1.451026140015E+000  1.133637535050E+002 -5.073052458447E+003
  1.047654056222E-002  1.487271415325E+000  1.117400205826E+002 -5.011261157446E+003
  1.080370996845E-002  1.523562236376E+000  1.101106279269E+002 -4.949442348761E+003
  1.113601888623E-002  1.559880840707E+000  1.084761825968E+002 -4.887622260252E+003
  1.147347396972E-002  1.596209566182E+000  1.068372838161E+002 -4.825826554665E+003
  1.181608197948E-002  1.632530859814E+000  1.051945226604E+002 -4.764080313158E+003
  1.216384978272E-002  1.668827286296E+000  1.035484817627E+002 -4.702408019975E+003
  1.251678435364E-002  1.705081536263E+000  1.018997350381E+002 -4.640833548301E+003
  1.287489277369E-002  1.741276434268E+000  1.002488474269E+002 -4.579380147271E+003
  1.323818223191E-002  1.777394946471E+000  9.859637465652E+001 -4.518070430165E+003
  1.360666002522E-002  1.813420188053E+000  9.694286302245E+001 -4.456926363765E+003
  1.398033355872E-002  1.849335430337E+000  9.528884918734E+001 -4.395969258899E+003
  1.435921034603E-002  1.885124107630E+000  9.363485999912E+001 -4.335219762143E+003
  1.474329800963E-002  1.920769823783E+000  9.198141232738E+001 -4.274697848692E+003
  1.513260428113E-002  1.956256358471E+000  9.032901291794E+001 -4.214422816386E+003
  1.552713700165E-002  1.991567673193E+000  8.867815826551E+001 -4.154413280877E+003
  1.592690412217E-002  2.026687916996E+000  8.702933450413E+001 -4.094687171936E+003
  1.633191370382E-002  2.061601431932E+000  8.538301731507E+001 -4.035261730872E+003
  1.674217391826E-002  2.096292758241E+000  8.373967185194E+001 -3.976153509054E+003
  1.715769304806E-002  2.130746639274E+000  8.209975268260E+001 -3.917378367519E+003
  1.757847948698E-002  2.164948026151E+000  8.046370374759E+001 -3.858951477641E+003
  1.800454174044E-002  2.198882082172E+000  7.883195833457E+001 -3.800887322843E+003
  1.843588842578E-002  2.232534186976E+000  7.720493906841E+001 -3.743199701323E+003
  1.887252827273E-002  2.265889940450E+000  7.558305791644E+001 -3.685901729774E+003
  1.931447012370E-002  2.298935166411E+000  7.396671620842E+001 -3.629005848071E+003
  1.976172293425E-002  2.331655916055E+000  7.235630467071E+001 -3.572523824890E+003
  2.021429577341E-002  2.364038471171E+000  7.075220347411E+001 -3.516466764240E+003
  2.067219782411E-002  2.396069347155E+000  6.915478229483E+001 -3.460845112859E+003
  2.113543838356E-002  2.427735295799E+000  6.756440038805E+001 -3.405668668467E+003
  2.160402686371E-002  2.459023307887E+000  6.598140667350E+001 -3.350946588817E+003
  2.207797279156E-002  2.489920615587E+000  6.440613983247E+001 -3.296687401523E+003
  2.255728580967E-002  2.520414694664E+000  6.283892841564E+001 -3.242899014634E+003
  2.304197567655E-002  2.550493266506E+000  6.128009096110E+001 -3.189588727901E+003
  2.353205226706E-002  2.580144299980E+000  5.972993612204E+001 -3.136763244709E+003
  2.402752557287E-002  2.609356013126E+000  5.818876280334E+001 -3.084428684647E+003
  2.452840570292E-002  2.638116874689E+000  5.665686030659E+001 -3.032590596655E+003
  2.503470288379E-002  2.666415605509E+000  5.513450848272E+001 -2.981253972724E+003
  2.554642746023E-002  2.694241179762E+000  5.362197789185E+001 -2.930423262108E+003
  2.606358989558E-002  2.721582826078E+000  5.211952996941E+001 -2.880102386007E+003
  2.658620077221E-002  2.748430028524E+000  5.062741719824E+001 -2.830294752674E+003
  2.711427079202E-002  2.774772527473E+000  4.914588328576E+001 -2.781003272921E+003
  2.764781077690E-002  2.800600320368E+000  4.767516334568E+001 -2.732230375966E+003
  2.818683166921E-002  2.825903662374E+000  4.621548408373E+001 -2.683978025604E+003
  2.873134453224E-002  2.850673066941E+000  4.476706398662E+001 -2.636247736629E+003
  2.928136055074E-002  2.874899306275E+000  4.333011351374E+001 -2.589040591508E+003
  2.983689103139E-002  2.898573411731E+000  4.190483529095E+001 -2.542357257231E+003
  3.039794740329E-002  2.921686674126E+000  4.049142430594E+001 -2.496198002319E+003
  3.096454121851E-002  2.944230643989E+000  3.909006810453E+001 -2.450562713953E+003
  3.153668415253E-002  2.966197131739E+000  3.770094698734E+001 -2.405450915166E+003
  3.211438800486E-002  2.987578207820E+000  3.632423420636E+001 -2.360861782093E+003
  3.269766469947E-002  3.008366202770E+000  3.496009616089E+001 -2.316794161204E+003
  3.328652628537E-002  3.028553707255E+000  3.360869259219E+001 -2.273246586524E+003
  3.388098493714E-002  3.048133572056E+000  3.227017677661E+001 -2.230217296775E+003
  3.448105295547E-002  3.067098908022E+000  3.094469571652E+001 -2.187704252419E+003
  3.508674276771E-002  3.085443085989E+000  2.963239032865E+001 -2.145705152575E+003
  3.569806692844E-002  3.103159736673E+000  2.833339562947E+001 -2.104217451760E+003
  3.631503812000E-002  3.120242750536E+000  2.704784091715E+001 -2.063238376445E+003
  3.693766915309E-002  3.136686277632E+000  2.577584994968E+001 -2.022764941381E+003
  3.756597296732E-002  3.152484727435E+000  2.451754111892E+001 -1.982793965675E+003
  3.819996263183E-002  3.167632768650E+000  2.327302762010E+001 -1.943322088580E+003
  3.883965134583E-002  3.182125329011E+000  2.204241761649E+001 -1.904345784993E+003
  3.948505243923E-002  3.195957595067E+000  2.082581439909E+001 -1.865861380605E+003
  4.013617937323E-002  3.209125011958E+000  1.962331654083E+001 -1.827865066716E+003
  4.079304574093E-002  3.221623283181E+000  1.843501804527E+001 -1.790352914663E+003
  4.145566526792E-002  3.233448370351E+000  1.726100848945E+001 -1.753320889861E+003
  4.212405181296E-002  3.244596492947E+000  1.610137316073E+001 -1.716764865426E+003
  4.279821936853E-002  3.255064128059E+000  1.495619318753E+001 -1.680680635374E+003
  4.347818206155E-002  3.264848010124E+000  1.382554566369E+001 -1.645063927363E+003
  4.416395415396E-002  3.273945130648E+000  1.270950376643E+001 -1.609910414986E+003
  4.485555004336E-002  3.282352737928E+000  1.160813686787E+001 -1.575215729584E+003
  4.555298426375E-002  3.290068336758E+000  1.052151063987E+001 -1.540975471572E+003
  4.625627148608E-002  3.297089688126E+000  9.449687152323E+000 -1.507185221276E+003
  4.696542651902E-002  3.303414808896E+000  8.392724964816E+000 -1.473840549258E+003
  4.768046430958E-002  3.309041971473E+000  7.350679211612E+000 -1.440937026141E+003
  4.840139994379E-002  3.313969703459E+000  6.323601680060E+000 -1.408470231908E+003
  4.912824864743E-002  3.318196787276E+000  5.311540882445E+000 -1.376435764681E+003
  4.986102578670E-002  3.321722259782E+000  4.314542121341E+000 -1.344829248984E+003
  5.059974686895E-002  3.324545411846E+000  3.332647548573E+000 -1.313646343470E+003
  5.134442754336E-002  3.326665787908E+000  2.365896217882E+000 -1.282882748130E+003
  5.209508360169E-002  3.328083185499E+000  1.414324131441E+000 -1.252534210977E+003
  5.285173097899E-002  3.328797654731E+000  4.779642803433E-001 -1.222596534203E+003
  5.361438575437E-002  3.328809497747E+000 -4.431533207460E-001 -1.193065579822E+003
  5.438306415168E-002  3.328119268129E+000 -1.349001604619E+000 -1.163937274797E+003
  5.515778254035E-002  3.326727770261E+000 -2.239556428022E+000 -1.135207615664E+003
  5.593855743605E-002  3.324636058644E+000 -3.114796553423E+000 -1.106872672647E+003
  5.672540550155E-002  3.321845437153E+000 -3.974703635816E+000 -1.078928593290E+003
  5.751834354743E-002  3.318357458246E+000 -4.819262214331E+000 -1.051371605596E+003
  5.831738853289E-002  3.314173922105E+000 -5.648459708404E+000 -1.024198020704E+003
  5.912255756656E-002  3.309296875714E+000 -6.462286418250E+000 -9.974042350932E+002
  5.993386790726E-002  3.303728611869E+000 -7.260735529360E+000 -9.709867323433E+002
  6.075133696481E-002  3.297471668116E+000 -8.043803120768E+000 -9.449420844574E+002
  6.157498230090E-002  3.290528825615E+000 -8.811488176785E+000 -9.192669527589E+002
  6.240482162984E-002  3.282903107917E+000 -9.563792601924E+000 -8.939580883798E+002
  6.324087281946E-002  3.274597779665E+000 -1.030072123871E+001 -8.690123323547E+002
  6.408315389190E-002  3.265616345207E+000 -1.102228188811E+001 -8.444266153354E+002
  6.493168302447E-002  3.255962547110E+000 -1.172848533222E+001 -8.201979569423E+002
  6.578647855056E-002  3.245640364596E+000 -1.241934535896E+001 -7.963234647699E+002
  6.664755896041E-002  3.234654011863E+000 -1.309487878849E+001 -7.728003330621E+002
  6.751494290207E-002  3.223007936320E+000 -1.375510550094E+001 -7.496258410752E+002
  6.838864918226E-002  3.210706816713E+000 -1.440004846529E+001 -7.267973511474E+002
  6.926869676725E-002  3.197755561144E+000 -1.502973376901E+001 -7.043123064901E+002
  7.015510478375E-002  3.184159304988E+000 -1.564419064814E+001 -6.821682287220E+002
  7.104789251987E-002  3.169923408696E+000 -1.624345151764E+001 -6.603627151624E+002
  7.194707942599E-002  3.155053455482E+000 -1.682755200157E+001 -6.388934359028E+002
  7.285268511573E-002  3.139555248906E+000 -1.739653096296E+001 -6.177581306746E+002
  7.376472936684E-002  3.123434810333E+000 -1.795043053292E+001 -5.969546055325E+002
  7.468323212221E-002  3.106698376276E+000 -1.848929613895E+001 -5.764807293707E+002
  7.560821349078E-002  3.089352395626E+000 -1.901317653194E+001 -5.563344302906E+002
  7.653969374850E-002  3.071403526761E+000 -1.952212381182E+001 -5.365136918389E+002
  7.747769333938E-002  3.052858634530E+000 -2.001619345149E+001 -5.170165491321E+002
  7.842223287637E-002  3.033724787129E+000 -2.049544431880E+001 -4.978410848868E+002
  7.937333314243E-002  3.014009252845E+000 -2.095993869645E+001 -4.789854253728E+002
  8.033101509154E-002  2.993719496691E+000 -2.140974229950E+001 -4.604477363053E+002
  8.129529984966E-002  2.972863176917E+000 -2.184492429032E+001 -4.422262186932E+002
  8.226620871580E-002  2.951448141403E+000 -2.226555729086E+001 -4.243191046602E+002
  8.324376316303E-002  2.929482423937E+000 -2.267171739188E+001 -4.067246532541E+002
  8.422798483957E-002  2.906974240377E+000 -2.306348415924E+001 -3.894411462595E+002
  8.521889556978E-002  2.883931984699E+000 -2.344094063686E+001 -3.724668840291E+002
  8.621651735528E-002  2.860364224935E+000 -2.380417334638E+001 -3.558001813476E+002
  8.722087237602E-002  2.836279698996E+000 -2.415327228326E+001 -3.394393633421E+002
  8.823198299134E-002  2.811687310394E+000 -2.448833090934E+001 -3.233827614521E+002
  8.924987174107E-002  2.786596123856E+000 -2.480944614167E+001 -3.076287094718E+002
  9.027456134670E-002  2.761015360836E+000 -2.511671833760E+001 -2.921755396762E+002
  9.130607471240E-002  2.734954394931E+000 -2.541025127595E+001 -2.770215790431E+002
  9.234443492626E-002  2.708422747198E+000 -2.569015213436E+001 -2.621651455804E+002
  9.338966526132E-002  2.681430081382E+000 -2.595653146267E+001 -2.476045447698E+002
  9.444178917683E-002  2.653986199057E+000 -2.620950315230E+001 -2.333380661361E+002
  9.550083031933E-002  2.626101034682E+000 -2.644918440167E+001 -2.193639799496E+002
  9.656681252387E-002  2.597784650576E+000 -2.667569567767E+001 -2.056805340710E+002
  9.763975981519E-002  2.569047231820E+000 -2.688916067312E+001 -1.922859509448E+002
  9.871969640891E-002  2.539899081087E+000 -2.708970626028E+001 -1.791784247487E+002
  9.980664671274E-002  2.510350613412E+000 -2.727746244049E+001 -1.663561187038E+002
  1.009006353277E-001  2.480412350886E+000 -2.745256228991E+001 -1.538171625519E+002
  1.020016870494E-001  2.450094917315E+000 -2.761514190150E+001 -1.415596502030E+002
  1.031098268692E-001  2.419409032809E+000 -2.776534032329E+001 -1.295816375585E+002
  1.042250799756E-001  2.388365508336E+000 -2.790329949294E+001 -1.178811405113E+002
  1.053474717553E-001  2.356975240235E+000 -2.802916416886E+001 -1.064561331264E+002
  1.064770277946E-001  2.325249204689E+000 -2.814308185777E+001 -9.530454600401E+001
  1.076137738809E-001  2.293198452173E+000 -2.824520273908E+001 -8.442426482517E+001
  1.087577360036E-001  2.260834101877E+000 -2.833567958593E+001 -7.381312908142E+001
  1.099089403557E-001  2.228167336106E+000 -2.841466768325E+001 -6.346893098813E+001
  1.110674133350E-001  2.195209394679E+000 -2.848232474283E+001 -5.338941458076E+001
  1.122331815458E-001  2.161971569303E+000 -2.853881081568E+001 -4.357227499286E+001
  1.134062717995E-001  2.128465197964E+000 -2.858428820165E+001 -3.401515791416E+001
  1.145867111168E-001  2.094701659305E+000 -2.861892135669E+001 -2.471565922631E+001
  1.157745267286E-001  2.060692367025E+000 -2.864287679771E+001 -1.567132481363E+001
  1.169697460775E-001  2.026448764288E+000 -2.865632300534E+001 -6.879650545507E+000
  1.181723968193E-001  1.991982318154E+000 -2.865943032475E+001  1.661917573289E+000
  1.193825068243E-001  1.957304514030E+000 -2.865237086462E+001  9.955983088368E+000
  1.206001041787E-001  1.922426850161E+000 -2.863531839456E+001  1.800519862226E+001
  1.218252171865E-001  1.887360832148E+000 -2.860844824105E+001  2.581226524654E+001
  1.230578743703E-001  1.852117967514E+000 -2.857193718219E+001  3.337993170488E+001
  1.242981044731E-001  1.816709760309E+000 -2.852596334133E+001  4.071099349249E+001
  1.255459364600E-001  1.781147705776E+000 -2.847070607995E+001  4.780829179796E+001
  1.268013995194E-001  1.745443285058E+000 -2.840634588966E+001  5.467471231352E+001
  1.280645230647E-001  1.709607959978E+000 -2.833306428394E+001  6.131318392018E+001
  1.293353367356E-001  1.673653167879E+000 -2.825104368934E+001  6.772667725426E+001
  1.306138704000E-001  1.637590316529E+000 -2.816046733674E+001  7.391820316215E+001
  1.319001541553E-001  1.601430779102E+000 -2.806151915250E+001  7.989081105017E+001
  1.331942183303E-001  1.565185889238E+000 -2.795438364999E+001  8.564758713657E+001
  1.344960934863E-001  1.528866936177E+000 -2.783924582138E+001  9.119165261292E+001
  1.358058104191E-001  1.492485159981E+000 -2.771629103013E+001  9.652616172200E+001
  1.371234001607E-001  1.456051746845E+000 -2.758570490413E+001  1.016542997595E+002
  1.384488939805E-001  1.419577824491E+000 -2.744767322981E+001  1.065792810071E+002
  1.397823233874E-001  1.383074457663E+000 -2.730238184729E+001  1.113043466034E+002
  1.411237201313E-001  1.346552643713E+000 -2.715001654672E+001  1.158327623615E+002
  1.424731162050E-001  1.310023308284E+000 -2.699076296607E+001  1.201678165388E+002
  1.438305438454E-001  1.273497301102E+000 -2.682480649032E+001  1.243128175673E+002
  1.451960355357E-001  1.236985391861E+000 -2.665233215237E+001  1.282710917510E+002
  1.465696240072E-001  1.200498266216E+000 -2.647352453569E+001  1.320459809379E+002
  1.479513422405E-001  1.164046521887E+000 -2.628856767890E+001  1.356408401728E+002
  1.493412234681E-001  1.127640664861E+000 -2.609764498230E+001  1.390590353377E+002
  1.507393011753E-001  1.091291105715E+000 -2.590093911656E+001  1.423039407873E+002
  1.521456091027E-001  1.055008156038E+000 -2.569863193366E+001  1.453789369845E+002
  1.535601812478E-001  1.018802024969E+000 -2.549090438006E+001  1.482874081433E+002
  1.549830518669E-001  9.826828158500E-001 -2.527793641236E+001  1.510327398845E+002
  1.564142554766E-001  9.466605229833E-001 -2.505990691539E+001  1.536183169101E+002
  1.578538268564E-001  9.107450285073E-001 -2.483699362287E+001  1.560475207018E+002
  1.593018010499E-001  8.749460993820E-001 -2.460937304066E+001  1.583237272489E+002
  1.607582133673E-001  8.392733844873E-001 -2.437722037274E+001  1.604503048115E+002
  1.622230993867E-001  8.037364118333E-001 -2.414070944989E+001  1.624306117218E+002
  1.636964949568E-001  7.683445858826E-001 -2.390001266108E+001  1.642679942305E+002
  1.651784361984E-001  7.331071849828E-001 -2.365530088771E+001  1.659657844002E+002
  1.666689595063E-001  6.980333589101E-001 -2.340674344071E+001  1.675272980519E+002
  1.681681015517E-001  6.631321265214E-001 -2.315450800039E+001  1.689558327661E+002
  1.696758992842E-001  6.284123735152E-001 -2.289876055925E+001  1.702546659444E+002
  1.711923899335E-001  5.938828502994E-001 -2.263966536754E+001  1.714270529322E+002
  1.727176110118E-001  5.595521699649E-001 -2.237738488182E+001  1.724762252070E+002
  1.742516003158E-001  5.254288063629E-001 -2.211207971623E+001  1.734053886350E+002
  1.757943959287E-001  4.915210922865E-001 -2.184390859671E+001  1.742177217963E+002
  1.773460362227E-001  4.578372177514E-001 -2.157302831799E+001  1.749163743835E+002
  1.789065598608E-001  4.243852283779E-001 -2.129959370337E+001  1.755044656728E+002
  1.804760057990E-001  3.911730238692E-001 -2.102375756730E+001  1.759850830710E+002
  1.820544132889E-001  3.582083565856E-001 -2.074567068066E+001  1.763612807386E+002
  1.836418218792E-001  3.254988302129E-001 -2.046548173870E+001  1.766360782897E+002
  1.852382714189E-001  2.930518985220E-001 -2.018333733167E+001  1.768124595700E+002
  1.868438020586E-001  2.608748642182E-001 -1.989938191802E+001  1.768933715136E+002
  1.884584542535E-001  2.289748778779E-001 -1.961375780009E+001  1.768817230771E+002
  1.900822687655E-001  1.973589369705E-001 -1.932660510235E+001  1.767803842526E+002
  1.917152866652E-001  1.660338849642E-001 -1.903806175195E+001  1.765921851592E+002
  1.933575493349E-001  1.350064105110E-001 -1.874826346171E+001  1.763199152111E+002
  1.950090984705E-001  1.042830467125E-001 -1.845734371530E+001  1.759663223628E+002
  1.966699760840E-001  7.387017046019E-002 -1.816543375472E+001  1.755341124304E+002
  1.983402245061E-001  4.377400185165E-002 -1.787266256978E+001  1.750259484872E+002
  2.000198863884E-001  1.400060367744E-002 -1.757915688977E+001  1.744444503332E+002
  2.017090047061E-001 -1.544411902134E-002 -1.728504117696E+001  1.737921940359E+002
  2.034076227605E-001 -4.455441932816E-002 -1.699043762215E+001  1.730717115423E+002
  2.051157841813E-001 -7.332470876050E-002 -1.669546614189E+001  1.722854903586E+002
  2.068335329293E-001 -1.017495575160E-001 -1.640024437753E+001  1.714359732972E+002
  2.085609132993E-001 -1.298236946572E-001 -1.610488769590E+001  1.705255582883E+002
  2.102979699219E-001 -1.575420082367E-001 -1.580950919151E+001  1.695565982537E+002
  2.120447477670E-001 -1.848995453655E-001 -1.551421969029E+001  1.685314010417E+002
  2.138012921459E-001 -2.118915122252E-001 -1.521912775476E+001  1.674522294190E+002
  2.155676487143E-001 -2.385132740273E-001 -1.492433969041E+001  1.663213011191E+002
  2.173438634747E-001 -2.647603549200E-001 -1.462995955349E+001  1.651407889434E+002
  2.191299827795E-001 -2.906284378450E-001 -1.433608915979E+001  1.639128209132E+002
  2.209260533334E-001 -3.161133643469E-001 -1.404282809464E+001  1.626394804699E+002
  2.227321221965E-001 -3.412111343341E-001 -1.375027372388E+001  1.613228067204E+002
  2.245482367870E-001 -3.659179057956E-001 -1.345852120571E+001  1.599647947257E+002
  2.263744448840E-001 -3.902299944734E-001 -1.316766350349E+001  1.585673958300E+002
  2.282107946304E-001 -4.141438734924E-001 -1.287779139924E+001  1.571325180266E+002
  2.300573345358E-001 -4.376561729494E-001 -1.258899350798E+001  1.556620263603E+002
  2.319141134796E-001 -4.607636794614E-001 -1.230135629257E+001  1.541577433607E+002
  2.337811807137E-001 -4.834633356755E-001 -1.201496407929E+001  1.526214495066E+002
  2.356585858657E-001 -5.057522397410E-001 -1.172989907381E+001  1.510548837167E+002
  2.375463789419E-001 -5.276276447443E-001 -1.144624137778E+001  1.494597438660E+002
  2.394446103301E-001 -5.490869581075E-001 -1.116406900566E+001  1.478376873240E+002
  2.413533308032E-001 -5.701277409532E-001 -1.088345790207E+001  1.461903315125E+002
  2.432725915217E-001 -5.907477074332E-001 -1.060448195931E+001  1.445192544815E+002
  2.452024440374E-001 -6.109447240245E-001 -1.032721303526E+001  1.428259955002E+002
  2.471429402963E-001 -6.307168087919E-001 -1.005172097140E+001  1.411120556602E+002
  2.490941326418E-001 -6.500621306184E-001 -9.778073611039E+000  1.393788984911E+002
  2.510560738180E-001 -6.689790084025E-001 -9.506336817693E+000  1.376279505829E+002
  2.530288169732E-001 -6.874659102249E-001 -9.236574493529E+000  1.358606022167E+002
  2.550124156627E-001 -7.055214524835E-001 -8.968848597888E+000  1.340782079993E+002
  2.570069238527E-001 -7.231443989969E-001 -8.703219165842E+000  1.322820875011E+002
  2.590123959233E-001 -7.403336600782E-001 -8.439744326757E+000  1.304735258952E+002
  2.610288866721E-001 -7.570882915766E-001 -8.178480322834E+000  1.286537745960E+002
  2.630564513176E-001 -7.734074938906E-001 -7.919481527615E+000  1.268240518963E+002
  2.650951455027E-001 -7.892906109489E-001 -7.662800464430E+000  1.249855436001E+002
  2.671450252982E-001 -8.047371291623E-001 -7.408487824768E+000  1.231394036513E+002
  2.692061472063E-001 -8.197466763453E-001 -7.156592486569E+000  1.212867547565E+002
  2.712785681644E-001 -8.343190206069E-001 -6.907161532407E+000  1.194286889999E+002
  2.733623455485E-001 -8.484540692114E-001 -6.660240267573E+000  1.175662684508E+002
  2.754575371771E-001 -8.621518674097E-001 -6.415872238050E+000  1.157005257610E+002
  2.775642013146E-001 -8.754125972390E-001 -6.174099248365E+000  1.138324647527E+002
  2.796823966754E-001 -8.882365762934E-001 -5.934961379323E+000  1.119630609955E+002
  2.818121824272E-001 -9.006242564630E-001 -5.698497005635E+000  1.100932623713E+002
  2.839536181956E-001 -9.125762226435E-001 -5.464742813420E+000  1.082239896278E+002
  2.861067640671E-001 -9.240931914138E-001 -5.233733817600E+000  1.063561369183E+002
  2.882716805935E-001 -9.351760096848E-001 -5.005503379194E+000  1.044905723297E+002
  2.904484287958E-001 -9.458256533155E-001 -4.780083222509E+000  1.026281383957E+002
  2.926370701682E-001 -9.560432256997E-001 -4.557503452250E+000  1.007696525972E+002
  2.948376666818E-001 -9.658299563210E-001 -4.337792570542E+000  9.891590784832E+001
  2.970502807892E-001 -9.751871992776E-001 -4.120977493892E+000  9.706767296885E+001
  2.992749754281E-001 -9.841164317751E-001 -3.907083570092E+000  9.522569314199E+001
  3.015118140259E-001 -9.926192525898E-001 -3.696134595085E+000  9.339069035862E+001
  3.037608605035E-001 -1.000697380500E+000 -3.488152829790E+000  9.156336384739E+001
  3.060221792797E-001 -1.008352652687E+000 -3.283159016929E+000  8.974439049103E+001
  3.082958352758E-001 -1.015587023106E+000 -3.081172397844E+000  8.793442522905E+001
  3.105818939192E-001 -1.022402560824E+000 -2.882210729332E+000  8.613410144715E+001
  3.128804211487E-001 -1.028801448331E+000 -2.686290300516E+000  8.434403135350E+001
  3.151914834180E-001 -1.034785979820E+000 -2.493425949756E+000  8.256480634246E+001
  3.175151477009E-001 -1.040358559434E+000 -2.303631081629E+000  8.079699734582E+001
  3.198514814953E-001 -1.045521699485E+000 -2.116917683986E+000  7.904115517233E+001
  3.222005528283E-001 -1.050278018650E+000 -1.933296345103E+000  7.729781083570E+001
  3.245624302601E-001 -1.054630240127E+000 -1.752776270941E+000  7.556747587165E+001
  3.269371828894E-001 -1.058581189769E+000 -1.575365302529E+000  7.385064264464E+001
  3.293248803576E-001 -1.062133794193E+000 -1.401069933487E+000  7.214778464453E+001
  3.317255928537E-001 -1.065291078855E+000 -1.229895327705E+000  7.045935677406E+001
  3.341393911192E-001 -1.068056166102E+000 -1.061845337176E+000  6.878579562741E+001
  3.365663464529E-001 -1.070432273199E+000 -8.969225200238E-001  6.712751976062E+001
  3.390065307159E-001 -1.072422710323E+000 -7.351281587030E-001  6.548492995432E+001
  3.414600163363E-001 -1.074030878546E+000 -5.764622784124E-001  6.385840946948E+001
  3.439268763145E-001 -1.075260267780E+000 -4.209236657126E-001  6.224832429663E+001
  3.464071842282E-001 -1.076114454706E+000 -2.685098873647E-001  6.065502339922E+001
  3.489010142374E-001 -1.076597100684E+000 -1.192173093965E-001  5.907883895173E+001
  3.514084410898E-001 -1.076711949630E+000  2.695888359676E-002  5.752008657298E+001
  3.539295401259E-001 -1.076462825889E+000  1.700246689111E-001  5.597906555532E+001
  3.564643872842E-001 -1.075853632072E+000  3.099871659472E-001  5.445605909023E+001
  3.590130591069E-001 -1.074888346888E+000  4.468546161746E-001  5.295133449082E+001
  3.615756327448E-001 -1.073571022950E+000  5.806363628442E-001  5.146514341176E+001
  3.641521859632E-001 -1.071905784572E+000  7.113428304471E-001  4.999772206725E+001
  3.667427971473E-001 -1.069896825546E+000  8.389855039207E-001  4.854929144736E+001
  3.693475453076E-001 -1.067548406907E+000  9.635769076005E-001  4.712005753325E+001
  3.719665100860E-001 -1.064864854687E+000  1.085130583923E+000  4.571021151187E+001
  3.745997717609E-001 -1.061850557656E+000  1.203661071877E+000  4.431992999026E+001
  3.772474112534E-001 -1.058509965055E+000  1.319183885220E+000  4.294937521013E+001
  3.799095101331E-001 -1.054847584322E+000  1.431715490441E+000  4.159869526293E+001
  3.825861506238E-001 -1.050867978802E+000  1.541273284508E+000  4.026802430575E+001
  3.852774156096E-001 -1.046575765468E+000  1.647875572381E+000  3.895748277849E+001
  3.879833886411E-001 -1.041975612619E+000  1.751541544311E+000  3.766717762241E+001
  3.907041539409E-001 -1.037072237589E+000  1.852291252930E+000  3.639720250048E+001
  3.934397964105E-001 -1.031870404450E+000  1.950145590153E+000  3.514763801969E+001
  3.961904016361E-001 -1.026374921712E+000  2.045126263883E+000  3.391855195547E+001
  3.989560558949E-001 -1.020590640032E+000  2.137255774556E+000  3.270999947857E+001
  4.017368461617E-001 -1.014522449916E+000  2.226557391511E+000  3.152202338430E+001
  4.045328601149E-001 -1.008175279434E+000  2.313055129232E+000  3.035465432455E+001
  4.073441861437E-001 -1.001554091937E+000  2.396773723442E+000  2.920791104237E+001
  4.101709133538E-001 -9.946638837829E-001  2.477738607089E+000  2.808180060949E+001
  4.130131315750E-001 -9.875096820687E-001  2.555975886232E+000  2.697631866651E+001
  4.158709313670E-001 -9.800965423755E-001  2.631512315839E+000  2.589144966612E+001
  4.187444040269E-001 -9.724295465240E-001  2.704375275521E+000  2.482716711902E+001
  4.216336415958E-001 -9.645138003431E-001  2.774592745213E+000  2.378343384274E+001
  4.245387368658E-001 -9.563544314531E-001  2.842193280823E+000  2.276020221318E+001
  4.274597833869E-001 -9.479565870647E-001  2.907205989874E+000  2.175741441893E+001
  4.303968754741E-001 -9.393254317951E-001  2.969660507139E+000  2.077500271806E+001
  4.333501082151E-001 -9.304661455027E-001  3.029586970306E+000  1.981288969755E+001
  4.363195774768E-001 -9.213839211413E-001  3.087015995687E+000  1.887098853495E+001
  4.393053799131E-001 -9.120839626361E-001  3.141978653980E+000  1.794920326237E+001
  4.423076129724E-001 -9.025714827808E-001  3.194506446117E+000  1.704742903243E+001
  4.453263749047E-001 -8.928517011598E-001  3.244631279211E+000  1.616555238612E+001
  4.483617647698E-001 -8.829298420931E-001  3.292385442614E+000  1.530345152234E+001
  4.514138824444E-001 -8.728111326094E-001  3.337801584122E+000  1.446099656892E+001
  4.544828286302E-001 -8.625008004436E-001  3.380912686325E+000  1.363804985490E+001
  4.575687048617E-001 -8.520040720646E-001  3.421752043142E+000  1.283446618380E+001
  4.606716135142E-001 -8.413261707303E-001  3.460353236534E+000  1.205009310774E+001
  4.637916578118E-001 -8.304723145733E-001  3.496750113446E+000  1.128477120213E+001
  4.669289418353E-001 -8.194477147181E-001  3.530976762959E+000  1.053833434059E+001
  4.700835705309E-001 -8.082575734286E-001  3.563067493699E+000  9.810609969974E+000
  4.732556497182E-001 -7.969070822896E-001  3.593056811504E+000  9.101419385199E+000
  4.764452860985E-001 -7.854014204209E-001  3.620979397372E+000  8.410578003577E+000
  4.796525872639E-001 -7.737457527256E-001  3.646870085702E+000  7.737895638416E+000
  4.828776617050E-001 -7.619452281738E-001  3.670763842845E+000  7.083176771639E+000
  4.861206188205E-001 -7.500049781209E-001  3.692695745983E+000  6.446220825128E+000
  4.893815689254E-001 -7.379301146627E-001  3.712700962348E+000  5.826822430547E+000
  4.926606232602E-001 -7.257257290266E-001  3.730814728786E+000  5.224771697374E+000
  4.959578939999E-001 -7.133968900003E-001  3.747072331701E+000  4.639854478889E+000
  4.992734942630E-001 -7.009486423976E-001  3.761509087369E+000  4.071852635855E+000
  5.026075381207E-001 -6.883860055625E-001  3.774160322642E+000  3.520544297647E+000
  5.059601406064E-001 -6.757139719114E-001  3.785061356062E+000  2.985704120585E+000
  5.093314177250E-001 -6.629375055137E-001  3.794247479376E+000  2.467103543220E+000
  5.127214864626E-001 -6.500615407120E-001  3.801753939484E+000  1.964511038358E+000
  5.161304647959E-001 -6.370909807798E-001  3.807615920810E+000  1.477692361576E+000
  5.195584717022E-001 -6.240306966200E-001  3.811868528118E+000  1.006410796031E+000
  5.230056271692E-001 -6.108855255017E-001  3.814546769767E+000  5.504273933382E-001
  5.264720522050E-001 -5.976602698362E-001  3.815685541427E+000  1.095012103288E-001
  5.299578688483E-001 -5.843596959932E-001  3.815319610251E+000 -3.166104585143E-001
  5.334632001783E-001 -5.709885331550E-001  3.813483599512E+000 -7.281518531149E-001
  5.369881703256E-001 -5.575514722114E-001  3.810211973704E+000 -1.125368524533E+000
  5.405329044823E-001 -5.440531646921E-001  3.805539024129E+000 -1.508507116524E+000
  5.440975289128E-001 -5.304982217394E-001  3.799498854942E+000 -1.877815152082E+000
  5.476821709641E-001 -5.168912131186E-001  3.792125369687E+000 -2.233540825099E+000
  5.512869590774E-001 -5.032366662674E-001  3.783452258310E+000 -2.575932797276E+000
  5.549120227985E-001 -4.895390653834E-001  3.773512984647E+000 -2.905240000406E+000
  5.585574927889E-001 -4.758028505492E-001  3.762340774399E+000 -3.221711444118E+000
  5.622235008375E-001 -4.620324168954E-001  3.749968603582E+000 -3.525596029204E+000
  5.659101798716E-001 -4.482321138006E-001  3.736429187459E+000 -3.817142366587E+000
  5.696176639685E-001 -4.344062441277E-001  3.721754969950E+000 -4.096598602020E+000
  5.733460883672E-001 -4.205590634974E-001  3.705978113510E+000 -4.364212246571E+000
  5.770955894803E-001 -4.066947795963E-001  3.689130489486E+000 -4.620230012942E+000
  5.808663049055E-001 -3.928175515215E-001  3.671243668938E+000 -4.864897657668E+000
  5.846583734383E-001 -3.789314891590E-001  3.652348913920E+000 -5.098459829221E+000
  5.884719350837E-001 -3.650406525970E-001  3.632477169229E+000 -5.321159922031E+000
  5.923071310690E-001 -3.511490515724E-001  3.611659054600E+000 -5.533239936451E+000
  5.961641038558E-001 -3.372606449508E-001  3.589924857349E+000 -5.734940344639E+000
  6.000429971532E-001 -3.233793402381E-001  3.567304525457E+000 -5.926499962359E+000
  6.039439559304E-001 -3.095089931254E-001  3.543827661095E+000 -6.108155826683E+000
  6.078671264295E-001 -2.956534070635E-001  3.519523514570E+000 -6.280143079550E+000
  6.118126561791E-001 -2.818163328692E-001  3.494420978689E+000 -6.442694857149E+000
  6.157806940069E-001 -2.680014683606E-001  3.468548583541E+000 -6.596042185076E+000
  6.197713900541E-001 -2.542124580220E-001  3.441934491681E+000 -6.740413879216E+000
  6.237848957880E-001 -2.404528926973E-001  3.414606493704E+000 -6.876036452263E+000
  6.278213640166E-001 -2.267263093115E-001  3.386592004215E+000 -7.003134025829E+000
  6.318809489022E-001 -2.130361906185E-001  3.357918058162E+000 -7.121928248051E+000
  6.359638059756E-001 -1.993859649763E-001  3.328611307553E+000 -7.232638216606E+000
  6.400700921502E-001 -1.857790061474E-001  3.298698018516E+000 -7.335480407051E+000
  6.441999657370E-001 -1.722186331241E-001  3.268204068717E+000 -7.430668606375E+000
  6.483535864586E-001 -1.587081099789E-001  3.237154945114E+000 -7.518413851671E+000
  6.525311154647E-001 -1.452506457376E-001  3.205575742034E+000 -7.598924373813E+000
  6.567327153465E-001 -1.318493942760E-001  3.173491159576E+000 -7.672405546015E+000
  6.609585501525E-001 -1.185074542383E-001  3.140925502315E+000 -7.739059837170E+000
  6.652087854034E-001 -1.052278689781E-001  3.107902678310E+000 -7.799086769822E+000
  6.694835881080E-001 -9.201362651878E-002  3.074446198389E+000 -7.852682882673E+000
  6.737831267789E-001 -7.886765953529E-002  3.040579175720E+000 -7.900041697462E+000
  6.781075714485E-001 -6.579284535519E-002  3.006324325645E+000 -7.941353690110E+000
  6.824570936852E-001 -5.279200597833E-002  2.971703965765E+000 -7.976806265980E+000
  6.868318666096E-001 -3.986790811512E-002  2.936740016280E+000 -8.006583739120E+000
  6.912320649114E-001 -2.702326324222E-002  2.901454000552E+000 -8.030867315345E+000
  6.956578648660E-001 -1.426072767539E-002  2.865867045903E+000 -8.049835079025E+000
  7.001094443516E-001 -1.582902658687E-003  2.829999884624E+000 -8.063661983429E+000
  7.045869828664E-001  1.100766553050E-002  2.793872855188E+000 -8.072519844487E+000
  7.090906615461E-001  2.350848546112E-002  2.757505903658E+000 -8.076577337825E+000
  7.136206631812E-001  3.591712041349E-002  2.720918585282E+000 -8.075999998935E+000
  7.181771722357E-001  4.823118823015E-002  2.684130066262E+000 -8.070950226328E+000
  7.227603748644E-001  6.044836115311E-002  2.647159125694E+000 -8.061587287542E+000
  7.273704589315E-001  7.256636564795E-002  2.610024157655E+000 -8.048067327851E+000
  7.320076140295E-001  8.458298221536E-002  2.572743173454E+000 -8.030543381546E+000
  7.366720314977E-001  9.649604519054E-002  2.535333804006E+000 -8.009165385641E+000
  7.413639044413E-001  1.083034425309E-001  2.497813302353E+000 -7.984080195876E+000
  7.460834277508E-001  1.200031155926E-001  2.460198546297E+000 -7.955431604876E+000
  7.508307981215E-001  1.315930588961E-001  2.422506041150E+000 -7.923360362341E+000
  7.556062140732E-001  1.430713198819E-001  2.384751922602E+000 -7.888004197131E+000
  7.604098759705E-001  1.544359986554E-001  2.346951959670E+000 -7.849497841119E+000
  7.652419860431E-001  1.656852477228E-001  2.309121557759E+000 -7.807973054699E+000
  7.701027484060E-001  1.768172717180E-001  2.271275761799E+000 -7.763558653810E+000
  7.749923690810E-001  1.878303271195E-001  2.233429259458E+000 -7.716380538375E+000
  7.799110560171E-001  1.987227219603E-001  2.195596384442E+000 -7.666561722029E+000
  7.848590191124E-001  2.094928155280E-001  2.157791119845E+000 -7.614222363031E+000
  7.898364702358E-001  2.201390180580E-001  2.120027101574E+000 -7.559479796248E+000
  7.948436232486E-001  2.306597904189E-001  2.082317621821E+000 -7.502448566115E+000
  7.998806940270E-001  2.410536437900E-001  2.044675632589E+000 -7.443240460458E+000
  8.049479004846E-001  2.513191393323E-001  2.007113749266E+000 -7.381964545092E+000
  8.100454625952E-001  2.614548878524E-001  1.969644254231E+000 -7.318727199111E+000
  8.151736024160E-001  2.714595494594E-001  1.932279100510E+000 -7.253632150752E+000
  8.203325441110E-001  2.813318332162E-001  1.895029915450E+000 -7.186780513783E+000
  8.255225139746E-001  2.910704967835E-001  1.857908004433E+000 -7.118270824313E+000
  8.307437404560E-001  3.006743460593E-001  1.820924354608E+000 -7.048199077950E+000
  8.359964541833E-001  3.101422348108E-001  1.784089638647E+000 -6.976658767241E+000
  8.412808879885E-001  3.194730643021E-001  1.747414218521E+000 -6.903740919320E+000
  8.465972769320E-001  3.286657829159E-001  1.710908149287E+000 -6.829534133703E+000
  8.519458583285E-001  3.377193857701E-001  1.674581182894E+000 -6.754124620164E+000
  8.573268717726E-001  3.466329143287E-001  1.638442771994E+000 -6.677596236642E+000
  8.627405591648E-001  3.554054560086E-001  1.602502073765E+000 -6.600030527121E+000
  8.681871647376E-001  3.640361437811E-001  1.566767953742E+000 -6.521506759434E+000
  8.736669350829E-001  3.725241557688E-001  1.531248989646E+000 -6.442101962953E+000
  8.791801191785E-001  3.808687148380E-001  1.495953475223E+000 -6.361890966111E+000
  8.847269684160E-001  3.890690881867E-001  1.460889424083E+000 -6.280946433727E+000
  8.903077366283E-001  3.971245869284E-001  1.426064573534E+000 -6.199338904100E+000
  8.959226801184E-001  4.050345656717E-001  1.391486388429E+000 -6.117136825834E+000
  9.015720576873E-001  4.127984220963E-001  1.357162064994E+000 -6.034406594367E+000
  9.072561306635E-001  4.204155965244E-001  1.323098534668E+000 -5.951212588190E+000
  9.129751629322E-001  4.278855714895E-001  1.289302467933E+000 -5.867617204722E+000
  9.187294209652E-001  4.352078713003E-001  1.255780278144E+000 -5.783680895820E+000
  9.245191738511E-001  4.423820616025E-001  1.222538125350E+000 -5.699462202930E+000
  9.303446933257E-001  4.494077489365E-001  1.189581920121E+000 -5.615017791832E+000
  9.362062538036E-001  4.562845802923E-001  1.156917327358E+000 -5.530402487003E+000
  9.421041324088E-001  4.630122426612E-001  1.124549770109E+000 -5.445669305560E+000
  9.480386090075E-001  4.695904625852E-001  1.092484433376E+000 -5.360869490800E+000
  9.540099662399E-001  4.760190057029E-001  1.060726267915E+000 -5.276052545321E+000
  9.600184895530E-001  4.822976762937E-001  1.029279994037E+000 -5.191266263720E+000
  9.660644672342E-001  4.884263168193E-001  9.981501054003E-001 -5.106556764880E+000
  9.721481904447E-001  4.944048074635E-001  9.673408727992E-001 -5.021968523837E+000
  9.782699532537E-001  5.002330656689E-001  9.368563479495E-001 -4.937544403236E+000
  9.844300526731E-001  5.059110456734E-001  9.067003672678E-001 -4.853325684376E+000
  9.906287886927E-001  5.114387380441E-001  8.768765556477E-001 -4.769352097862E+000
  9.968664643158E-001  5.168161692101E-001  8.473883302310E-001 -4.685661853850E+000
  1.003143385595E+000  5.220434009941E-001  8.182389041757E-001 -4.602291671922E+000
  1.009459861670E+000  5.271205301435E-001  7.894312904184E-001 -4.519276810570E+000
  1.015816204803E+000  5.320476878598E-001  7.609683054333E-001 -4.436651096329E+000
  1.022212730417E+000  5.368250393291E-001  7.328525729871E-001 -4.354446952543E+000
  1.028649757135E+000  5.414527832506E-001  7.050865278887E-001 -4.272695427798E+000
  1.035127606818E+000  5.459311513666E-001  6.776724197348E-001 -4.191426224017E+000
  1.041646604604E+000  5.502604079921E-001  6.506123166502E-001 -4.110667724240E+000
  1.048207078948E+000  5.544408495448E-001  6.239081090237E-001 -4.030447020098E+000
  1.054809361664E+000  5.584728040764E-001  5.975615132372E-001 -3.950789938991E+000
  1.061453787962E+000  5.623566308045E-001  5.715740753902E-001 -3.871721070987E+000
  1.068140696494E+000  5.660927196466E-001  5.459471750164E-001 -3.793263795456E+000
  1.074870429395E+000  5.696814907548E-001  5.206820287940E-001 -3.715440307437E+000
  1.081643332322E+000  5.731233940531E-001  4.957796942480E-001 -3.638271643778E+000
  1.088459754505E+000  5.764189087770E-001  4.712410734431E-001 -3.561777709026E+000
  1.095320048782E+000  5.795685430150E-001  4.470669166685E-001 -3.485977301109E+000
  1.102224571653E+000  5.825728332539E-001  4.232578261102E-001 -3.410888136800E+000
  1.109173683316E+000  5.854323439261E-001  3.998142595138E-001 -3.336526876989E+000
  1.116167747721E+000  5.881476669615E-001  3.767365338328E-001 -3.262909151754E+000
  1.123207132611E+000  5.907194213423E-001  3.540248288644E-001 -3.190049585256E+000
  1.130292209573E+000  5.931482526622E-001  3.316791908684E-001 -3.117961820465E+000
  1.137423354084E+000  5.954348326904E-001  3.096995361712E-001 -3.046658543710E+000
  1.144600945560E+000  5.975798589390E-001  2.880856547502E-001 -2.976151509074E+000
  1.151825367405E+000  5.995840542369E-001  2.668372137990E-001 -2.906451562636E+000
  1.159097007063E+000  6.014481663079E-001  2.459537612713E-001 -2.837568666560E+000
  1.166416256069E+000  6.031729673550E-001  2.254347294009E-001 -2.769511923042E+000
  1.173783510095E+000  6.047592536499E-001  2.052794381981E-001 -2.702289598109E+000
  1.181199169012E+000  6.062078451292E-001  1.854870989177E-001 -2.635909145283E+000
  1.188663636935E+000  6.075195849970E-001  1.660568174992E-001 -2.570377229098E+000
  1.196177322279E+000  6.086953393336E-001  1.469875979763E-001 -2.505699748486E+000
  1.203740637818E+000  6.097359967116E-001  1.282783458531E-001 -2.441881860009E+000
  1.211354000735E+000  6.106424678193E-001  1.099278714457E-001 -2.378928000964E+000
  1.219017832681E+000  6.114156850910E-001  9.193489318670E-002 -2.316841912329E+000
  1.226732559833E+000  6.120566023452E-001  7.429804089091E-002 -2.255626661569E+000
  1.234498612950E+000  6.125661944308E-001  5.701585897918E-002 -2.195284665278E+000
  1.242316427433E+000  6.129454568810E-001  4.008680965909E-002 -2.135817711676E+000
  1.250186443388E+000  6.131954055756E-001  2.350927605966E-002 -2.077226982928E+000
  1.258109105679E+000  6.133170764115E-001  7.281565318255E-003 -2.019513077294E+000
  1.266084863999E+000  6.133115249820E-001 -8.598088382887E-003 -1.962676031104E+000
  1.274114172926E+000  6.131798262644E-001 -2.413152083241E-002 -1.906715340535E+000
  1.282197491990E+000  6.129230743167E-001 -3.932063486025E-002 -1.851629983199E+000
  1.290335285734E+000  6.125423819825E-001 -5.416739746488E-002 -1.797418439519E+000
  1.298528023786E+000  6.120388806057E-001 -6.867383699932E-002 -1.744078713882E+000
  1.306776180919E+000  6.114137197532E-001 -8.284204041838E-002 -1.691608355573E+000
  1.315080237120E+000  6.106680669470E-001 -9.667415058874E-002 -1.640004479464E+000
  1.323440677664E+000  6.098031074058E-001 -1.101723636643E-001 -1.589263786443E+000
  1.331857993175E+000  6.088200437939E-001 -1.233389265282E-001 -1.539382583593E+000
  1.340332679704E+000  6.077200959808E-001 -1.361761343043E-001 -1.490356804082E+000
  1.348865238797E+000  6.065045008085E-001 -1.486863279386E-001 -1.442182026768E+000
  1.357456177571E+000  6.051745118676E-001 -1.608718918530E-001 -1.394853495501E+000
  1.366106008782E+000  6.037313992820E-001 -1.727352516741E-001 -1.348366138109E+000
  1.374815250909E+000  6.021764495024E-001 -1.842788720358E-001 -1.302714585054E+000
  1.383584428224E+000  6.005109651071E-001 -1.955052544599E-001 -1.257893187747E+000
  1.392414070872E+000  5.987362646118E-001 -2.064169353143E-001 -1.213896036506E+000
  1.401304714948E+000  5.968536822861E-001 -2.170164838506E-001 -1.170716978149E+000
  1.410256902580E+000  5.948645679783E-001 -2.273065003222E-001 -1.128349633199E+000
  1.419271182008E+000  5.927702869467E-001 -2.372896141832E-001 -1.086787412704E+000
  1.428348107668E+000  5.905722196984E-001 -2.469684823695E-001 -1.046023534644E+000
  1.437488240275E+000  5.882717618339E-001 -2.563457876627E-001 -1.006051039919E+000
  1.446692146911E+000  5.858703238980E-001 -2.654242371365E-001 -9.668628079144E-001
  1.455960401104E+000  5.833693312365E-001 -2.742065606875E-001 -9.284515716159E-001
  1.465293582927E+000  5.807702238582E-001 -2.826955096485E-001 -8.908099322790E-001
  1.474692279079E+000  5.780744563010E-001 -2.908938554859E-001 -8.539303736328E-001
  1.484157082978E+000  5.752834975029E-001 -2.988043885810E-001 -8.178052756134E-001
  1.493688594856E+000  5.723988306769E-001 -3.064299170937E-001 -7.824269276156E-001
  1.503287421848E+000  5.694219531878E-001 -3.137732659092E-001 -7.477875412562E-001
  1.512954178094E+000  5.663543764332E-001 -3.208372756667E-001 -7.138792626397E-001
  1.522689484827E+000  5.631976257255E-001 -3.276248018696E-001 -6.806941841212E-001
  1.532493970480E+000  5.599532401754E-001 -3.341387140755E-001 -6.482243555591E-001
  1.542368270780E+000  5.566227725762E-001 -3.403818951655E-001 -6.164617950527E-001
  1.552313028853E+000  5.532077892883E-001 -3.463572406914E-001 -5.853984991610E-001
  1.562328895326E+000  5.497098701228E-001 -3.520676582986E-001 -5.550264525985E-001
  1.572416528431E+000  5.461306082240E-001 -3.575160672246E-001 -5.253376374050E-001
  1.582576594115E+000  5.424716099493E-001 -3.627053978695E-001 -4.963240415890E-001
  1.592809766145E+000  5.387344947471E-001 -3.676385914372E-001 -4.679776672425E-001
  1.603116726218E+000  5.349208950302E-001 -3.723185996461E-001 -4.402905381285E-001
  1.613498164078E+000  5.310324560457E-001 -3.767483845052E-001 -4.132547067415E-001
  1.623954777622E+000  5.270708357392E-001 -3.809309181548E-001 -3.868622608438E-001
  1.634487273025E+000  5.230377046130E-001 -3.848691827676E-001 -3.611053294799E-001
  1.645096364848E+000  5.189347455781E-001 -3.885661705095E-001 -3.359760884740E-001
  1.655782776168E+000  5.147636537981E-001 -3.920248835545E-001 -3.114667654149E-001
  1.666547238688E+000  5.105261365251E-001 -3.952483341537E-001 -2.875696441343E-001
  1.677390492873E+000  5.062239129260E-001 -3.982395447525E-001 -2.642770686865E-001
  1.688313288066E+000  5.018587138997E-001 -4.010015481542E-001 -2.415814468354E-001
  1.699316382620E+000  4.974322818818E-001 -4.035373877268E-001 -2.194752530599E-001
  1.710400544029E+000  4.929463706400E-001 -4.058501176483E-001 -1.979510310857E-001
  1.721566549058E+000  4.884027450545E-001 -4.079428031878E-001 -1.770013959554E-001
  1.732815183877E+000  4.838031808875E-001 -4.098185210186E-001 -1.566190356473E-001
  1.744147244202E+000  4.791494645368E-001 -4.114803595591E-001 -1.367967122560E-001
  1.755563535430E+000  4.744433927759E-001 -4.129314193383E-001 -1.175272627482E-001
  1.767064872781E+000  4.696867724778E-001 -4.141748133809E-001 -9.880359930699E-002
  1.778652081442E+000  4.648814203227E-001 -4.152136676090E-001 -8.061870927957E-002
  1.790325996715E+000  4.600291624887E-001 -4.160511212567E-001 -6.296565474427E-002
  1.802087464166E+000  4.551318343246E-001 -4.166903272913E-001 -4.583757171251E-002
  1.813937339772E+000  4.501912800045E-001 -4.171344528401E-001 -2.922766898275E-002
  1.825876490081E+000  4.452093521631E-001 -4.173866796163E-001 -1.312922666367E-002
  1.837905792365E+000  4.401879115112E-001 -4.174502043406E-001  2.464405615399E-003
  1.850026134778E+000  4.351288264314E-001 -4.173282391552E-001  1.755981078845E-002
  1.862238416525E+000  4.300339725521E-001 -4.170240120246E-001  3.216350671224E-002
  1.874543548019E+000  4.249052323012E-001 -4.165407671200E-001  4.628194878187E-002
  1.886942451054E+000  4.197444944365E-001 -4.158817651839E-001  5.992153278293E-002
  1.899436058973E+000  4.145536535554E-001 -4.150502838691E-001  7.308859796014E-002
  1.912025316845E+000  4.093346095805E-001 -4.140496180498E-001  8.578943028236E-002
  1.924711181638E+000  4.040892672227E-001 -4.128830801000E-001  9.803026588341E-002
  1.937494622402E+000  3.988195354211E-001 -4.115540001363E-001  1.098172946583E-001
  1.950376620452E+000  3.935273267587E-001 -4.100657262202E-001  1.211566639939E-001
  1.963358169552E+000  3.882145568547E-001 -4.084216245174E-001  1.320544826140E-001
  1.976440276109E+000  3.828831437324E-001 -4.066250794095E-001  1.425168245170E-001
  1.989623959360E+000  3.775350071633E-001 -4.046794935567E-001  1.525497329865E-001
  2.002910251577E+000  3.721720679865E-001 -4.025882879051E-001  1.621592246541E-001
  2.016300198259E+000  3.667962474047E-001 -4.003549016393E-001  1.713512935939E-001
  2.029794858340E+000  3.614094662554E-001 -3.979827920741E-001  1.801319154286E-001
  2.043395304396E+000  3.560136442583E-001 -3.954754344841E-001  1.885070514273E-001
  2.057102622856E+000  3.506106992390E-001 -3.928363218692E-001  1.964826525767E-001
  2.070917914217E+000  3.452025463294E-001 -3.900689646514E-001  2.040646636038E-001
  2.084842293261E+000  3.397910971440E-001 -3.871768903030E-001  2.112590269355E-001
  2.098876889283E+000  3.343782589350E-001 -3.841636429030E-001  2.180716865731E-001
  2.113022846310E+000  3.289659337230E-001 -3.810327826193E-001  2.245085918662E-001
  2.127281323341E+000  3.235560174076E-001 -3.777878851168E-001  2.305757011689E-001
  2.141653494575E+000  3.181503988556E-001 -3.744325408878E-001  2.362789853611E-001
  2.156140549656E+000  3.127509589692E-001 -3.709703545060E-001  2.416244312195E-001
  2.170743693911E+000  3.073595697342E-001 -3.674049438003E-001  2.466180446236E-001
  2.185464148607E+000  3.019780932487E-001 -3.637399389502E-001  2.512658535816E-001
  2.200303151197E+000  2.966083807344E-001 -3.599789815003E-001  2.555739110637E-001
  2.215261955581E+000  2.912522715293E-001 -3.561257232959E-001  2.595482976293E-001
  2.230341832367E+000  2.859115920657E-001 -3.521838253366E-001  2.631951238363E-001
  2.245544069142E+000  2.805881548314E-001 -3.481569565507E-001  2.665205324221E-001
  2.260869970742E+000  2.752837573178E-001 -3.440487924905E-001  2.695307002456E-001
  2.276320859530E+000  2.700001809546E-001 -3.398630139470E-001  2.722318399806E-001
  2.291898075679E+000  2.647391900330E-001 -3.356033054886E-001  2.746302015544E-001
  2.307602977460E+000  2.595025306183E-001 -3.312733539214E-001  2.767320733210E-001
  2.323436941540E+000  2.542919294536E-001 -3.268768466749E-001  2.785437829658E-001
  2.339401363274E+000  2.491090928563E-001 -3.224174701141E-001  2.800716981345E-001
  2.355497657016E+000  2.439557056079E-001 -3.178989077790E-001  2.813222267822E-001
  2.371727256428E+000  2.388334298394E-001 -3.133248385558E-001  2.823018172398E-001
  2.388091614797E+000  2.337439039148E-001 -3.086989347798E-001  2.830169579952E-001
  2.404592205358E+000  2.286887413113E-001 -3.040248602741E-001  2.834741771869E-001
  2.421230521622E+000  2.236695295022E-001 -2.993062683268E-001  2.836800418114E-001
  2.438008077714E+000  2.186878288405E-001 -2.945467996092E-001  2.836411566435E-001
  2.454926408713E+000  2.137451714466E-001 -2.897500800387E-001  2.833641628716E-001
  2.471987071003E+000  2.088430601025E-001 -2.849197185902E-001  2.828557364503E-001
  2.489191642624E+000  2.039829671533E-001 -2.800593050585E-001  2.821225861744E-001
  2.506541723641E+000  1.991663334176E-001 -2.751724077775E-001  2.811714514780E-001
  2.524038936507E+000  1.943945671106E-001 -2.702625712984E-001  2.800090999639E-001
  2.541684926444E+000  1.896690427799E-001 -2.653333140319E-001  2.786423246702E-001
  2.559481361827E+000  1.849911002564E-001 -2.603881258594E-001  2.770779410808E-001
  2.577429934572E+000  1.803620436233E-001 -2.554304657165E-001  2.753227838871E-001
  2.595532360540E+000  1.757831402043E-001 -2.504637591549E-001  2.733837035106E-001
  2.613790379943E+000  1.712556195731E-001 -2.454913958861E-001  2.712675623947E-001
  2.632205757760E+000  1.667806725858E-001 -2.405167273134E-001  2.689812310774E-001
  2.650780284158E+000  1.623594504401E-001 -2.355430640556E-001  2.665315840537E-001
  2.669515774928E+000  1.579930637605E-001 -2.305736734690E-001  2.639254954413E-001
  2.688414071925E+000  1.536825817139E-001 -2.256117771724E-001  2.611698344601E-001
  2.707477043518E+000  1.494290311565E-001 -2.206605485801E-001  2.582714607393E-001
  2.726706585047E+000  1.452333958135E-001 -2.157231104487E-001  2.552372194647E-001
  2.746104619295E+000  1.410966154952E-001 -2.108025324430E-001  2.520739363806E-001
  2.765673096964E+000  1.370195853498E-001 -2.059018287268E-001  2.487884126593E-001
  2.785413997161E+000  1.330031551551E-001 -2.010239555828E-001  2.453874196545E-001
  2.805329327899E+000  1.290481286521E-001 -1.961718090694E-001  2.418776935518E-001
  2.825421126601E+000  1.251552629210E-001 -1.913482227171E-001  2.382659299327E-001
  2.845691460623E+000  1.213252678014E-001 -1.865559652721E-001  2.345587782669E-001
  2.866142427776E+000  1.175588053598E-001 -1.817977384917E-001  2.307628363494E-001
  2.886776156875E+000  1.138564894042E-001 -1.770761749962E-001  2.268846446974E-001
  2.907594808280E+000  1.102188850485E-001 -1.723938361844E-001  2.229306809229E-001
  2.928600574467E+000  1.066465083287E-001 -1.677532102151E-001  2.189073540986E-001
  2.949795680597E+000  1.031398258703E-001 -1.631567100628E-001  2.148209991307E-001
  2.971182385105E+000  9.969925461097E-002 -1.586066716505E-001  2.106778711567E-001
  2.992762980296E+000  9.632516157726E-002 -1.541053520645E-001  2.064841399830E-001
  3.014539792958E+000  9.301786371864E-002 -1.496549278573E-001  2.022458845785E-001
  3.036515184988E+000  8.977762779843E-002 -1.452574934418E-001  1.979690876391E-001
  3.058691554023E+000  8.660467034347E-002 -1.409150595820E-001  1.936596302403E-001
  3.081071334099E+000  8.349915765320E-002 -1.366295519838E-001  1.893232865906E-001
  3.103656996309E+000  8.046120586891E-002 -1.324028099902E-001  1.849657189022E-001
  3.126451049484E+000  7.749088110399E-002 -1.282365853854E-001  1.805924723928E-001
  3.149456040888E+000  7.458819963565E-002 -1.241325413101E-001  1.762089704332E-001
  3.172674556926E+000  7.175312815857E-002 -1.200922512919E-001  1.718205098533E-001
  3.196109223865E+000  6.898558410099E-002 -1.161171983948E-001  1.674322564200E-001
  3.219762708576E+000  6.628543600325E-002 -1.122087744893E-001  1.630492405011E-001
  3.243637719289E+000  6.365250395904E-002 -1.083682796468E-001  1.586763529245E-001
  3.267737006362E+000  6.108656011925E-002 -1.045969216597E-001  1.543183410468E-001
  3.292063363076E+000  5.858732925831E-002 -1.008958156902E-001  1.499798050414E-001
  3.316619626434E+000  5.615448940265E-002 -9.726598404951E-002  1.456651944153E-001
  3.341408677987E+000  5.378767252097E-002 -9.370835610767E-002  1.413788047662E-001
  3.366433444679E+000  5.148646527565E-002 -9.022376833712E-002  1.371247747873E-001
  3.391696899702E+000  4.925040983461E-002 -8.681296448946E-002  1.329070835286E-001
  3.417202063379E+000  4.707900474290E-002 -8.347659590659E-002  1.287295479224E-001
  3.442952004065E+000  4.497170585278E-002 -8.021522196632E-002  1.245958205794E-001
  3.468949839059E+000  4.292792731149E-002 -7.702931066253E-002  1.205093878614E-001
  3.495198735552E+000  4.094704260520E-002 -7.391923931927E-002  1.164735682363E-001
  3.521701911582E+000  3.902838565779E-002 -7.088529543833E-002  1.124915109189E-001
  3.548462637020E+000  3.717125198305E-002 -6.792767767904E-002  1.085661948016E-001
  3.575484234572E+000  3.537489988843E-002 -6.504649696906E-002  1.047004276789E-001
  3.602770080809E+000  3.363855172870E-002 -6.224177774438E-002  1.008968457647E-001
  3.630323607217E+000  3.196139520740E-002 -5.951345931656E-002  9.715791350683E-002
  3.658148301271E+000  3.034258472420E-002 -5.686139736481E-002  9.348592369697E-002
  3.686247707537E+000  2.878124276580E-002 -5.428536555027E-002  8.988299787625E-002
  3.714625428793E+000  2.727646133809E-002 -5.178505724945E-002  8.635108703498E-002
  3.743285127184E+000  2.582730343718E-002 -4.936008740358E-002  8.289197260431E-002
  3.772230525397E+000  2.443280455663E-002 -4.700999448018E-002  7.950726773699E-002
  3.801465407866E+000  2.309197422829E-002 -4.473424254302E-002  7.619841887316E-002
  3.830993622005E+000  2.180379759394E-002 -4.253222342612E-002  7.296670758690E-002
  3.860819079470E+000  2.056723700477E-002 -4.040325900749E-002  6.981325270785E-002
  3.890945757450E+000  1.938123364586E-002 -3.834660357761E-002  6.673901271202E-002
  3.921377699988E+000  1.824470918246E-002 -3.636144629778E-002  6.374478837477E-002
  3.952119019336E+000  1.715656742499E-002 -3.444691374297E-002  6.083122567846E-002
  3.983173897337E+000  1.611569600954E-002 -3.260207252370E-002  5.799881896635E-002
  4.014546586845E+000  1.512096809055E-002 -3.082593198106E-002  5.524791433389E-002
  4.046241413173E+000  1.417124404229E-002 -2.911744694909E-002  5.257871324772E-002
  4.078262775585E+000  1.326537316587E-002 -2.747552057817E-002  4.999127638215E-002
  4.110615148813E+000  1.240219539818E-002 -2.589900721321E-002  4.748552766229E-002
  4.143303084620E+000  1.158054301941E-002 -2.438671532001E-002  4.506125850243E-002
  4.176331213391E+000  1.079924235561E-002 -2.293741045326E-002  4.271813222779E-002
  4.209704245774E+000  1.005711547276E-002 -2.154981825925E-002  4.045568866720E-002
  4.243426974351E+000  9.352981858972E-003 -2.022262750659E-002  3.827334890400E-002
  4.277504275353E+000  8.685660091097E-003 -1.895449313769E-002  3.617042017169E-002
  4.311941110423E+000  8.053969482517E-003 -1.774403933431E-002  3.414610088100E-002
  4.346742528412E+000  7.456731708482E-003 -1.658986258967E-002  3.219948576426E-002
  4.381913667228E+000  6.892772405683E-003 -1.549053478046E-002  3.032957112291E-002
  4.417459755726E+000  6.360922742659E-003 -1.444460623121E-002  2.853526016386E-002
  4.453386115645E+000  5.860020957768E-003 -1.345060876422E-002  2.681536840985E-002
  4.489698163598E+000  5.388913861484E-003 -1.250705872791E-002  2.516862916932E-002
  4.526401413105E+000  4.946458299887E-003 -1.161245999655E-002  2.359369905078E-002
  4.563501476684E+000  4.531522576310E-003 -1.076530693453E-002  2.208916350690E-002
  4.601004067991E+000  4.142987828184E-003 -9.964087318444E-003  2.065354239351E-002
  4.638915004011E+000  3.779749356285E-003 -9.207285210227E-003  1.928529552865E-002
  4.677240207311E+000  3.440717903665E-003 -8.493383774956E-003  1.798282823699E-002
  4.715985708351E+000  3.124820881718E-003 -7.820868036985E-003  1.674449686531E-002
  4.755157647843E+000  2.831003540967E-003 -7.188227568311E-003  1.556861425453E-002
  4.794762279187E+000  2.558230084304E-003 -6.593959103318E-003  1.445345515441E-002
  4.834805970953E+000  2.305484720593E-003 -6.036569074259E-003  1.339726156721E-002
  4.875295209443E+000  2.071772656723E-003 -5.514576062143E-003  1.239824800700E-002
  4.916236601308E+000  1.856121026343E-003 -5.026513157939E-003  1.145460666164E-002
  4.957636876237E+000  1.657579753747E-003 -4.570930229354E-003  1.056451244508E-002
  4.999502889720E+000  1.475222351539E-003 -4.146396088746E-003  9.726127927959E-003
  5.041841625875E+000  1.308146650906E-003 -3.751500558061E-003  8.937608135099E-003
  5.084660200360E+000  1.155475463557E-003 -3.384856427086E-003  8.197105199172E-003
  5.127965863354E+000  1.016357174578E-003 -3.045101301611E-003  7.502772860239E-003
  5.171766002619E+000  8.899662656499E-004 -2.730899338551E-003  6.852770801719E-003
  5.216068146649E+000  7.755037683429E-004 -2.440942865408E-003  6.245268813939E-003
  5.260879967894E+000  6.721976473562E-004 -2.173953881892E-003  5.678450777159E-003
  5.306209286078E+000  5.793031138400E-004 -1.928685441936E-003  5.150518456743E-003
  5.352064071605E+000  4.961028691305E-004 -1.703922914721E-003  4.659695103907E-003
  5.398452449055E+000  4.219072794537E-004 -1.498485123788E-003  4.204228856273E-003
  5.445382700775E+000  3.560544823717E-004 -1.311225363718E-003  3.782395933289E-003
  5.492863270572E+000  2.979104259553E-004 -1.141032294282E-003  3.392503622396E-003
  5.540902767504E+000  2.468688418808E-004 -9.868307124050E-004  3.032893052662E-003
  5.589509969774E+000  2.023511538507E-004 -8.475822026762E-004  2.701941753452E-003
  5.638693828737E+000  1.638063229403E-004 -7.222856675891E-004  2.398065996549E-003
  5.688463473008E+000  1.307106316635E-004 -6.099777390696E-004  2.119722920991E-003
  5.738828212699E+000  1.025674087395E-004 -5.097330732654E-004  1.865412440712E-003
  5.789797543759E+000  7.890669671582E-005 -4.206645309510E-004  1.633678935919E-003
  5.841381152447E+000  5.928486477443E-005 -3.419232462736E-004  1.423112729944E-003
  5.893588919926E+000  4.328416920453E-005 -2.726985869268E-004  1.232351354096E-003
  5.946430926988E+000  3.051226417248E-005 -2.122180091777E-004  1.060080603823E-003
  5.999917458910E+000  2.060166555573E-005 -1.597468114952E-004  9.050353902206E-004
  6.054059010457E+000  1.320917073063E-005 -1.145877908333E-004  7.660003916473E-004
  6.108866291020E+000  8.015237314833E-006 -7.608080590028E-005  6.418105108946E-004
  6.164350229902E+000  4.723323961931E-006 -4.360225200548E-005  5.313511439765E-004
  6.220521981762E+000  3.059196389402E-006 -1.656445230997E-005  4.335582672270E-004
  6.277392932215E+000  2.770201890013E-006  5.585029485808E-006  3.474183499423E-004
  6.334974703589E+000  3.624515631120E-006  2.336414979921E-005  2.719681003143E-004
  6.393279160860E+000  5.410362085942E-006  3.725721379441E-005  2.062940528682E-004
  6.452318417752E+000  7.935214965543E-006  4.771576648164E-005  1.495320060271E-004
  6.512104843026E+000  1.102497902970E-005  5.515954068473E-005  1.008663187860E-004
  6.572651066946E+000  1.452315714933E-005  5.997745620298E-005  5.952907578481E-005
  6.633969987942E+000  1.829000597292E-005  6.252866444971E-005  2.479913032013E-005
  6.696074779472E+000  2.220168351391E-005  6.314363283476E-005 -3.998964967868E-006
  6.758978897091E+000  2.614939192681E-005  6.212526317070E-005 -2.749612985654E-005
  6.822696085726E+000  3.003851867574E-005  5.975003842305E-005 -4.628002078798E-005
  6.887240387180E+000  3.378777922229E-005  5.626919219201E-005 -6.089637761017E-005
  6.952626147859E+000  3.732836426894E-005  5.190989540682E-005 -7.185044284352E-005
  7.018868026732E+000  4.060309449162E-005  4.687645483252E-005 -7.960844358058E-005
  7.085981003543E+000  4.356558558065E-005  4.135151813148E-005 -8.459912625436E-005
  7.153980387268E+000  4.617942628346E-005  3.549728038793E-005 -8.721533468693E-005
  7.222881824836E+000  4.841737200717E-005  2.945668719029E-005 -8.781562205333E-005
  7.292701310121E+000  5.026055639389E-005  2.335462957301E-005 -8.672588766318E-005
  7.363455193219E+000  5.169772312830E-005  1.729912634414E-005 -8.424102977107E-005
  7.435160190001E+000  5.272448007652E-005  1.138248956642E-005 -8.062660597316E-005
  7.507833391988E+000  5.334257768782E-005  5.682469215021E-006 -7.612049312913E-005
  7.581492276516E+000  5.355921341849E-005  2.633733032134E-007 -7.093453916062E-005
  7.656154717242E+000  5.338636376029E-005 -4.822839953624E-006 -6.525619951716E-005
  7.731838994973E+000  5.284014527584E-005 -9.535501078205E-006 -5.925015156392E-005
  7.808563808847E+000  5.194020586097E-005 -1.384420222423E-005 -5.305988062773E-005
  7.886348287874E+000  5.070914727082E-005 -1.772780657212E-005 -4.680923193651E-005
  7.965212002848E+000  4.917197976295E-005 -2.117349647674E-005 -4.060392319646E-005
  8.045174978646E+000  4.735560952812E-005 -2.417586231497E-005 -3.453301306846E-005
  8.126257706932E+000  4.528835939879E-005 -2.673603368084E-005 -2.867032132573E-005
  8.208481159274E+000  4.299952314791E-005 -2.886085427917E-005 -2.307579699507E-005
  8.291866800694E+000  4.051895351634E-005 -3.056210157708E-005 -1.779683130036E-005
  8.376436603664E+000  3.787668393821E-005 -3.185575198755E-005 -1.286951273547E-005
  8.462213062574E+000  3.510258376993E-005 -3.276129208248E-005 -8.319822092139E-006
  8.549219208676E+000  3.222604667091E-005 -3.330107606575E-005 -4.164765752034E-006
  8.637478625536E+000  2.927571163371E-005 -3.349972948071E-005 -4.134460195178E-007
  8.727015464999E+000  2.627921601863E-005 -3.338359888283E-005  2.931932280364E-006
  8.817854463709E+000  2.326297981287E-005 -3.298024697763E-005  5.875119288107E-006
  8.910020960175E+000  2.025202020884E-005 -3.231799250782E-005  8.424941626963E-006
  9.003540912431E+000  1.726979547900E-005 -3.142549397205E-005  1.059448752071E-005
  9.098440916308E+000  1.433807701792E-005 -3.033137607168E-005  1.240035473105E-005
  9.194748224321E+000  1.147684832451E-005 -2.906389761237E-005  1.386196021093E-005
  9.292490765233E+000  8.704229610175E-006 -2.765065943314E-005  1.500091007586E-005
  9.391697164283E+000  6.036426641990E-006 -2.611835079885E-005  1.584042823008E-005
  9.492396764138E+000  3.487702362964E-006 -2.449253257107E-005  1.640484174837E-005
  9.594619646576E+000  1.070369775776E-006 -2.279745536832E-005  1.671912090713E-005
  9.698396654938E+000 -1.205195469429E-006 -2.105591083852E-005  1.680847158013E-005
  9.803759417385E+000 -3.330524377710E-006 -1.928911409475E-005  1.669797756391E-005
  9.910740370981E+000 -5.299007421772E-006 -1.751661530893E-005  1.641229027497E-005
  1.001937278665E+001 -7.105832498093E-006 -1.575623841673E-005  1.597536316384E-005
  1.012969079502E+001 -8.747909665255E-006 -1.402404486077E-005  1.541022811997E-005
  1.024172941323E+001 -1.022378429773E-005 -1.233432028594E-005  1.473881109293E-005
  1.035552457272E+001 -1.153354027363E-005 -1.069958210207E-005  1.398178413076E-005
  1.047111314798E+001 -1.267869479104E-005 -9.130605842027E-006  1.315845103115E-005
  1.058853298647E+001 -1.366208637444E-005 -7.636468269016E-006  1.228666381661E-005
  1.070782293953E+001 -1.448775759180E-005 -6.224605223202E-006  1.138276727702E-005
  1.082902289454E+001 -1.516083395285E-005 -4.900882244809E-006  1.046156887230E-005
  1.095217380826E+001 -1.568740040250E-005 -3.669676067490E-006  9.536331351186E-006
  1.107731774137E+001 -1.607437675864E-005 -2.533965141228E-006  8.618785518777E-006
  1.120449789442E+001 -1.632939337264E-005 -1.495427417679E-006  7.719160673598E-006
  1.133375864507E+001 -1.646066821394E-005 -5.545437118236E-007  6.846230333224E-006
  1.146514558681E+001 -1.647688649713E-005  2.892949587656E-007  6.007370974193E-006
  1.159870556913E+001 -1.638708388246E-005  1.037677562380E-006  5.208631626202E-006
  1.173448673928E+001 -1.620053418866E-005  1.693062176443E-006  4.454812280755E-006
  1.187253858566E+001 -1.592664246140E-005  2.258665350102E-006  3.749549199540E-006
  1.201291198287E+001 -1.557484414218E-005  2.738352904579E-006  3.095405336639E-006
  1.215565923859E+001 -1.515451098169E-005  3.136533260939E-006  2.493964220257E-006
  1.230083414231E+001 -1.467486423952E-005  3.458054274105E-006  1.945925772972E-006
  1.244849201595E+001 -1.414489560931E-005  3.708104439944E-006  1.451202683660E-006
  1.259868976657E+001 -1.357329620593E-005  3.892119229743E-006  1.009016078424E-006
  1.275148594119E+001 -1.296839384940E-005  4.015693194147E-006  6.179893712069E-007
  1.290694078384E+001 -1.233809878074E-005  4.084498367505E-006  2.762393065964E-007
  1.306511629490E+001 -1.168985784785E-005  4.104209394158E-006 -1.853666311872E-008
  1.322607629292E+001 -1.103061710564E-005  4.080435691414E-006 -2.689773979491E-007
  1.338988647898E+001 -1.036679268585E-005  4.018660860440E-006 -4.779800955334E-007
  1.355661450375E+001 -9.704249707604E-006  3.924189456862E-006 -6.486278112197E-007
  1.372633003727E+001 -9.048288921553E-006  3.802101138104E-006 -7.841228482835E-007
  1.389910484176E+001 -8.403640709086E-006  3.657212115291E-006 -8.877262849902E-007
  1.407501284743E+001 -7.774465993532E-006  3.494043754320E-006 -9.627038024491E-007
  1.425413023161E+001 -7.164363563878E-006  3.316798094244E-006 -1.012277880870E-006
  1.443653550117E+001 -6.576383263392E-006  3.129339981887E-006 -1.039586342405E-006
  1.462230957852E+001 -6.013044456041E-006  2.935185460110E-006 -1.047647136680E-006
  1.481153589140E+001 -5.476359153266E-006  2.737495993793E-006 -1.039329190755E-006
  1.500430046649E+001 -4.967859162436E-006  2.539078072721E-006 -1.017329078995E-006
  1.520069202718E+001 -4.488626606396E-006  2.342387694350E-006 -9.841532103756E-007
  1.540080209569E+001 -4.039327160804E-006  2.149539202064E-006 -9.421051813276E-007
  1.560472509963E+001 -3.620245362182E-006  1.962317935963E-006 -8.932779014846E-007
  1.581255848342E+001 -3.231321354549E-006  1.782196143424E-006 -8.395500675846E-007
  1.602440282470E+001 -2.872188465595E-006  1.610351595312E-006 -7.825865372911E-007
  1.624036195599E+001 -2.542211034060E-006  1.447688360612E-006 -7.238421396398E-007
  1.646054309190E+001 -2.240521947569E-006  1.294859206764E-006 -6.645684519166E-007
  1.668505696224E+001 -1.966059393829E-006  1.152289114696E-006 -6.058230736558E-007
  1.691401795117E+001 -1.717602376904E-006  1.020199425724E-006 -5.484809366466E-007
  1.714754424293E+001 -1.493804603250E-006  8.986321713469E-007 -4.932472047757E-007
  1.738575797433E+001 -1.293226398284E-006  7.874741756797E-007 -4.406713385558E-007
  1.762878539445E+001 -1.114364372346E-006  6.864805629850E-007 -3.911619255647E-007
  1.787675703191E+001 -9.556786139621E-007  5.952973483910E-007 -3.450019089426E-007
  1.812980787015E+001 -8.156172471295E-007  5.134828375857E-007 -3.023638807158E-007
  1.838807753110E+001 -6.926382469494E-007  4.405276099578E-007 -2.633251441532E-007
  1.865171046781E+001 -5.852284632538E-007  3.758729083865E-007 -2.278822887102E-007
  1.892085616642E+001 -4.919198540055E-007  3.189273067081E-007 -1.959650614880E-007
  1.919566935809E+001 -4.113029783389E-007  2.690815719285E-007 -1.674493596475E-007
  1.947631024137E+001 -3.420378424472E-007  2.257216816957E-007 -1.421692080471E-007
  1.976294471571E+001 -2.828622295090E-007  1.882399976898E-007 -1.199276247431E-007
  2.005574462663E+001 -2.325976770463E-007  1.560446318155E-007 -1.005063132080E-007
  2.035488802332E+001 -1.901532912267E-007  1.285670739256E-007 -8.367415358162E-008
  2.066055942930E+001 -1.545276075178E-007  1.052681768979E-007 -6.919449547430E-008
  2.097295012706E+001 -1.248087208129E-007  8.564261703018E-008 -5.683128139655E-008
  2.129225845729E+001 -1.001729158204E-007  6.922196481450E-008 -4.635405253217E-008
  2.161869013374E+001 -7.988203047455E-008  5.557651326756E-008 -3.754190714332E-008
  2.195245857462E+001 -6.327978180741E-008  4.431601829282E-008 -3.018649636656E-008
  2.229378525140E+001 -4.978727567115E-008  3.508950833510E-008 -2.409415260357E-008
  2.264290005632E+001 -3.889790954379E-008  2.758431923940E-008 -1.908725231132E-008
  2.300004168951E+001 -3.017186209157E-008  2.152450522052E-008 -1.500491802394E-008
  2.336545806705E+001 -2.323034492889E-008  1.666876872086E-008 -1.170316424131E-008
  2.373940675129E+001 -1.774977186480E-008  1.280804125669E-008 -9.054588805510E-009
  2.412215540475E+001 -1.345597959541E-008  9.762834725228E-009 -6.947706004871E-009
  2.451398226921E+001 -1.011861200024E-008  7.380468661998E-009 -5.286010372710E-009
  2.491517667142E+001 -7.545758584390E-009  5.532264175771E-009 -3.986851462163E-009
  2.532603955735E+001 -5.578916759912E-009  4.110780285387E-009 -2.980190250881E-009
  2.574688405660E+001 -4.088328076642E-009  3.027153622699E-009 -2.207297701475E-009
  2.617803607920E+001 -2.968720599600E-009  2.208588368210E-009 -1.619445779086E-009
  2.661983494664E+001 -2.135473687800E-009  1.596030195503E-009 -1.176631258868E-009
  2.707263405971E+001 -1.521207659870E-009  1.142046182848E-009 -8.463632383860E-010
  2.753680160532E+001 -1.072789337064E-009  8.089222910530E-010 -6.025366352641E-010
  2.801272130518E+001 -7.487352446400E-010  5.669812126076E-010 -4.244062673049E-010
  2.850079320900E+001 -5.169872573682E-010  3.931162027974E-010 -2.956694868687E-010
  2.900143453541E+001 -3.530305539539E-010  2.695308780530E-010 -2.036598213030E-010
  2.951508056378E+001 -2.383207040229E-010  1.826708245957E-010 -1.386496525322E-010
  3.004218558064E+001 -1.589853159943E-010  1.223300722747E-010 -9.325660327253E-011
  3.058322388437E+001 -1.047656665372E-010  8.091389334397E-011 -6.194590141908E-011
  3.113869085248E+001 -6.816484453105E-011  5.283880318951E-011 -4.061945900884E-011
  3.170910407585E+001 -4.377091002780E-011  3.405088052970E-011 -2.628160258757E-011
  3.229500456485E+001 -2.772614159334E-011  2.164440084692E-011 -1.677119514939E-011
  3.289695803249E+001 -1.731639678313E-011  1.356411128268E-011 -1.055016373263E-011
  3.351555626047E+001 -1.065774309565E-011  8.376107122131E-012 -6.539065717665E-012
  3.415141855403E+001 -6.460666568227E-012  5.094059781075E-012 -3.991177142167E-012
  3.480519329257E+001 -3.855202955789E-012  3.049378335618E-012 -2.397569413548E-012
  3.547755958299E+001 -2.263166902645E-012  1.795670393281E-012 -1.416675284921E-012
  3.616922902393E+001 -1.306214029509E-012  1.039536950146E-012 -8.228671894724E-013
  3.688094758921E+001 -7.407236859382E-013  5.912455033538E-013 -4.695344005419E-013
  3.761349763993E+001 -4.124239460302E-013  3.301511980002E-013 -2.630189767139E-013
  3.836770007534E+001 -2.253014487718E-013  1.808683431593E-013 -1.445364861966E-013
  3.914441663347E+001 -1.206667141573E-013  9.713787883351E-014 -7.785947924879E-014
  3.994455235367E+001 -6.330945191329E-014  5.110295090154E-014 -4.108138767838E-014
  4.076905821405E+001 -3.251199298488E-014  2.631308605219E-014 -2.121370313278E-014
  4.161893395835E+001 -1.632789322214E-014  1.324903611489E-014 -1.071136613929E-014
  4.249523112779E+001 -8.011719736929E-015  6.517509299940E-015 -5.283593005538E-015
  4.339905631520E+001 -3.837130875650E-015  3.129253764546E-015 -2.543593581964E-015
  4.433157466006E+001 -1.791951829429E-015  1.464926580400E-015 -1.193864412460E-015
  4.529401360538E+001 -8.151065806179E-016  6.679392614917E-016 -5.457353773140E-016
  4.628766693861E+001 -3.607236817966E-016  2.962842233027E-016 -2.426801192314E-016
  4.731389914191E+001 -1.551256431702E-016  1.277049008269E-016 -1.048549796040E-016
  4.837415007871E+001 -6.474236540439E-017  5.341730221572E-017 -4.396380359453E-017
  4.946994004686E+001 -2.618820849816E-017  2.165451300465E-017 -1.786365014638E-017
  5.060287523143E+001 -1.025222876367E-017  8.495529846915E-018 -7.024218866645E-018
  5.177465359367E+001 -3.878587264520E-018  3.220742997033E-018 -2.668869516458E-018
  5.298707123650E+001 -1.415732392188E-018  1.178026917689E-018 -9.782924512089E-019
  5.424202929116E+001 -4.977485480969E-019  4.150087344655E-019 -3.453758943274E-019
  5.554154137419E+001 -1.682617692888E-019  1.405684770382E-019 -1.172259181028E-019
  5.688774166961E+001 -5.458662556245E-020  4.569055684175E-020 -3.818064075267E-020
  5.828289369667E+001 -1.696059450538E-020  1.422334795368E-020 -1.190913705961E-020
  5.972939983075E+001 -5.036453853379E-021  4.231451802891E-021 -3.549855476366E-021
  6.122981165190E+001 -1.426115820744E-021  1.200346652252E-021 -1.008909823108E-021
  6.278684120462E+001 -3.841368378154E-022  3.238986285027E-022 -2.727477539271E-022
  6.440337326150E+001 -9.817627176203E-023  8.292494643223E-023 -6.995618596343E-023
  6.608247869451E+001 -2.374284070724E-023  2.008868096496E-023 -1.697712100266E-023
  6.782742906960E+001 -5.417548616257E-024  4.591414640584E-024 -3.886995836305E-024
  6.964171259434E+001 -1.162710207078E-024  9.870185394868E-025 -8.370115008844E-025
  7.152905156377E+001 -2.339389587041E-025  1.989078696290E-025 -1.689587212286E-025
  7.349342146763E+001 -4.397054172076E-026  3.744488971297E-026 -3.185870093362E-026
  7.553907194217E+001 -7.691461524503E-027  6.560046882312E-027 -5.590285288987E-027
  7.767054977292E+001 -1.247062417243E-027  1.065221339782E-027 -9.091664332042E-028
  7.989272418113E+001 -1.866032963001E-028  1.596287408928E-028 -1.364509063904E-028
  8.221081465675E+001 -2.564992127910E-029  2.197377526903E-029 -1.881123948963E-029
  8.463042163523E+001 -3.222734552438E-030  2.764757411688E-030 -2.370298523247E-030
  8.715756035520E+001 -3.681376204228E-031  3.162596339145E-031 -2.715246244713E-031
  8.979869827958E+001 -3.801396132809E-032  3.270131302808E-032 -2.811489860302E-032
  9.256079651532E+001 -3.526403804131E-033  3.037597628950E-033 -2.615135143992E-033
  9.545135572765E+001 -2.919284807338E-034  2.517901046377E-034 -2.170611248143E-034
  9.847846711487E+001 -2.141149304382E-035  1.849103299320E-035 -1.596140955605E-035
  1.016508690915E+002 -1.380584699957E-036  1.193761424328E-036 -1.031767148000E-036
  1.049780104220E+002 -7.760127228394E-038  6.718185743479E-038 -5.813770479386E-038
  1.084701206579E+002 -3.767953426130E-039  3.265923196757E-039 -2.829706633886E-039
  1.121382888606E+002 -1.564879546697E-040  1.357961318683E-040 -1.177986932872E-040
  1.159945517414E+002 -5.499651528506E-042  4.777895374637E-042 -4.149498349988E-042
  1.200519925308E+002 -1.616599472413E-043  1.406008574683E-043 -1.222478614295E-043
  1.243248520934E+002 -3.924349152122E-045  3.416854624864E-045 -2.974149420729E-045
  1.288286540551E+002 -7.759217971374E-047  6.763002394815E-047 -5.893151769612E-047
  1.335803459987E+002 -1.230801164377E-048  1.073894858882E-048 -9.367649800614E-049
  1.385984591287E+002 -1.540626475437E-050  1.345591351641E-050 -1.174984221074E-050
  1.439032892205E+002 -1.494449562325E-052  1.306558574009E-052 -1.142055009968E-052
  1.495171021587E+002 -1.101310437606E-054  9.637827026193E-055 -8.432688221529E-055
  1.554643679592E+002 -6.032499047207E-057  5.284190561527E-057 -4.627898242497E-057
  1.617720278763E+002 -2.397721357987E-059  2.102238413974E-059 -1.842873375978E-059
  1.684698000514E+002 -6.734273871414E-062  5.909713225546E-062 -5.185349795693E-062
  1.755905301928E+002 -1.297883142631E-064  1.139971637586E-064 -1.001137856328E-064
  1.831705950299E+002 -1.661590473193E-067  1.460682505127E-067 -1.283908415268E-067
  1.912503678195E+002 -1.362996027537E-070  1.199196823922E-070 -1.054963391715E-070
  1.998747570544E+002 -6.882154295517E-074  6.060034552216E-074 -5.335574241622E-074
  2.090938318328E+002 -2.045435624854E-077  1.802528740866E-077 -1.588319895183E-077
  2.189635501945E+002 -3.403795487333E-081  3.001901910196E-081 -2.647236024062E-081
  2.295466102647E+002 -2.998633470185E-085  2.646574620509E-085 -2.335670033305E-085
  2.409134484547E+002 -1.313182347161E-089  1.159857594609E-089 -1.024363487209E-089
  2.531434144886E+002 -2.662958898048E-094  2.353716849321E-094 -2.080255641621E-094
  2.663261599835E+002 -2.307993058994E-099  2.041388660628E-099 -1.805478665894E-099
  2.805632861191E+002 -7.806999979670E-105  6.909843876540E-105 -6.115475946058E-105
  2.959703071532E+002 -9.295127231746E-111  8.232348402614E-111 -7.290753578895E-111
  3.126790009236E+002 -3.462332018331E-117  3.068407444408E-117 -2.719191101834E-117
  3.308402360200E+002 -3.525531842295E-124  3.126342176146E-124 -2.772251948249E-124
  3.506273893903E+002 -8.403770184101E-132  7.456676432937E-132 -6.616106898794E-132
  3.722404996260E+002 -3.921064451124E-140  3.481177385507E-140 -3.090551738032E-140
  3.959113426415E+002 -2.910466627357E-149  2.585399634694E-149 -2.296581674561E-149
  4.219096715122E+002 -2.699814238295E-159  2.399571733092E-159 -2.132672001705E-159
  4.505509359373E+002 -2.360123177827E-170  2.098752794470E-170 -1.866291924985E-170
  4.822058963204E+002 -1.395326811650E-182  1.241427460367E-182 -1.104484194705E-182
  5.173126831536E+002 -3.769401827398E-196  3.355279623166E-196 -2.986611400505E-196
  5.563920392209E+002 -2.919539460144E-211  2.600001769483E-211 -2.315407946933E-211
  6.000667421536E+002 -3.712896151171E-228  3.308013676894E-228 -2.947251136832E-228
  6.490865708786E+002 -3.962677470306E-247  3.532081028561E-247 -3.148245767969E-247
  7.043607010442E+002 -1.572793561241E-268  1.402469347808E-268 -1.250580569129E-268
  7.670001674974E+002 -8.585836047947E-293  7.659074607892E-293 -6.832304031853E-293
  8.383741345464E+002  0.000000000000E+000  0.000000000000E+000  0.000000000000E+000
  9.201853543213E+002  0.000000000000E+000  0.000000000000E+000  0.000000000000E+000
  1.014572672318E+003  0.000000000000E+000  0.000000000000E+000  0.000000000000E+000
  1.124252254996E+003  0.000000000000E+000  0.000000000000E+000  0.000000000000E+000
  1.252715205428E+003  0.000000000000E+000  0.000000000000E+000  0.000000000000E+000
  1.404508845568E+003  0.000000000000E+000  0.000000000000E+000  0.000000000000E+000
  1.585644739908E+003  0.000000000000E+000  0.000000000000E+000  0.000000000000E+000
  1.804203189488E+003  0.000000000000E+000  0.000000000000E+000  0.000000000000E+000
  2.071250249814E+003  0.000000000000E+000  0.000000000000E+000  0.000000000000E+000
  2.402266552340E+003  0.000000000000E+000  0.000000000000E+000  0.000000000000E+000
  2.819442449497E+003  0.000000000000E+000  0.000000000000E+000  0.000000000000E+000
  3.355496240167E+003  0.000000000000E+000  0.000000000000E+000  0.000000000000E+000
  4.060290442982E+003  0.000000000000E+000  0.000000000000E+000  0.000000000000E+000
  5.012860622227E+003  0.000000000000E+000  0.000000000000E+000  0.000000000000E+000
  6.344578802016E+003  0.000000000000E+000  0.000000000000E+000  0.000000000000E+000
  8.287000878586E+003  0.000000000000E+000  0.000000000000E+000  0.000000000000E+000
  1.127976970933E+004  0.000000000000E+000  0.000000000000E+000  0.000000000000E+000
  1.624316171036E+004  0.000000000000E+000  0.000000000000E+000  0.000000000000E+000
  2.538031516868E+004  0.000000000000E+000  0.000000000000E+000  0.000000000000E+000
  4.512107881524E+004  0.000000000000E+000  0.000000000000E+000  0.000000000000E+000
  1.015232606647E+005  0.000000000000E+000  0.000000000000E+000  0.000000000000E+000
  4.060950426526E+005  0.000000000000E+000  0.000000000000E+000  0.000000000000E+000
