# 1st line: number of mesh points
# abcissa wavefunction wavefunction_1st wavefunction_2nd
1000
# Principal QN=   4 , l=   0 , Occupation=   2.0000
  2.462477732966E-006  2.007394068719E+001 -8.042381589329E+002  2.843347609419E+004
  9.849959442330E-006  2.006800016830E+001 -8.040281385250E+002  2.842498204623E+004
  2.216259066178E-005  2.005810262061E+001 -8.036782393260E+002  2.841083171122E+004
  3.940061395432E-005  2.004425301655E+001 -8.031886634011E+002  2.839103469859E+004
  6.156436892224E-005  2.002645831103E+001 -8.025596933289E+002  2.836560444572E+004
  8.865429222131E-005  2.000472743495E+001 -8.017916918902E+002  2.833455820201E+004
  1.206709175794E-004  1.997907128684E+001 -8.008851016673E+002  2.829791700865E+004
  1.576148758184E-004  1.994950272278E+001 -7.998404445571E+002  2.825570567381E+004
  1.994868948811E-004  1.991603654436E+001 -7.986583211963E+002  2.820795274346E+004
  2.462877998613E-004  1.987868948499E+001 -7.973394103014E+002  2.815469046784E+004
  2.980185130383E-004  1.983748019435E+001 -7.958844679235E+002  2.809595476362E+004
  3.546800539158E-004  1.979242922114E+001 -7.942943266198E+002  2.803178517176E+004
  4.162735392647E-004  1.974355899405E+001 -7.925698945425E+002  2.796222481128E+004
  4.828001831694E-004  1.969089380114E+001 -7.907121544471E+002  2.788732032884E+004
  5.542612970792E-004  1.963445976745E+001 -7.887221626215E+002  2.780712184430E+004
  6.306582898628E-004  1.957428483103E+001 -7.866010477370E+002  2.772168289241E+004
  7.119926678676E-004  1.951039871743E+001 -7.843500096245E+002  2.763106036053E+004
  7.982660349828E-004  1.944283291249E+001 -7.819703179761E+002  2.753531442273E+004
  8.894800927067E-004  1.937162063381E+001 -7.794633109755E+002  2.743450847011E+004
  9.856366402179E-004  1.929679680054E+001 -7.768303938586E+002  2.732870903769E+004
  1.086737574451E-003  1.921839800195E+001 -7.740730374068E+002  2.721798572781E+004
  1.192784890174E-003  1.913646246445E+001 -7.711927763758E+002  2.710241113024E+004
  1.303780680078E-003  1.905103001736E+001 -7.681912078611E+002  2.698206073914E+004
  1.419727134858E-003  1.896214205740E+001 -7.650699896047E+002  2.685701286694E+004
  1.540626543307E-003  1.886984151191E+001 -7.618308382438E+002  2.672734855528E+004
  1.666481292416E-003  1.877417280093E+001 -7.584755275050E+002  2.659315148325E+004
  1.797293867468E-003  1.867518179812E+001 -7.550058863473E+002  2.645450787291E+004
  1.933066852148E-003  1.857291579063E+001 -7.514237970561E+002  2.631150639239E+004
  2.073802928647E-003  1.846742343800E+001 -7.477311932903E+002  2.616423805656E+004
  2.219504877777E-003  1.835875473003E+001 -7.439300580884E+002  2.601279612565E+004
  2.370175579090E-003  1.824696094382E+001 -7.400224218328E+002  2.585727600166E+004
  2.525818010992E-003  1.813209459992E+001 -7.360103601784E+002  2.569777512307E+004
  2.686435250879E-003  1.801420941782E+001 -7.318959919476E+002  2.553439285769E+004
  2.852030475254E-003  1.789336027058E+001 -7.276814769941E+002  2.536723039403E+004
  3.022606959872E-003  1.776960313893E+001 -7.233690140400E+002  2.519639063127E+004
  3.198168079872E-003  1.764299506475E+001 -7.189608384887E+002  2.502197806800E+004
  3.378717309917E-003  1.751359410399E+001 -7.144592202169E+002  2.484409868985E+004
  3.564258224347E-003  1.738145927922E+001 -7.098664613494E+002  2.466285985632E+004
  3.754794497325E-003  1.724665053170E+001 -7.051848940186E+002  2.447837018679E+004
  3.950329902993E-003  1.710922867317E+001 -7.004168781145E+002  2.429073944602E+004
  4.150868315631E-003  1.696925533733E+001 -6.955647990252E+002  2.410007842924E+004
  4.356413709820E-003  1.682679293118E+001 -6.906310653742E+002  2.390649884700E+004
  4.566970160612E-003  1.668190458618E+001 -6.856181067554E+002  2.371011320998E+004
  4.782541843700E-003  1.653465410930E+001 -6.805283714706E+002  2.351103471387E+004
  5.003133035593E-003  1.638510593412E+001 -6.753643242716E+002  2.330937712459E+004
  5.228748113801E-003  1.623332507189E+001 -6.701284441104E+002  2.310525466378E+004
  5.459391557015E-003  1.607937706280E+001 -6.648232219008E+002  2.289878189509E+004
  5.695067945303E-003  1.592332792731E+001 -6.594511582942E+002  2.269007361100E+004
  5.935781960296E-003  1.576524411777E+001 -6.540147614725E+002  2.247924472070E+004
  6.181538385392E-003  1.560519247024E+001 -6.485165449614E+002  2.226641013893E+004
  6.432342105956E-003  1.544324015677E+001 -6.429590254664E+002  2.205168467607E+004
  6.688198109528E-003  1.527945463789E+001 -6.373447207347E+002  2.183518292952E+004
  6.949111486034E-003  1.511390361574E+001 -6.316761474459E+002  2.161701917662E+004
  7.215087428003E-003  1.494665498752E+001 -6.259558191336E+002  2.139730726922E+004
  7.486131230784E-003  1.477777679957E+001 -6.201862441410E+002  2.117616052990E+004
  7.762248292776E-003  1.460733720204E+001 -6.143699236121E+002  2.095369165021E+004
  8.043444115654E-003  1.443540440417E+001 -6.085093495229E+002  2.073001259088E+004
  8.329724304602E-003  1.426204663025E+001 -6.026070027519E+002  2.050523448417E+004
  8.621094568555E-003  1.408733207632E+001 -5.966653511949E+002  2.027946753845E+004
  8.917560720438E-003  1.391132886765E+001 -5.906868479249E+002  2.005282094525E+004
  9.219128677417E-003  1.373410501699E+001 -5.846739293985E+002  1.982540278868E+004
  9.525804461149E-003  1.355572838369E+001 -5.786290137126E+002  1.959731995751E+004
  9.837594198038E-003  1.337626663367E+001 -5.725544989113E+002  1.936867805992E+004
  1.015450411950E-002  1.319578720035E+001 -5.664527613456E+002  1.913958134095E+004
  1.047654056222E-002  1.301435724647E+001 -5.603261540875E+002  1.891013260294E+004
  1.080370996845E-002  1.283204362692E+001 -5.541770053998E+002  1.868043312879E+004
  1.113601888623E-002  1.264891285252E+001 -5.480076172624E+002  1.845058260831E+004
  1.147347396972E-002  1.246503105489E+001 -5.418202639576E+002  1.822067906759E+004
  1.181608197948E-002  1.228046395231E+001 -5.356171907145E+002  1.799081880158E+004
  1.216384978272E-002  1.209527681666E+001 -5.294006124135E+002  1.776109630986E+004
  1.251678435364E-002  1.190953444147E+001 -5.231727123524E+002  1.753160423558E+004
  1.287489277369E-002  1.172330111099E+001 -5.169356410740E+002  1.730243330784E+004
  1.323818223191E-002  1.153664057052E+001 -5.106915152573E+002  1.707367228730E+004
  1.360666002522E-002  1.134961599767E+001 -5.044424166708E+002  1.684540791519E+004
  1.398033355872E-002  1.116228997491E+001 -4.981903911898E+002  1.661772486574E+004
  1.435921034603E-002  1.097472446322E+001 -4.919374478776E+002  1.639070570201E+004
  1.474329800963E-002  1.078698077681E+001 -4.856855581306E+002  1.616443083514E+004
  1.513260428113E-002  1.059911955910E+001 -4.794366548876E+002  1.593897848704E+004
  1.552713700165E-002  1.041120075976E+001 -4.731926319028E+002  1.571442465658E+004
  1.592690412217E-002  1.022328361295E+001 -4.669553430828E+002  1.549084308915E+004
  1.633191370382E-002  1.003542661668E+001 -4.607266018870E+002  1.526830524970E+004
  1.674217391826E-002  9.847687513287E+000 -4.545081807915E+002  1.504688029914E+004
  1.715769304806E-002  9.660123271118E+000 -4.483018108151E+002  1.482663507422E+004
  1.757847948698E-002  9.472790067243E+000 -4.421091811076E+002  1.460763407071E+004
  1.800454174044E-002  9.285743271335E+000 -4.359319385995E+002  1.438993942997E+004
  1.843588842578E-002  9.099037430635E+000 -4.297716877123E+002  1.417361092876E+004
  1.887252827273E-002  8.912726255995E+000 -4.236299901274E+002  1.395870597239E+004
  1.931447012370E-002  8.726862608998E+000 -4.175083646157E+002  1.374527959105E+004
  1.976172293425E-002  8.541498490123E+000 -4.114082869223E+002  1.353338443927E+004
  2.021429577341E-002  8.356685027943E+000 -4.053311897096E+002  1.332307079854E+004
  2.067219782411E-002  8.172472469335E+000 -3.992784625542E+002  1.311438658299E+004
  2.113543838356E-002  7.988910170678E+000 -3.932514519984E+002  1.290737734796E+004
  2.160402686371E-002  7.806046590023E+000 -3.872514616538E+002  1.270208630161E+004
  2.207797279156E-002  7.623929280199E+000 -3.812797523556E+002  1.249855431927E+004
  2.255728580967E-002  7.442604882843E+000 -3.753375423671E+002  1.229681996059E+004
  2.304197567655E-002  7.262119123316E+000 -3.694260076308E+002  1.209691948941E+004
  2.353205226706E-002  7.082516806488E+000 -3.635462820672E+002  1.189888689617E+004
  2.402752557287E-002  6.903841813359E+000 -3.576994579166E+002  1.170275392289E+004
  2.452840570292E-002  6.726137098486E+000 -3.518865861244E+002  1.150855009052E+004
  2.503470288379E-002  6.549444688192E+000 -3.461086767673E+002  1.131630272864E+004
  2.554642746023E-002  6.373805679519E+000 -3.403666995185E+002  1.112603700745E+004
  2.606358989558E-002  6.199260239904E+000 -3.346615841496E+002  1.093777597184E+004
  2.658620077221E-002  6.025847607543E+000 -3.289942210688E+002  1.075154057749E+004
  2.711427079202E-002  5.853606092407E+000 -3.233654618918E+002  1.056734972896E+004
  2.764781077690E-002  5.682573077887E+000 -3.177761200439E+002  1.038522031959E+004
  2.818683166921E-002  5.512785023032E+000 -3.122269713923E+002  1.020516727316E+004
  2.873134453224E-002  5.344277465346E+000 -3.067187549057E+002  1.002720358709E+004
  2.928136055074E-002  5.177085024120E+000 -3.012521733386E+002  9.851340377312E+003
  2.983689103139E-002  5.011241404260E+000 -2.958278939401E+002  9.677586924393E+003
  3.039794740329E-002  4.846779400580E+000 -2.904465491841E+002  9.505950721093E+003
  3.096454121851E-002  4.683730902536E+000 -2.851087375182E+002  9.336437521054E+003
  3.153668415253E-002  4.522126899363E+000 -2.798150241312E+002  9.169051388597E+003
  3.211438800486E-002  4.361997485582E+000 -2.745659417357E+002  9.003794749513E+003
  3.269766469947E-002  4.203371866862E+000 -2.693619913641E+002  8.840668442720E+003
  3.328652628537E-002  4.046278366184E+000 -2.642036431769E+002  8.679671772692E+003
  3.388098493714E-002  3.890744430301E+000 -2.590913372805E+002  8.520802562559E+003
  3.448105295547E-002  3.736796636451E+000 -2.540254845530E+002  8.364057207761E+003
  3.508674276771E-002  3.584460699301E+000 -2.490064674763E+002  8.209430730157E+003
  3.569806692844E-002  3.433761478091E+000 -2.440346409718E+002  8.056916832493E+003
  3.631503812000E-002  3.284722983959E+000 -2.391103332399E+002  7.906507953117E+003
  3.693766915309E-002  3.137368387411E+000 -2.342338465994E+002  7.758195320850E+003
  3.756597296732E-002  2.991720025927E+000 -2.294054583258E+002  7.611969009915E+003
  3.819996263183E-002  2.847799411659E+000 -2.246254214884E+002  7.467817994825E+003
  3.883965134583E-002  2.705627239220E+000 -2.198939657821E+002  7.325730205135E+003
  3.948505243923E-002  2.565223393523E+000 -2.152112983538E+002  7.185692579978E+003
  4.013617937323E-002  2.426606957666E+000 -2.105776046226E+002  7.047691122287E+003
  4.079304574093E-002  2.289796220831E+000 -2.059930490904E+002  6.911710952615E+003
  4.145566526792E-002  2.154808686186E+000 -2.014577761435E+002  6.777736362486E+003
  4.212405181296E-002  2.021661078772E+000 -1.969719108426E+002  6.645750867171E+003
  4.279821936853E-002  1.890369353350E+000 -1.925355597005E+002  6.515737257842E+003
  4.347818206155E-002  1.760948702214E+000 -1.881488114466E+002  6.387677653003E+003
  4.416395415396E-002  1.633413562927E+000 -1.838117377762E+002  6.261553549146E+003
  4.485555004336E-002  1.507777625993E+000 -1.795243940849E+002  6.137345870548E+003
  4.555298426375E-002  1.384053842442E+000 -1.752868201854E+002  6.015035018164E+003
  4.625627148608E-002  1.262254431315E+000 -1.710990410078E+002  5.894600917538E+003
  4.696542651902E-002  1.142390887047E+000 -1.669610672803E+002  5.776023065676E+003
  4.768046430958E-002  1.024473986739E+000 -1.628728961924E+002  5.659280576841E+003
  4.840139994379E-002  9.085137973022E-001 -1.588345120366E+002  5.544352227202E+003
  4.912824864743E-002  7.945196824883E-001 -1.548458868305E+002  5.431216498301E+003
  4.986102578670E-002  6.825003097773E-001 -1.509069809181E+002  5.319851619285E+003
  5.059974686895E-002  5.724636571396E-001 -1.470177435490E+002  5.210235607877E+003
  5.134442754336E-002  4.644170196591E-001 -1.431781134361E+002  5.102346310030E+003
  5.209508360169E-002  3.583670160185E-001 -1.393880192907E+002  4.996161438254E+003
  5.285173097899E-002  2.543195948472E-001 -1.356473803355E+002  4.891658608563E+003
  5.361438575437E-002  1.522800409318E-001 -1.319561067944E+002  4.788815376037E+003
  5.438306415168E-002  5.225298129078E-002 -1.283141003599E+002  4.687609268960E+003
  5.515778254035E-002 -4.575760888383E-002 -1.247212546365E+002  4.588017821531E+003
  5.593855743605E-002 -1.417484004145E-001 -1.211774555624E+002  4.490018605113E+003
  5.672540550155E-002 -2.357167044515E-001 -1.176825818074E+002  4.393589258034E+003
  5.751834354743E-002 -3.276604669070E-001 -1.142365051476E+002  4.298707513901E+003
  5.831738853289E-002 -4.175782630025E-001 -1.108390908182E+002  4.205351228453E+003
  5.912255756656E-002 -5.054692919250E-001 -1.074901978434E+002  4.113498404925E+003
  5.993386790726E-002 -5.913333715832E-001 -1.041896793437E+002  4.023127217936E+003
  6.075133696481E-002 -6.751709334560E-001 -1.009373828215E+002  3.934216035911E+003
  6.157498230090E-002 -7.569830175254E-001 -9.773315042529E+001  3.846743442027E+003
  6.240482162984E-002 -8.367712672836E-001 -9.457681919225E+001  3.760688253713E+003
  6.324087281946E-002 -9.145379248060E-001 -9.146822127043E+001  3.676029540700E+003
  6.408315389190E-002 -9.902858258796E-001 -8.840718412053E+001  3.592746641645E+003
  6.493168302447E-002 -1.064018395175E+000 -8.539353069798E+001  3.510819179351E+003
  6.578647855056E-002 -1.135739641454E+000 -8.242707961597E+001  3.430227074593E+003
  6.664755896041E-002 -1.205454152800E+000 -7.950764528993E+001  3.350950558579E+003
  6.751494290207E-002 -1.273167091859E+000 -7.663503806415E+001  3.272970184077E+003
  6.838864918226E-002 -1.338884191083E+000 -7.380906432118E+001  3.196266835221E+003
  6.926869676725E-002 -1.402611747957E+000 -7.102952657481E+001  3.120821736045E+003
  7.015510478375E-002 -1.464356620214E+000 -6.829622354725E+001  3.046616457757E+003
  7.104789251987E-002 -1.524126221001E+000 -6.560895023129E+001  2.973632924798E+003
  7.194707942599E-002 -1.581928514009E+000 -6.296749793824E+001  2.901853419722E+003
  7.285268511573E-002 -1.637772008540E+000 -6.037165433247E+001  2.831260586925E+003
  7.376472936684E-002 -1.691665754506E+000 -5.782120345323E+001  2.761837435271E+003
  7.468323212221E-002 -1.743619337349E+000 -5.531592572465E+001  2.693567339642E+003
  7.560821349078E-002 -1.793642872861E+000 -5.285559795481E+001  2.626434041472E+003
  7.653969374850E-002 -1.841747001911E+000 -5.043999332452E+001  2.560421648280E+003
  7.747769333938E-002 -1.887942885046E+000 -4.806888136688E+001  2.495514632271E+003
  7.842223287637E-002 -1.932242196982E+000 -4.574202793821E+001  2.431697828027E+003
  7.937333314243E-002 -1.974657120946E+000 -4.345919518142E+001  2.368956429353E+003
  8.033101509154E-002 -2.015200342885E+000 -4.122014148249E+001  2.307275985296E+003
  8.129529984966E-002 -2.053885045512E+000 -3.902462142095E+001  2.246642395409E+003
  8.226620871580E-002 -2.090724902201E+000 -3.687238571519E+001  2.187041904286E+003
  8.324376316303E-002 -2.125734070699E+000 -3.476318116336E+001  2.128461095424E+003
  8.422798483957E-002 -2.158927186671E+000 -3.269675058076E+001  2.070886884454E+003
  8.521889556978E-002 -2.190319357054E+000 -3.067283273438E+001  2.014306511785E+003
  8.621651735528E-002 -2.219926153219E+000 -2.869116227544E+001  1.958707534706E+003
  8.722087237602E-002 -2.247763603935E+000 -2.675146967069E+001  1.904077819000E+003
  8.823198299134E-002 -2.273848188136E+000 -2.485348113312E+001  1.850405530102E+003
  8.924987174107E-002 -2.298196827468E+000 -2.299691855292E+001  1.797679123852E+003
  9.027456134670E-002 -2.320826878636E+000 -2.118149942926E+001  1.745887336887E+003
  9.130607471240E-002 -2.341756125527E+000 -1.940693680364E+001  1.695019176717E+003
  9.234443492626E-002 -2.361002771117E+000 -1.767293919537E+001  1.645063911520E+003
  9.338966526132E-002 -2.378585429159E+000 -1.597921053992E+001  1.596011059705E+003
  9.444178917683E-002 -2.394523115649E+000 -1.432545013059E+001  1.547850379278E+003
  9.550083031933E-002 -2.408835240067E+000 -1.271135256413E+001  1.500571857062E+003
  9.656681252387E-002 -2.421541596393E+000 -1.113660769084E+001  1.454165697791E+003
  9.763975981519E-002 -2.432662353912E+000 -9.600900569658E+000  1.408622313134E+003
  9.871969640891E-002 -2.442218047784E+000 -8.103911428636E+000  1.363932310672E+003
  9.980664671274E-002 -2.450229569405E+000 -6.645315631322E+000  1.320086482879E+003
  1.009006353277E-001 -2.456718156551E+000 -5.224783649407E+000  1.277075796117E+003
  1.020016870494E-001 -2.461705383303E+000 -3.841981042019E+000  1.234891379703E+003
  1.031098268692E-001 -2.465213149774E+000 -2.496568441997E+000  1.193524515063E+003
  1.042250799756E-001 -2.467263671622E+000 -1.188201549460E+000  1.152966625011E+003
  1.053474717553E-001 -2.467879469372E+000  8.346886707105E-002  1.113209263176E+003
  1.064770277946E-001 -2.467083357542E+000  1.318796961746E+000  1.074244103605E+003
  1.076137738809E-001 -2.464898433583E+000  2.518141794462E+000  1.036062930575E+003
  1.087577360036E-001 -2.461348066643E+000  3.681867305760E+000  9.986576286294E+002
  1.099089403557E-001 -2.456455886158E+000  4.810342283408E+000  9.620201728589E+002
  1.110674133350E-001 -2.450245770276E+000  5.903940320567E+000  9.261426194612E+002
  1.122331815458E-001 -2.442741834136E+000  6.963039765450E+000  8.910170965860E+002
  1.134062717995E-001 -2.433968417996E+000  7.988023662455E+000  8.566357954892E+002
  1.145867111168E-001 -2.423950075224E+000  8.979279684737E+000  8.229909620112E+002
  1.157745267286E-001 -2.412711560168E+000  9.937200058243E+000  7.900748883946E+002
  1.169697460775E-001 -2.400277815911E+000  1.086218147727E+001  7.578799054545E+002
  1.181723968193E-001 -2.386673961917E+000  1.175462501158E+001  7.263983751128E+002
  1.193825068243E-001 -2.371925281589E+000  1.261493600524E+001  6.956226833067E+002
  1.206001041787E-001 -2.356057209748E+000  1.344352396728E+001  6.655452332817E+002
  1.218252171865E-001 -2.339095320032E+000  1.424080245427E+001  6.361584392742E+002
  1.230578743703E-001 -2.321065312252E+000  1.500718894510E+001  6.074547205915E+002
  1.242981044731E-001 -2.301992999687E+000  1.574310470811E+001  5.794264960927E+002
  1.255459364600E-001 -2.281904296360E+000  1.644897466078E+001  5.520661790745E+002
  1.268013995194E-001 -2.260825204283E+000  1.712522722226E+001  5.253661725631E+002
  1.280645230647E-001 -2.238781800702E+000  1.777229415898E+001  4.993188650135E+002
  1.293353367356E-001 -2.215800225340E+000  1.839061042363E+001  4.739166264143E+002
  1.306138704000E-001 -2.191906667662E+000  1.898061398788E+001  4.491518047982E+002
  1.319001541553E-001 -2.167127354170E+000  1.954274566897E+001  4.250167231533E+002
  1.331942183303E-001 -2.141488535737E+000  2.007744895078E+001  4.015036767323E+002
  1.344960934863E-001 -2.115016475005E+000  2.058516979942E+001  3.786049307540E+002
  1.358058104191E-001 -2.087737433840E+000  2.106635647400E+001  3.563127184907E+002
  1.371234001607E-001 -2.059677660878E+000  2.152145933267E+001  3.346192397353E+002
  1.384488939805E-001 -2.030863379158E+000  2.195093063452E+001  3.135166596396E+002
  1.397823233874E-001 -2.001320773862E+000  2.235522433762E+001  2.929971079139E+002
  1.411237201313E-001 -1.971075980173E+000  2.273479589359E+001  2.730526783809E+002
  1.424731162050E-001 -1.940155071263E+000  2.309010203918E+001  2.536754288707E+002
  1.438305438454E-001 -1.908584046414E+000  2.342160058514E+001  2.348573814475E+002
  1.451960355357E-001 -1.876388819303E+000  2.372975020289E+001  2.165905229561E+002
  1.465696240072E-001 -1.843595206437E+000  2.401501020933E+001  1.988668058754E+002
  1.479513422405E-001 -1.810228915771E+000  2.427784035025E+001  1.816781494670E+002
  1.493412234681E-001 -1.776315535500E+000  2.451870058269E+001  1.650164412048E+002
  1.507393011753E-001 -1.741880523054E+000  2.473805085667E+001  1.488735384725E+002
  1.521456091027E-001 -1.706949194285E+000  2.493635089673E+001  1.332412705147E+002
  1.535601812478E-001 -1.671546712877E+000  2.511405998364E+001  1.181114406281E+002
  1.549830518669E-001 -1.635698079962E+000  2.527163673661E+001  1.034758285771E+002
  1.564142554766E-001 -1.599428123980E+000  2.540953889653E+001  8.932619321978E+001
  1.578538268564E-001 -1.562761490761E+000  2.552822311047E+001  7.565427532952E+001
  1.593018010499E-001 -1.525722633862E+000  2.562814471792E+001  6.245180059693E+001
  1.607582133673E-001 -1.488335805143E+000  2.570975753899E+001  4.971048279724E+001
  1.622230993867E-001 -1.450625045609E+000  2.577351366513E+001  3.742202710820E+001
  1.636964949568E-001 -1.412614176507E+000  2.581986325244E+001  2.557813356340E+001
  1.651784361984E-001 -1.374326790698E+000  2.584925431815E+001  1.417050062633E+001
  1.666689595063E-001 -1.335786244293E+000  2.586213254039E+001  3.190828870228E+000
  1.681681015517E-001 -1.297015648571E+000  2.585894106170E+001 -7.369175250662E+000
  1.696758992842E-001 -1.258037862176E+000  2.584012029640E+001 -1.751779555293E+001
  1.711923899335E-001 -1.218875483600E+000  2.580610774232E+001 -2.726330221296E+001
  1.727176110118E-001 -1.179550843947E+000  2.575733779685E+001 -3.661394780690E+001
  1.742516003158E-001 -1.140085999995E+000  2.569424157788E+001 -4.557796331510E+001
  1.757943959287E-001 -1.100502727538E+000  2.561724674958E+001 -5.416355410437E+001
  1.773460362227E-001 -1.060822515027E+000  2.552677735344E+001 -6.237889590064E+001
  1.789065598608E-001 -1.021066557505E+000  2.542325364458E+001 -7.023213076463E+001
  1.804760057990E-001 -9.812557508304E-001  2.530709193370E+001 -7.773136308250E+001
  1.820544132889E-001 -9.414106861962E-001  2.517870443468E+001 -8.488465558297E+001
  1.836418218792E-001 -9.015516449421E-001  2.503849911806E+001 -9.170002539208E+001
  1.852382714189E-001 -8.616985936578E-001  2.488687957057E+001 -9.818544013622E+001
  1.868438020586E-001 -8.218711795756E-001  2.472424486063E+001 -1.043488141035E+002
  1.884584542535E-001 -7.820887262528E-001  2.455098941022E+001 -1.101980044732E+002
  1.900822687655E-001 -7.423702295394E-001  2.436750287297E+001 -1.157408076221E+002
  1.917152866652E-001 -7.027343538285E-001  2.417417001858E+001 -1.209849555169E+002
  1.933575493349E-001 -6.631994285886E-001  2.397137062373E+001 -1.259381122001E+002
  1.950090984705E-001 -6.237834451713E-001  2.375947936941E+001 -1.306078703768E+002
  1.966699760840E-001 -5.845040538927E-001  2.353886574474E+001 -1.350017481104E+002
  1.983402245061E-001 -5.453785613844E-001  2.330989395724E+001 -1.391271856323E+002
  2.000198863884E-001 -5.064239282079E-001  2.307292284967E+001 -1.429915422721E+002
  2.017090047061E-001 -4.676567667303E-001  2.282830582320E+001 -1.466020935137E+002
  2.034076227605E-001 -4.290933392541E-001  2.257639076711E+001 -1.499660281817E+002
  2.051157841813E-001 -3.907495563973E-001  2.231751999486E+001 -1.530904457631E+002
  2.068335329293E-001 -3.526409757172E-001  2.205203018643E+001 -1.559823538661E+002
  2.085609132993E-001 -3.147828005736E-001  2.178025233694E+001 -1.586486658222E+002
  2.102979699219E-001 -2.771898792247E-001  2.150251171144E+001 -1.610961984311E+002
  2.120447477670E-001 -2.398767041487E-001  2.121912780575E+001 -1.633316698528E+002
  2.138012921459E-001 -2.028574115878E-001  2.093041431331E+001 -1.653616976475E+002
  2.155676487143E-001 -1.661457813046E-001  2.063667909782E+001 -1.671927969644E+002
  2.173438634747E-001 -1.297552365474E-001  2.033822417167E+001 -1.688313788811E+002
  2.191299827795E-001 -9.369884421619E-002  2.003534567992E+001 -1.702837488926E+002
  2.209260533334E-001 -5.798931522365E-002  1.972833388975E+001 -1.715561055503E+002
  2.227321221965E-001 -2.263900504340E-002  1.941747318523E+001 -1.726545392506E+002
  2.245482367870E-001  1.234008556004E-002  1.910304206723E+001 -1.735850311720E+002
  2.263744448840E-001  4.693630962729E-002  1.878531315834E+001 -1.743534523586E+002
  2.282107946304E-001  8.113837293231E-002  1.846455321256E+001 -1.749655629494E+002
  2.300573345358E-001  1.149353327500E-001  1.814102312970E+001 -1.754270115504E+002
  2.319141134796E-001  1.483165964694E-001  1.781497797425E+001 -1.757433347472E+002
  2.337811807137E-001  1.812719200600E-001  1.748666699851E+001 -1.759199567562E+002
  2.356585858657E-001  2.137914063964E-001  1.715633366987E+001 -1.759621892098E+002
  2.375463789419E-001  2.458655034500E-001  1.682421570201E+001 -1.758752310741E+002
  2.394446103301E-001  2.774850023517E-001  1.649054508982E+001 -1.756641686935E+002
  2.413533308032E-001  3.086410353344E-001  1.615554814792E+001 -1.753339759607E+002
  2.432725915217E-001  3.393250735593E-001  1.581944555245E+001 -1.748895146062E+002
  2.452024440374E-001  3.695289248343E-001  1.548245238618E+001 -1.743355346045E+002
  2.471429402963E-001  3.992447312289E-001  1.514477818645E+001 -1.736766746910E+002
  2.490941326418E-001  4.284649665922E-001  1.480662699601E+001 -1.729174629877E+002
  2.510560738180E-001  4.571824339796E-001  1.446819741643E+001 -1.720623177299E+002
  2.530288169732E-001  4.853902629932E-001  1.412968266390E+001 -1.711155480920E+002
  2.550124156627E-001  5.130819070429E-001  1.379127062734E+001 -1.700813551059E+002
  2.570069238527E-001  5.402511405310E-001  1.345314392851E+001 -1.689638326675E+002
  2.590123959233E-001  5.668920559674E-001  1.311547998405E+001 -1.677669686266E+002
  2.610288866721E-001  5.929990610189E-001  1.277845106915E+001 -1.664946459552E+002
  2.630564513176E-001  6.185668754980E-001  1.244222438282E+001 -1.651506439885E+002
  2.650951455027E-001  6.435905282955E-001  1.210696211452E+001 -1.637386397351E+002
  2.671450252982E-001  6.680653542601E-001  1.177282151199E+001 -1.622622092493E+002
  2.692061472063E-001  6.919869910309E-001  1.143995495009E+001 -1.607248290626E+002
  2.712785681644E-001  7.153513758248E-001  1.110851000063E+001 -1.591298776680E+002
  2.733623455485E-001  7.381547421836E-001  1.077862950285E+001 -1.574806370531E+002
  2.754575371771E-001  7.603936166835E-001  1.045045163456E+001 -1.557802942769E+002
  2.775642013146E-001  7.820648156106E-001  1.012410998378E+001 -1.540319430849E+002
  2.796823966754E-001  8.031654416049E-001  9.799733620636E+000 -1.522385855595E+002
  2.818121824272E-001  8.236928802765E-001  9.477447169585E+000 -1.504031337991E+002
  2.839536181956E-001  8.436447967948E-001  9.157370881646E+000 -1.485284116238E+002
  2.861067640671E-001  8.630191324559E-001  8.839620706679E+000 -1.466171563009E+002
  2.882716805935E-001  8.818141012269E-001  8.524308365519E+000 -1.446720202880E+002
  2.904484287958E-001  9.000281862722E-001  8.211541421905E+000 -1.426955729886E+002
  2.926370701682E-001  9.176601364617E-001  7.901423354103E+000 -1.406903025169E+002
  2.948376666818E-001  9.347089628633E-001  7.594053626120E+000 -1.386586174679E+002
  2.970502807892E-001  9.511739352206E-001  7.289527758453E+000 -1.366028486882E+002
  2.992749754281E-001  9.670545784180E-001  6.987937398286E+000 -1.345252510464E+002
  3.015118140259E-001  9.823506689334E-001  6.689370389062E+000 -1.324280051968E+002
  3.037608605035E-001  9.970622312797E-001  6.393910839380E+000 -1.303132193365E+002
  3.060221792797E-001  1.011189534437E+000  6.101639191157E+000 -1.281829309500E+002
  3.082958352758E-001  1.024733088272E+000  5.812632286992E+000 -1.260391085406E+002
  3.105818939192E-001  1.037693639955E+000  5.526963436715E+000 -1.238836533455E+002
  3.128804211487E-001  1.050072170360E+000  5.244702483053E+000 -1.217184010309E+002
  3.151914834180E-001  1.061869890463E+000  4.965915866405E+000 -1.195451233675E+002
  3.175151477009E-001  1.073088237729E+000  4.690666688673E+000 -1.173655298812E+002
  3.198514814953E-001  1.083728872491E+000  4.419014776157E+000 -1.151812694799E+002
  3.222005528283E-001  1.093793674325E+000  4.151016741464E+000 -1.129939320524E+002
  3.245624302601E-001  1.103284738409E+000  3.886726044446E+000 -1.108050500396E+002
  3.269371828894E-001  1.112204371882E+000  3.626193052139E+000 -1.086160999756E+002
  3.293248803576E-001  1.120555090190E+000  3.369465097711E+000 -1.064285039972E+002
  3.317255928537E-001  1.128339613426E+000  3.116586538416E+000 -1.042436313216E+002
  3.341393911192E-001  1.135560862657E+000  2.867598812554E+000 -1.020627996915E+002
  3.365663464529E-001  1.142221956248E+000  2.622540495454E+000 -9.988727678485E+001
  3.390065307159E-001  1.148326206169E+000  2.381447354482E+000 -9.771828159120E+001
  3.414600163363E-001  1.153877114298E+000  2.144352403094E+000 -9.555698575255E+001
  3.439268763145E-001  1.158878368712E+000  1.911285953953E+000 -9.340451486858E+001
  3.464071842282E-001  1.163333839965E+000  1.682275671126E+000 -9.126194976632E+001
  3.489010142374E-001  1.167247577358E+000  1.457346621387E+000 -8.913032773394E+001
  3.514084410898E-001  1.170623805194E+000  1.236521324651E+000 -8.701064371864E+001
  3.539295401259E-001  1.173466919024E+000  1.019819803565E+000 -8.490385148885E+001
  3.564643872842E-001  1.175781481878E+000  8.072596322886E-001 -8.281086476087E+001
  3.590130591069E-001  1.177572220491E+000  5.988559844884E-001 -8.073255829027E+001
  3.615756327448E-001  1.178844021500E+000  3.946216805860E-001 -7.866976892851E+001
  3.641521859632E-001  1.179601927647E+000  1.945672342885E-001 -7.662329664524E+001
  3.667427971473E-001  1.179851133955E+000 -1.299101563910E-003 -7.459390551679E+001
  3.693475453076E-001  1.179596983897E+000 -1.929712897980E-001 -7.258232468164E+001
  3.719665100860E-001  1.178844965548E+000 -3.804454643189E-001 -7.058924926346E+001
  3.745997717609E-001  1.177600707730E+000 -5.637198860986E-001 -6.861534126253E+001
  3.772474112534E-001  1.175869976130E+000 -7.427948997045E-001 -6.666123041647E+001
  3.799095101331E-001  1.173658669424E+000 -9.176728903334E-001 -6.472751503099E+001
  3.825861506238E-001  1.170972815370E+000 -1.088358241314E+000 -6.281476278175E+001
  3.852774156096E-001  1.167818566896E+000 -1.254857292044E+000 -6.092351148824E+001
  3.879833886411E-001  1.164202198182E+000 -1.417178296327E+000 -5.905426986065E+001
  3.907041539409E-001  1.160130100712E+000 -1.575331381076E+000 -5.720751822083E+001
  3.934397964105E-001  1.155608779337E+000 -1.729328505348E+000 -5.538370919830E+001
  3.961904016361E-001  1.150644848307E+000 -1.879183419681E+000 -5.358326840249E+001
  3.989560558949E-001  1.145245027306E+000 -2.024911625703E+000 -5.180659507224E+001
  4.017368461617E-001  1.139416137471E+000 -2.166530335975E+000 -5.005406270356E+001
  4.045328601149E-001  1.133165097407E+000 -2.304058434060E+000 -4.832601965693E+001
  4.073441861437E-001  1.126498919189E+000 -2.437516434763E+000 -4.662278974509E+001
  4.101709133538E-001  1.119424704362E+000 -2.566926444542E+000 -4.494467280243E+001
  4.130131315750E-001  1.111949639934E+000 -2.692312122050E+000 -4.329194523706E+001
  4.158709313670E-001  1.104080994364E+000 -2.813698638799E+000 -4.166486056669E+001
  4.187444040269E-001  1.095826113549E+000 -2.931112639915E+000 -4.006364993923E+001
  4.216336415958E-001  1.087192416806E+000 -3.044582204966E+000 -3.848852263929E+001
  4.245387368658E-001  1.078187392859E+000 -3.154136808863E+000 -3.693966658143E+001
  4.274597833869E-001  1.068818595822E+000 -3.259807282792E+000 -3.541724879128E+001
  4.303968754741E-001  1.059093641188E+000 -3.361625775191E+000 -3.392141587534E+001
  4.333501082151E-001  1.049020201824E+000 -3.459625712743E+000 -3.245229448053E+001
  4.363195774768E-001  1.038606003966E+000 -3.553841761382E+000 -3.100999174421E+001
  4.393053799131E-001  1.027858823233E+000 -3.644309787310E+000 -2.959459573567E+001
  4.423076129724E-001  1.016786480639E+000 -3.731066818014E+000 -2.820617588978E+001
  4.453263749047E-001  1.005396838624E+000 -3.814151003275E+000 -2.684478343369E+001
  4.483617647698E-001  9.936977971008E-001 -3.893601576186E+000 -2.551045180723E+001
  4.514138824444E-001  9.816972895082E-001 -3.969458814153E+000 -2.420319707769E+001
  4.544828286302E-001  9.694032788930E-001 -4.041763999909E+000 -2.292301834983E+001
  4.575687048617E-001  9.568237540046E-001 -4.110559382520E+000 -2.166989817141E+001
  4.606716135142E-001  9.439667254151E-001 -4.175888138414E+000 -2.044380293510E+001
  4.637916578118E-001  9.308402216622E-001 -4.237794332412E+000 -1.924468327719E+001
  4.669289418353E-001  9.174522854191E-001 -4.296322878795E+000 -1.807247447357E+001
  4.700835705309E-001  9.038109696925E-001 -4.351519502407E+000 -1.692709683341E+001
  4.732556497182E-001  8.899243340518E-001 -4.403430699803E+000 -1.580845609109E+001
  4.764452860985E-001  8.758004408909E-001 -4.452103700463E+000 -1.471644379653E+001
  4.796525872639E-001  8.614473517250E-001 -4.497586428079E+000 -1.365093770439E+001
  4.828776617050E-001  8.468731235255E-001 -4.539927461941E+000 -1.261180216240E+001
  4.861206188205E-001  8.320858050932E-001 -4.579175998426E+000 -1.159888849901E+001
  4.893815689254E-001  8.170934334742E-001 -4.615381812625E+000 -1.061203541063E+001
  4.926606232602E-001  8.019040304193E-001 -4.648595220110E+000 -9.651069348551E+000
  4.959578939999E-001  7.865255988893E-001 -4.678867038871E+000 -8.715804905750E+000
  4.992734942630E-001  7.709661196084E-001 -4.706248551450E+000 -7.806045203622E+000
  5.026075381207E-001  7.552335476681E-001 -4.730791467277E+000 -6.921582278730E+000
  5.059601406064E-001  7.393358091829E-001 -4.752547885246E+000 -6.062197469570E+000
  5.093314177250E-001  7.232807980004E-001 -4.771570256545E+000 -5.227661803378E+000
  5.127214864626E-001  7.070763724676E-001 -4.787911347768E+000 -4.417736382916E+000
  5.161304647959E-001  6.907303522556E-001 -4.801624204336E+000 -3.632172773198E+000
  5.195584717022E-001  6.742505152434E-001 -4.812762114238E+000 -2.870713388043E+000
  5.230056271692E-001  6.576445944643E-001 -4.821378572137E+000 -2.133091876364E+000
  5.264720522050E-001  6.409202751154E-001 -4.827527243843E+000 -1.419033508035E+000
  5.299578688483E-001  6.240851916321E-001 -4.831261931200E+000 -7.282555591836E-001
  5.334632001783E-001  6.071469248299E-001 -4.832636537394E+000 -6.046769673090E-002
  5.369881703256E-001  5.901129991135E-001 -4.831705032713E+000  5.846276380294E-001
  5.405329044823E-001  5.729908797568E-001 -4.828521420791E+000  1.207334847021E+000
  5.440975289128E-001  5.557879702528E-001 -4.823139705344E+000  1.807964794381E+000
  5.476821709641E-001  5.385116097373E-001 -4.815613857437E+000  2.386834427106E+000
  5.512869590774E-001  5.211690704846E-001 -4.805997783298E+000  2.944266397606E+000
  5.549120227985E-001  5.037675554791E-001 -4.794345292699E+000  3.480588688437E+000
  5.585574927889E-001  4.863141960622E-001 -4.780710067938E+000  3.996134239479E+000
  5.622235008375E-001  4.688160496562E-001 -4.765145633428E+000  4.491240577865E+000
  5.659101798716E-001  4.512800975655E-001 -4.747705325925E+000  4.966249450925E+000
  5.696176639685E-001  4.337132428559E-001 -4.728442265417E+000  5.421506462460E+000
  5.733460883672E-001  4.161223083139E-001 -4.707409326676E+000  5.857360712632E+000
  5.770955894803E-001  3.985140344842E-001 -4.684659111523E+000  6.274164441774E+000
  5.808663049055E-001  3.808950777888E-001 -4.660243921784E+000  6.672272678417E+000
  5.846583734383E-001  3.632720087250E-001 -4.634215732994E+000  7.052042891831E+000
  5.884719350837E-001  3.456513101456E-001 -4.606626168830E+000  7.413834649373E+000
  5.923071310690E-001  3.280393756190E-001 -4.577526476314E+000  7.758009278945E+000
  5.961641038558E-001  3.104425078707E-001 -4.546967501782E+000  8.084929536829E+000
  6.000429971532E-001  2.928669173064E-001 -4.514999667644E+000  8.394959281196E+000
  6.039439559304E-001  2.753187206148E-001 -4.481672949939E+000  8.688463151560E+000
  6.078671264295E-001  2.578039394526E-001 -4.447036856694E+000  8.965806254433E+000
  6.118126561791E-001  2.403284992090E-001 -4.411140407106E+000  9.227353855454E+000
  6.157806940069E-001  2.228982278508E-001 -4.374032111546E+000  9.473471078222E+000
  6.197713900541E-001  2.055188548471E-001 -4.335759952393E+000  9.704522610088E+000
  6.237848957880E-001  1.881960101728E-001 -4.296371365709E+000  9.920872415117E+000
  6.278213640166E-001  1.709352233912E-001 -4.255913223752E+000  1.012288345444E+001
  6.318809489022E-001  1.537419228138E-001 -4.214431818339E+000  1.031091741421E+001
  6.359638059756E-001  1.366214347374E-001 -4.171972845050E+000  1.048533444131E+001
  6.400700921502E-001  1.195789827572E-001 -4.128581388291E+000  1.064649288706E+001
  6.441999657370E-001  1.026196871548E-001 -4.084301907192E+000  1.079474905900E+001
  6.483535864586E-001  8.574856436036E-002 -4.039178222359E+000  1.093045698097E+001
  6.525311154647E-001  6.897052648822E-002 -3.993253503474E+000  1.105396816157E+001
  6.567327153465E-001  5.229038094337E-002 -3.946570257724E+000  1.116563137114E+001
  6.609585501525E-001  3.571283009916E-002 -3.899170319077E+000  1.126579242740E+001
  6.652087854034E-001  1.924247104386E-002 -3.851094838380E+000  1.135479398970E+001
  6.694835881080E-001  2.883795395159E-003 -3.802384274286E+000  1.143297536218E+001
  6.737831267789E-001 -1.335881081904E-002 -3.753078384986E+000  1.150067230568E+001
  6.781075714485E-001 -2.948106721486E-002 -3.703216220758E+000  1.155821685858E+001
  6.824570936852E-001 -4.547879904344E-002 -3.652836117303E+000  1.160593716650E+001
  6.868318666096E-001 -6.134793712015E-002 -3.601975689866E+000  1.164415732102E+001
  6.912320649114E-001 -7.708451769368E-002 -3.550671828137E+000  1.167319720724E+001
  6.956578648660E-001 -9.268468225678E-002 -3.498960691898E+000  1.169337236028E+001
  7.001094443516E-001 -1.081446773002E-001 -3.446877707433E+000  1.170499383065E+001
  7.045869828664E-001 -1.234608540120E-001 -3.394457564648E+000  1.170836805851E+001
  7.090906615461E-001 -1.386296679229E-001 -3.341734214929E+000  1.170379675662E+001
  7.136206631812E-001 -1.536476785015E-001 -3.288740869684E+000  1.169157680204E+001
  7.181771722357E-001 -1.685115486988E-001 -3.235509999574E+000  1.167200013650E+001
  7.227603748644E-001 -1.832180444459E-001 -3.182073334411E+000  1.164535367518E+001
  7.273704589315E-001 -1.977640341054E-001 -3.128461863701E+000  1.161191922406E+001
  7.320076140295E-001 -2.121464878793E-001 -3.074705837817E+000  1.157197340542E+001
  7.366720314977E-001 -2.263624771743E-001 -3.020834769787E+000  1.152578759159E+001
  7.413639044413E-001 -2.404091739278E-001 -2.966877437661E+000  1.147362784673E+001
  7.460834277508E-001 -2.542838498949E-001 -2.912861887466E+000  1.141575487643E+001
  7.508307981215E-001 -2.679838758996E-001 -2.858815436693E+000  1.135242398506E+001
  7.556062140732E-001 -2.815067210514E-001 -2.804764678333E+000  1.128388504064E+001
  7.604098759705E-001 -2.948499519294E-001 -2.750735485403E+000  1.121038244708E+001
  7.652419860431E-001 -3.080112317355E-001 -2.696753015976E+000  1.113215512358E+001
  7.701027484060E-001 -3.209883194193E-001 -2.642841718669E+000  1.104943649104E+001
  7.749923690810E-001 -3.337790687754E-001 -2.589025338578E+000  1.096245446518E+001
  7.799110560171E-001 -3.463814275164E-001 -2.535326923640E+000  1.087143145631E+001
  7.848590191124E-001 -3.587934363215E-001 -2.481768831391E+000  1.077658437537E+001
  7.898364702358E-001 -3.710132278646E-001 -2.428372736110E+000  1.067812464619E+001
  7.948436232486E-001 -3.830390258218E-001 -2.375159636319E+000  1.057625822361E+001
  7.998806940270E-001 -3.948691438611E-001 -2.322149862621E+000  1.047118561726E+001
  8.049479004846E-001 -4.065019846157E-001 -2.269363085857E+000  1.036310192093E+001
  8.100454625952E-001 -4.179360386426E-001 -2.216818325551E+000  1.025219684696E+001
  8.151736024160E-001 -4.291698833677E-001 -2.164533958635E+000  1.013865476581E+001
  8.203325441110E-001 -4.402021820193E-001 -2.112527728422E+000  1.002265475031E+001
  8.255225139746E-001 -4.510316825521E-001 -2.060816753817E+000  9.904370624357E+000
  8.307437404560E-001 -4.616572165618E-001 -2.009417538735E+000  9.783971016023E+000
  8.359964541833E-001 -4.720776981932E-001 -1.958345981709E+000  9.661619414610E+000
  8.412808879885E-001 -4.822921230417E-001 -1.907617385680E+000  9.537474231549E+000
  8.465972769320E-001 -4.922995670512E-001 -1.857246467926E+000  9.411688864854E+000
  8.519458583285E-001 -5.020991854084E-001 -1.807247370138E+000  9.284411766917E+000
  8.573268717726E-001 -5.116902114350E-001 -1.757633668604E+000  9.155786515406E+000
  8.627405591648E-001 -5.210719554797E-001 -1.708418384493E+000  9.025951887028E+000
  8.681871647376E-001 -5.302438038097E-001 -1.659613994219E+000  8.895041933941E+000
  8.736669350829E-001 -5.392052175049E-001 -1.611232439872E+000  8.763186062591E+000
  8.791801191785E-001 -5.479557313532E-001 -1.563285139685E+000  8.630509114742E+000
  8.847269684160E-001 -5.564949527502E-001 -1.515782998546E+000  8.497131450494E+000
  8.903077366283E-001 -5.648225606033E-001 -1.468736418517E+000  8.363169033076E+000
  8.959226801184E-001 -5.729383042403E-001 -1.422155309353E+000  8.228733515197E+000
  9.015720576873E-001 -5.808420023245E-001 -1.376049099015E+000  8.093932326766E+000
  9.072561306635E-001 -5.885335417768E-001 -1.330426744145E+000  7.958868763777E+000
  9.129751629322E-001 -5.960128767049E-001 -1.285296740514E+000  7.823642078162E+000
  9.187294209652E-001 -6.032800273405E-001 -1.240667133403E+000  7.688347568441E+000
  9.245191738511E-001 -6.103350789860E-001 -1.196545527935E+000  7.553076670973E+000
  9.303446933257E-001 -6.171781809693E-001 -1.152939099316E+000  7.417917051643E+000
  9.362062538036E-001 -6.238095456094E-001 -1.109854603004E+000  7.282952697815E+000
  9.421041324088E-001 -6.302294471913E-001 -1.067298384772E+000  7.148264010398E+000
  9.480386090075E-001 -6.364382209522E-001 -1.025276390668E+000  7.013927895847E+000
  9.540099662399E-001 -6.424362620778E-001 -9.837941768677E-001  6.880017857984E+000
  9.600184895530E-001 -6.482240247102E-001 -9.428569193934E-001  6.746604089472E+000
  9.660644672342E-001 -6.538020209674E-001 -9.024694237126E-001  6.613753562815E+000
  9.721481904447E-001 -6.591708199734E-001 -8.626361341952E-001  6.481530120767E+000
  9.782699532537E-001 -6.643310469013E-001 -8.233611434301E-001  6.349994566007E+000
  9.844300526731E-001 -6.692833820272E-001 -7.846482013916E-001  6.219204749998E+000
  9.906287886927E-001 -6.740285597961E-001 -7.465007244531E-001  6.089215660886E+000
  9.968664643158E-001 -6.785673679002E-001 -7.089218042420E-001  5.960079510372E+000
  1.003143385595E+000 -6.829006463683E-001 -6.719142163321E-001  5.831845819446E+000
  1.009459861670E+000 -6.870292866677E-001 -6.354804287704E-001  5.704561502899E+000
  1.015816204803E+000 -6.909542308168E-001 -5.996226104347E-001  5.578270952535E+000
  1.022212730417E+000 -6.946764705104E-001 -5.643426392204E-001  5.453016119016E+000
  1.028649757135E+000 -6.981970462553E-001 -5.296421100534E-001  5.328836592256E+000
  1.035127606818E+000 -7.015170465178E-001 -4.955223427286E-001  5.205769680329E+000
  1.041646604604E+000 -7.046376068817E-001 -4.619843895723E-001  5.083850486809E+000
  1.048207078948E+000 -7.075599092169E-001 -4.290290429287E-001  4.963111986521E+000
  1.054809361664E+000 -7.102851808591E-001 -3.966568424692E-001  4.843585099633E+000
  1.061453787962E+000 -7.128146937986E-001 -3.648680823257E-001  4.725298764087E+000
  1.068140696494E+000 -7.151497638792E-001 -3.336628180483E-001  4.608280006296E+000
  1.074870429395E+000 -7.172917500074E-001 -3.030408733883E-001  4.492554010124E+000
  1.081643332322E+000 -7.192420533688E-001 -2.730018469071E-001  4.378144184100E+000
  1.088459754505E+000 -7.210021166551E-001 -2.435451184150E-001  4.265072226858E+000
  1.095320048782E+000 -7.225734232979E-001 -2.146698552385E-001  4.153358190804E+000
  1.102224571653E+000 -7.239574967112E-001 -1.863750183219E-001  4.043020543987E+000
  1.109173683316E+000 -7.251558995407E-001 -1.586593681625E-001  3.934076230182E+000
  1.116167747721E+000 -7.261702329208E-001 -1.315214705850E-001  3.826540727194E+000
  1.123207132611E+000 -7.270021357375E-001 -1.049597023561E-001  3.720428103375E+000
  1.130292209573E+000 -7.276532838976E-001 -7.897225664388E-002  3.615751072377E+000
  1.137423354084E+000 -7.281253896039E-001 -5.355714832411E-002  3.512521046147E+000
  1.144600945560E+000 -7.284202006348E-001 -2.871221913868E-002  3.410748186192E+000
  1.151825367405E+000 -7.285394996297E-001 -4.435142708434E-003  3.310441453122E+000
  1.159097007063E+000 -7.284851033776E-001  1.927657059482E-002  3.211608654503E+000
  1.166416256069E+000 -7.282588621106E-001  4.242556891338E-002  3.114256491044E+000
  1.173783510095E+000 -7.278626587996E-001  6.501465430170E-002  3.018390601147E+000
  1.181199169012E+000 -7.272984084538E-001  8.704677825313E-002  2.924015603848E+000
  1.188663636935E+000 -7.265680574227E-001  1.085250373511E-001  2.831135140190E+000
  1.196177322279E+000 -7.256735826995E-001  1.294526690406E-001  2.739751913050E+000
  1.203740637818E+000 -7.246169912264E-001  1.498330475151E-001  2.649867725467E+000
  1.211354000735E+000 -7.234003192016E-001  1.696696797154E-001  2.561483517513E+000
  1.219017832681E+000 -7.220256313865E-001  1.889662014349E-001  2.474599401722E+000
  1.226732559833E+000 -7.204950204133E-001  2.077263735280E-001  2.389214697151E+000
  1.234498612950E+000 -7.188106060927E-001  2.259540782165E-001  2.305327962088E+000
  1.242316427433E+000 -7.169745347216E-001  2.436533154902E-001  2.222937025459E+000
  1.250186443388E+000 -7.149889783895E-001  2.608281995965E-001  2.142039016976E+000
  1.258109105679E+000 -7.128561342839E-001  2.774829556166E-001  2.062630396069E+000
  1.266084863999E+000 -7.105782239946E-001  2.936219161220E-001  1.984706979644E+000
  1.274114172926E+000 -7.081574928159E-001  3.092495179082E-001  1.908263968707E+000
  1.282197491990E+000 -7.055962090469E-001  3.243702988025E-001  1.833295973902E+000
  1.290335285734E+000 -7.028966632895E-001  3.389888945396E-001  1.759797040010E+000
  1.298528023786E+000 -7.000611677435E-001  3.531100357041E-001  1.687760669434E+000
  1.306776180919E+000 -6.970920554992E-001  3.667385447338E-001  1.617179844730E+000
  1.315080237120E+000 -6.939916798266E-001  3.798793329811E-001  1.548047050226E+000
  1.323440677664E+000 -6.907624134612E-001  3.925373978296E-001  1.480354292750E+000
  1.331857993175E+000 -6.874066478867E-001  4.047178198617E-001  1.414093121532E+000
  1.340332679704E+000 -6.839267926135E-001  4.164257600737E-001  1.349254647302E+000
  1.348865238797E+000 -6.803252744531E-001  4.276664571369E-001  1.285829560635E+000
  1.357456177571E+000 -6.766045367894E-001  4.384452246994E-001  1.223808149566E+000
  1.366106008782E+000 -6.727670388445E-001  4.487674487281E-001  1.163180316533E+000
  1.374815250909E+000 -6.688152549414E-001  4.586385848862E-001  1.103935594659E+000
  1.383584428224E+000 -6.647516737613E-001  4.680641559451E-001  1.046063163426E+000
  1.392414070872E+000 -6.605787975969E-001  4.770497492274E-001  9.895518637706E-001
  1.401304714948E+000 -6.562991416011E-001  4.856010140792E-001  9.343902126235E-001
  1.410256902580E+000 -6.519152330307E-001  4.937236593689E-001  8.805664169396E-001
  1.419271182008E+000 -6.474296104861E-001  5.014234510115E-001  8.280683872352E-001
  1.428348107668E+000 -6.428448231456E-001  5.087062095152E-001  7.768837506676E-001
  1.437488240275E+000 -6.381634299954E-001  5.155778075500E-001  7.269998636828E-001
  1.446692146911E+000 -6.333879990548E-001  5.220441675357E-001  6.784038242575E-001
  1.455960401104E+000 -6.285211065968E-001  5.281112592473E-001  6.310824837589E-001
  1.465293582927E+000 -6.235653363642E-001  5.337850974386E-001  5.850224584475E-001
  1.474692279079E+000 -6.185232787809E-001  5.390717394801E-001  5.402101406438E-001
  1.484157082978E+000 -6.133975301586E-001  5.439772830116E-001  4.966317095805E-001
  1.493688594856E+000 -6.081906918998E-001  5.485078636090E-001  4.542731419591E-001
  1.503287421848E+000 -6.029053696956E-001  5.526696524623E-001  4.131202222303E-001
  1.512954178094E+000 -5.975441727200E-001  5.564688540663E-001  3.731585526150E-001
  1.522689484827E+000 -5.921097128197E-001  5.599117039218E-001  3.343735628816E-001
  1.532493970480E+000 -5.866046037001E-001  5.630044662474E-001  2.967505198958E-001
  1.542368270780E+000 -5.810314601078E-001  5.657534317016E-001  2.602745369545E-001
  1.552313028853E+000 -5.753928970090E-001  5.681649151137E-001  2.249305829201E-001
  1.562328895326E+000 -5.696915287645E-001  5.702452532241E-001  1.907034911631E-001
  1.572416528431E+000 -5.639299683021E-001  5.720008024345E-001  1.575779683263E-001
  1.582576594115E+000 -5.581108262850E-001  5.734379365654E-001  1.255386029203E-001
  1.592809766145E+000 -5.522367102776E-001  5.745630446237E-001  9.456987375755E-002
  1.603116726218E+000 -5.463102239091E-001  5.753825285779E-001  6.465615823484E-002
  1.613498164078E+000 -5.403339660342E-001  5.759028011430E-001  3.578174047050E-002
  1.623954777622E+000 -5.343105298915E-001  5.761302835734E-001  7.930819302958E-003
  1.634487273025E+000 -5.282425022603E-001  5.760714034654E-001 -1.891248384367E-002
  1.645096364848E+000 -5.221324626151E-001  5.757325925684E-001 -4.476411722180E-002
  1.655782776168E+000 -5.159829822796E-001  5.751202846059E-001 -6.964009114625E-002
  1.666547238688E+000 -5.097966235782E-001  5.742409131059E-001 -9.355647049977E-002
  1.677390492873E+000 -5.035759389874E-001  5.731009092413E-001 -1.165293673552E-001
  1.688313288066E+000 -4.973234702867E-001  5.717066996810E-001 -1.385749337116E-001
  1.699316382620E+000 -4.910417477083E-001  5.700647044510E-001 -1.597093543414E-001
  1.710400544029E+000 -4.847332890874E-001  5.681813348077E-001 -1.799488397484E-001
  1.721566549058E+000 -4.784005990124E-001  5.660629911212E-001 -1.993096192333E-001
  1.732815183877E+000 -4.720461679760E-001  5.637160607723E-001 -2.178079340667E-001
  1.744147244202E+000 -4.656724715266E-001  5.611469160603E-001 -2.354600307695E-001
  1.755563535430E+000 -4.592819694212E-001  5.583619121248E-001 -2.522821544979E-001
  1.767064872781E+000 -4.528771047801E-001  5.553673848802E-001 -2.682905425359E-001
  1.778652081442E+000 -4.464603032425E-001  5.521696489643E-001 -2.835014178925E-001
  1.790325996715E+000 -4.400339721256E-001  5.487749957010E-001 -2.979309830051E-001
  1.802087464166E+000 -4.336004995852E-001  5.451896910781E-001 -3.115954135493E-001
  1.813937339772E+000 -4.271622537798E-001  5.414199737398E-001 -3.245108523555E-001
  1.825876490081E+000 -4.207215820375E-001  5.374720529955E-001 -3.366934034315E-001
  1.837905792365E+000 -4.142808100272E-001  5.333521068442E-001 -3.481591260939E-001
  1.850026134778E+000 -4.078422409333E-001  5.290662800166E-001 -3.589240292067E-001
  1.862238416525E+000 -4.014081546353E-001  5.246206820333E-001 -3.690040655289E-001
  1.874543548019E+000 -3.949808068917E-001  5.200213852811E-001 -3.784151261711E-001
  1.886942451054E+000 -3.885624285300E-001  5.152744231078E-001 -3.871730351619E-001
  1.899436058973E+000 -3.821552246414E-001  5.103857879349E-001 -3.952935441243E-001
  1.912025316845E+000 -3.757613737827E-001  5.053614293896E-001 -4.027923270625E-001
  1.924711181638E+000 -3.693830271836E-001  5.002072524571E-001 -4.096849752599E-001
  1.937494622402E+000 -3.630223079622E-001  4.949291156514E-001 -4.159869922875E-001
  1.950376620452E+000 -3.566813103472E-001  4.895328292077E-001 -4.217137891247E-001
  1.963358169552E+000 -3.503620989080E-001  4.840241532952E-001 -4.268806793897E-001
  1.976440276109E+000 -3.440667077942E-001  4.784087962516E-001 -4.315028746828E-001
  1.989623959360E+000 -3.377971399826E-001  4.726924128386E-001 -4.355954800391E-001
  2.002910251577E+000 -3.315553665345E-001  4.668806025207E-001 -4.391734894932E-001
  2.016300198259E+000 -3.253433258633E-001  4.609789077659E-001 -4.422517817536E-001
  2.029794858340E+000 -3.191629230113E-001  4.549928123698E-001 -4.448451159864E-001
  2.043395304396E+000 -3.130160289386E-001  4.489277398037E-001 -4.469681277093E-001
  2.057102622856E+000 -3.069044798230E-001  4.427890515861E-001 -4.486353247923E-001
  2.070917914217E+000 -3.008300763721E-001  4.365820456792E-001 -4.498610835677E-001
  2.084842293261E+000 -2.947945831481E-001  4.303119549107E-001 -4.506596450448E-001
  2.098876889283E+000 -2.887997279055E-001  4.239839454209E-001 -4.510451112314E-001
  2.113022846310E+000 -2.828472009430E-001  4.176031151361E-001 -4.510314415585E-001
  2.127281323341E+000 -2.769386544697E-001  4.111744922681E-001 -4.506324494090E-001
  2.141653494575E+000 -2.710757019858E-001  4.047030338421E-001 -4.498617987469E-001
  2.156140549656E+000 -2.652599176796E-001  3.981936242514E-001 -4.487330008480E-001
  2.170743693911E+000 -2.594928358401E-001  3.916510738407E-001 -4.472594111284E-001
  2.185464148607E+000 -2.537759502870E-001  3.850801175188E-001 -4.454542260713E-001
  2.200303151197E+000 -2.481107138178E-001  3.784854134009E-001 -4.433304802489E-001
  2.215261955581E+000 -2.424985376730E-001  3.718715414808E-001 -4.409010434391E-001
  2.230341832367E+000 -2.369407910206E-001  3.652430023351E-001 -4.381786178352E-001
  2.245544069142E+000 -2.314388004590E-001  3.586042158579E-001 -4.351757353460E-001
  2.260869970742E+000 -2.259938495414E-001  3.519595200297E-001 -4.319047549868E-001
  2.276320859530E+000 -2.206071783199E-001  3.453131697179E-001 -4.283778603583E-001
  2.291898075679E+000 -2.152799829115E-001  3.386693355134E-001 -4.246070572117E-001
  2.307602977460E+000 -2.100134150860E-001  3.320321026005E-001 -4.206041711006E-001
  2.323436941540E+000 -2.048085818771E-001  3.254054696640E-001 -4.163808451159E-001
  2.339401363274E+000 -1.996665452170E-001  3.187933478323E-001 -4.119485377043E-001
  2.355497657016E+000 -1.945883215946E-001  3.121995596594E-001 -4.073185205688E-001
  2.371727256428E+000 -1.895748817392E-001  3.056278381445E-001 -4.025018766492E-001
  2.388091614797E+000 -1.846271503296E-001  2.990818257925E-001 -3.975094981833E-001
  2.404592205358E+000 -1.797460057294E-001  2.925650737149E-001 -3.923520848467E-001
  2.421230521622E+000 -1.749322797494E-001  2.860810407726E-001 -3.870401419710E-001
  2.438008077714E+000 -1.701867574370E-001  2.796330927624E-001 -3.815839788399E-001
  2.454926408713E+000 -1.655101768951E-001  2.732245016469E-001 -3.759937070629E-001
  2.471987071003E+000 -1.609032291282E-001  2.668584448310E-001 -3.702792390258E-001
  2.489191642624E+000 -1.563665579199E-001  2.605380044838E-001 -3.644502864187E-001
  2.506541723641E+000 -1.519007597391E-001  2.542661669095E-001 -3.585163588412E-001
  2.524038936507E+000 -1.475063836777E-001  2.480458219661E-001 -3.524867624845E-001
  2.541684926444E+000 -1.431839314198E-001  2.418797625358E-001 -3.463705988917E-001
  2.559481361827E+000 -1.389338572425E-001  2.357706840462E-001 -3.401767637968E-001
  2.577429934572E+000 -1.347565680497E-001  2.297211840446E-001 -3.339139460422E-001
  2.595532360540E+000 -1.306524234381E-001  2.237337618261E-001 -3.275906265769E-001
  2.613790379943E+000 -1.266217357982E-001  2.178108181179E-001 -3.212150775352E-001
  2.632205757760E+000 -1.226647704482E-001  2.119546548198E-001 -3.147953613980E-001
  2.650780284158E+000 -1.187817458027E-001  2.061674748027E-001 -3.083393302386E-001
  2.669515774928E+000 -1.149728335768E-001  2.004513817665E-001 -3.018546250524E-001
  2.688414071925E+000 -1.112381590252E-001  1.948083801587E-001 -2.953486751750E-001
  2.707477043518E+000 -1.075778012171E-001  1.892403751543E-001 -2.888286977881E-001
  2.726706585047E+000 -1.039917933469E-001  1.837491726991E-001 -2.823016975173E-001
  2.746104619295E+000 -1.004801230818E-001  1.783364796166E-001 -2.757744661217E-001
  2.765673096964E+000 -9.704273294560E-002  1.730039037810E-001 -2.692535822792E-001
  2.785413997161E+000 -9.367952073881E-002  1.677529543553E-001 -2.627454114695E-001
  2.805329327899E+000 -9.039033999657E-002  1.625850420982E-001 -2.562561059563E-001
  2.825421126601E+000 -8.717500048288E-002  1.575014797378E-001 -2.497916048717E-001
  2.845691460623E+000 -8.403326872208E-002  1.525034824161E-001 -2.433576344061E-001
  2.866142427776E+000 -8.096486856733E-002  1.475921682025E-001 -2.369597081046E-001
  2.886776156875E+000 -7.796948180611E-002  1.427685586786E-001 -2.306031272736E-001
  2.907594808280E+000 -7.504674880243E-002  1.380335795950E-001 -2.242929814997E-001
  2.928600574467E+000 -7.219626917580E-002  1.333880615993E-001 -2.180341492837E-001
  2.949795680597E+000 -6.941760251655E-002  1.288327410381E-001 -2.118312987923E-001
  2.971182385105E+000 -6.671026913731E-002  1.243682608312E-001 -2.056888887290E-001
  2.992762980296E+000 -6.407375086015E-002  1.199951714194E-001 -1.996111693288E-001
  3.014539792958E+000 -6.150749183907E-002  1.157139317866E-001 -1.936021834761E-001
  3.036515184988E+000 -5.901089941729E-002  1.115249105551E-001 -1.876657679511E-001
  3.058691554023E+000 -5.658334501866E-002  1.074283871546E-001 -1.818055548044E-001
  3.081071334099E+000 -5.422416507279E-002  1.034245530652E-001 -1.760249728627E-001
  3.103656996309E+000 -5.193266197291E-002  9.951351313338E-002 -1.703272493678E-001
  3.126451049484E+000 -4.970810506584E-002  9.569528696068E-002 -1.647154117501E-001
  3.149456040888E+000 -4.754973167324E-002  9.196981036520E-002 -1.591922895374E-001
  3.172674556926E+000 -4.545674814302E-002  8.833693691421E-002 -1.537605164018E-001
  3.196109223865E+000 -4.342833093011E-002  8.479643952763E-002 -1.484225323439E-001
  3.219762708576E+000 -4.146362770543E-002  8.134801215115E-002 -1.431805860162E-001
  3.243637719289E+000 -3.956175849183E-002  7.799127149793E-002 -1.380367371857E-001
  3.267737006362E+000 -3.772181682595E-002  7.472575885737E-002 -1.329928593359E-001
  3.292063363076E+000 -3.594287094457E-002  7.155094196969E-002 -1.280506424083E-001
  3.316619626434E+000 -3.422396499410E-002  6.846621696440E-002 -1.232115956824E-001
  3.341408677987E+000 -3.256412026186E-002  6.547091036106E-002 -1.184770507936E-001
  3.366433444679E+000 -3.096233642752E-002  6.256428113027E-002 -1.138481648889E-001
  3.391696899702E+000 -2.941759283328E-002  5.974552281263E-002 -1.093259239168E-001
  3.417202063379E+000 -2.792884977102E-002  5.701376569362E-002 -1.049111460520E-001
  3.442952004065E+000 -2.649504978480E-002  5.436807903158E-002 -1.006044852505E-001
  3.468949839059E+000 -2.511511898690E-002  5.180747333652E-002 -9.640643493451E-002
  3.495198735552E+000 -2.378796838570E-002  4.933090269669E-002 -9.231733180213E-002
  3.521701911582E+000 -2.251249522339E-002  4.693726715008E-002 -8.833735976068E-002
  3.548462637020E+000 -2.128758432161E-002  4.462541509781E-002 -8.446655397818E-002
  3.575484234572E+000 -2.011210943325E-002  4.239414575597E-002 -8.070480504979E-002
  3.602770080809E+000 -1.898493459807E-002  4.024221164279E-002 -7.705186327455E-002
  3.630323607217E+000 -1.790491550035E-002  3.816832109741E-002 -7.350734303744E-002
  3.658148301271E+000 -1.687090082644E-002  3.617114082672E-002 -7.007072729169E-002
  3.686247707537E+000 -1.588173361994E-002  3.424929847637E-002 -6.674137213563E-002
  3.714625428793E+000 -1.493625263256E-002  3.240138522226E-002 -6.351851147816E-002
  3.743285127184E+000 -1.403329366839E-002  3.062595837836E-002 -6.040126178665E-002
  3.772230525397E+000 -1.317169091940E-002  2.892154401676E-002 -5.738862691037E-002
  3.801465407866E+000 -1.235027828999E-002  2.728663959594E-002 -5.447950297284E-002
  3.830993622005E+000 -1.156789070847E-002  2.571971659282E-002 -5.167268332554E-002
  3.860819079470E+000 -1.082336542306E-002  2.421922313433E-002 -4.896686355563E-002
  3.890945757450E+000 -1.011554328050E-002  2.278358662420E-002 -4.636064653972E-002
  3.921377699988E+000 -9.443269984869E-003  2.141121636045E-002 -4.385254753580E-002
  3.952119019336E+000 -8.805397334514E-003  2.010050613909E-002 -4.144099930482E-002
  3.983173897337E+000 -8.200784435034E-003  1.884983683974E-002 -3.912435725364E-002
  4.014546586845E+000 -7.628298886095E-003  1.765757898848E-002 -3.690090459049E-002
  4.046241413173E+000 -7.086817940090E-003  1.652209529358E-002 -3.476885748430E-002
  4.078262775585E+000 -6.575229630577E-003  1.544174314961E-002 -3.272637021877E-002
  4.110615148813E+000 -6.092433868553E-003  1.441487710551E-002 -3.077154033226E-002
  4.143303084620E+000 -5.637343504625E-003  1.343985129227E-002 -2.890241373434E-002
  4.176331213391E+000 -5.208885355239E-003  1.251502180590E-002 -2.711698978984E-002
  4.209704245774E+000 -4.806001191185E-003  1.163874904143E-002 -2.541322636126E-002
  4.243426974351E+000 -4.427648686666E-003  1.080939997379E-002 -2.378904480044E-002
  4.277504275353E+000 -4.072802327314E-003  1.002535038165E-002 -2.224233488028E-002
  4.311941110423E+000 -3.740454275617E-003  9.284987010116E-003 -2.077095965775E-002
  4.346742528412E+000 -3.429615192314E-003  8.586709668607E-003 -1.937276025909E-002
  4.381913667228E+000 -3.139315012428E-003  7.928933260278E-003 -1.804556057864E-002
  4.417459755726E+000 -2.868603674688E-003  7.310089739460E-003 -1.678717188278E-002
  4.453386115645E+000 -2.616551803229E-003  6.728629993840E-003 -1.559539731053E-002
  4.489698163598E+000 -2.382251340557E-003  6.183025648258E-003 -1.446803626296E-002
  4.526401413105E+000 -2.164816130893E-003  5.671770787183E-003 -1.340288867345E-002
  4.563501476684E+000 -1.963382453131E-003  5.193383593186E-003 -1.239775915153E-002
  4.601004067991E+000 -1.777109502772E-003  4.746407898885E-003 -1.145046099297E-002
  4.638915004011E+000 -1.605179822344E-003  4.329414650128E-003 -1.055882004953E-002
  4.677240207311E+000 -1.446799679916E-003  3.941003278383E-003 -9.720678452054E-003
  4.715985708351E+000 -1.301199395498E-003  3.579802980569E-003 -8.933898180733E-003
  4.755157647843E+000 -1.167633615222E-003  3.244473904813E-003 -8.196364477385E-003
  4.794762279187E+000 -1.045381533348E-003  2.933708240898E-003 -7.505989094492E-003
  4.834805970953E+000 -9.337470622976E-004  2.646231214408E-003 -6.860713376602E-003
  4.875295209443E+000 -8.320589510407E-004  2.380801983880E-003 -6.258511170049E-003
  4.916236601308E+000 -7.396708523049E-004  2.136214440544E-003 -5.697391557510E-003
  4.957636876237E+000 -6.559613392335E-004  1.911297910504E-003 -5.175401414472E-003
  4.999502889720E+000 -5.803338722411E-004  1.704917759507E-003 -4.690627785203E-003
  5.041841625875E+000 -5.122167169652E-004  1.515975900729E-003 -4.241200076429E-003
  5.084660200360E+000 -4.510628143439E-004  1.343411206298E-003 -3.825292067437E-003
  5.127965863354E+000 -3.963496039839E-004  1.186199823530E-003 -3.441123735962E-003
  5.171766002619E+000 -3.475788021141E-004  1.043355397165E-003 -3.086962899725E-003
  5.216068146649E+000 -3.042761355426E-004  9.139291991456E-004 -2.761126674138E-003
  5.260879967894E+000 -2.659910331595E-004  7.970101677438E-004 -2.461982747201E-003
  5.306209286078E+000 -2.322962766401E-004  6.917248581238E-004 -2.187950473248E-003
  5.352064071605E+000 -2.027876121150E-004  5.972373066550E-004 -1.937501787706E-003
  5.398452449055E+000 -1.770833246760E-004  5.127488115554E-004 -1.709161945609E-003
  5.445382700775E+000 -1.548237776829E-004  4.374976326656E-004 -1.501510087156E-003
  5.492863270572E+000 -1.356709189265E-004  3.707586133795E-004 -1.313179634082E-003
  5.540902767504E+000 -1.193077557835E-004  3.118427279659E-004 -1.142858521161E-003
  5.589509969774E+000 -1.054378015723E-004  2.600965577103E-004 -9.892892675991E-004
  5.638693828737E+000 -9.378449538292E-005  2.149016994850E-004 -8.512688935489E-004
  5.688463473008E+000 -8.409059771037E-005  1.756741105223E-004 -7.276486874189E-004
  5.738828212699E+000 -7.611756426688E-005  1.418633933124E-004 -6.173338300230E-004
  5.789797543759E+000 -6.964490038420E-005  1.129520246782E-004 -5.192828820154E-004
  5.841381152447E+000 -6.446949844534E-005  8.845453319413E-005 -4.325071413786E-004
  5.893588919926E+000 -6.040496080142E-005  6.791662920933E-005 -3.560698780476E-004
  5.946430926988E+000 -5.728091063675E-005  5.091429181231E-005 -2.890854530199E-004
  5.999917458910E+000 -5.494229324168E-005  3.705281713090E-005 -2.307183295377E-004
  6.054059010457E+000 -5.324867014041E-005  2.596583239900E-005 -1.801819841275E-004
  6.108866291020E+000 -5.207350849704E-005  1.731428023927E-005 -1.367377254401E-004
  6.164350229902E+000 -5.130346819063E-005  1.078537760955E-005 -9.969342895646E-005
  6.220521981762E+000 -5.083768890692E-005  6.091553839516E-006 -6.840219570789E-005
  6.277392932215E+000 -5.058707954219E-005  2.969372144107E-006 -4.226094319898E-005
  6.334974703589E+000 -5.047361215303E-005  1.178438940676E-006 -2.070893673027E-005
  6.393279160860E+000 -5.042962261542E-005  5.003052194393E-007 -3.226269279867E-006
  6.452318417752E+000 -5.039712007726E-005  7.373641210856E-007  1.066770196720E-005
  6.512104843026E+000 -5.032710720167E-005  1.711748762625E-006  2.141595446279E-005
  6.572651066946E+000 -5.017891310317E-005  3.264234223293E-006  2.942542667851E-005
  6.633969987942E+000 -4.991954077757E-005  5.253147457422E-006  3.506866437329E-005
  6.696074779472E+000 -4.952303071757E-005  7.553288741746E-006  3.868547930346E-005
  6.758978897091E+000 -4.896984229204E-005  1.005486809158E-005  4.058461317756E-005
  6.822696085726E+000 -4.824625434772E-005  1.266245989481E-005  4.104539993049E-005
  6.887240387180E+000 -4.734378636747E-005  1.529397881601E-005  4.031941969207E-005
  6.952626147859E+000 -4.625864139198E-005  1.787967981652E-005  3.863213814984E-005
  7.018868026732E+000 -4.499117178039E-005  2.036118492115E-005  3.618452535301E-005
  7.085981003543E+000 -4.354536875216E-005  2.269053913973E-005  3.315464837127E-005
  7.153980387268E+000 -4.192837651735E-005  2.482929772400E-005  2.969923260625E-005
  7.222881824836E+000 -4.015003166696E-005  2.674764670745E-005  2.595518695132E-005
  7.292701310121E+000 -3.822242835856E-005  2.842355844093E-005  2.204108840499E-005
  7.363455193219E+000 -3.615950969789E-005  2.984198359982E-005  1.805862216133E-005
  7.435160190001E+000 -3.397668558257E-005  3.099408090189E-005  1.409397362443E-005
  7.507833391988E+000 -3.169047714305E-005  3.187648554009E-005  1.021916922062E-005
  7.581492276516E+000 -2.931818778666E-005  3.249061710177E-005  6.493363308468E-006
  7.656154717242E+000 -2.687760072587E-005  3.284202751777E-005  2.964068910477E-006
  7.731838994973E+000 -2.438670275037E-005  3.293978936229E-005 -3.316695914526E-007
  7.808563808847E+000 -2.186343388690E-005  3.279592460824E-005 -3.366163244521E-006
  7.886348287874E+000 -1.932546247966E-005  3.242487373470E-005 -6.120025845549E-006
  7.965212002848E+000 -1.678998511957E-005  3.184300488410E-005 -8.581182454634E-006
  8.045174978646E+000 -1.427355075207E-005  3.106816257725E-005 -1.074393939119E-005
  8.126257706932E+000 -1.179190820189E-005  3.011925531599E-005 -1.260811564646E-005
  8.208481159274E+000 -9.359876268770E-006  2.901588123636E-005 -1.417823531032E-005
  8.291866800694E+000 -6.991235471684E-006  2.777799082071E-005 -1.546278029385E-005
  8.376436603664E+000 -4.698640450064E-006  2.642558553507E-005 -1.647350233466E-005
  8.462213062574E+000 -2.493551970092E-006  2.497845113003E-005 -1.722479299976E-005
  8.549219208676E+000 -3.861874313944E-007  2.345592422839E-005 -1.773311015271E-005
  8.637478625536E+000  1.614511274579E-006  2.187669072174E-005 -1.801645912718E-005
  8.727015464999E+000  3.500893739056E-006  2.025861441130E-005 -1.809392664977E-005
  8.817854463709E+000  5.266602055387E-006  1.861859425549E-005 -1.798526538034E-005
  8.910020960175E+000  6.906558114665E-006  1.697244852723E-005 -1.771052678799E-005
  9.003540912431E+000  8.416938419875E-006  1.533482413891E-005 -1.728973995615E-005
  9.098440916308E+000  9.795137663988E-006  1.371912936087E-005 -1.674263380897E-005
  9.194748224321E+000  1.103972231286E-005  1.213748814007E-005 -1.608840017421E-005
  9.292490765233E+000  1.215037542168E-005  1.060071421950E-005 -1.534549504340E-005
  9.391697164283E+000  1.312783389445E-005  9.118303264080E-006 -1.453147535762E-005
  9.492396764138E+000  1.397381937023E-005  7.698441216069E-006 -1.366286863581E-005
  9.594619646576E+000  1.469096388704E-005  6.348027130268E-006 -1.275507277050E-005
  9.698396654938E+000  1.528273143651E-005  5.072708777284E-006 -1.182228334276E-005
  9.803759417385E+000  1.575333647802E-005  3.876929349712E-006 -1.087744585132E-005
  9.910740370981E+000  1.610766043241E-005  2.763983661450E-006 -9.932230310331E-006
  1.001937278665E+001  1.635116712195E-005  1.736082293192E-006 -8.997025743149E-006
  1.012969079502E+001  1.648981806549E-005  7.944222067244E-007 -8.080952185538E-006
  1.024172941323E+001  1.652998847691E-005 -6.073757386769E-008 -7.191887908252E-006
  1.035552457272E+001  1.647838475121E-005 -8.299965354395E-007 -6.336509675291E-006
  1.047111314798E+001  1.634196415561E-005 -1.514730740130E-006 -5.520343968303E-006
  1.058853298647E+001  1.612785737551E-005 -2.117009529404E-006 -4.747827228264E-006
  1.070782293953E+001  1.584329449487E-005 -2.639511925795E-006 -4.022373291284E-006
  1.082902289454E+001  1.549553492049E-005 -3.085443698012E-006 -3.346446324795E-006
  1.095217380826E+001  1.509180168893E-005 -3.458455961801E-006 -2.721637702076E-006
  1.107731774137E+001  1.463922052429E-005 -3.762566095420E-006 -2.148745385972E-006
  1.120449789442E+001  1.414476394533E-005 -4.002081655556E-006 -1.627854525481E-006
  1.133375864507E+001  1.361520065197E-005 -4.181527887607E-006 -1.158418100595E-006
  1.146514558681E+001  1.305705035455E-005 -4.305579334135E-006 -7.393365804663E-007
  1.159870556913E+001  1.247654414452E-005 -4.378995957500E-006 -3.690356866102E-007
  1.173448673928E+001  1.187959044333E-005 -4.406564107838E-006 -4.554147579180E-008
  1.187253858566E+001  1.127174650722E-005 -4.393042585993E-006  2.334479243448E-007
  1.201291198287E+001  1.065819541017E-005 -4.343113973408E-006  4.704944805114E-007
  1.215565923859E+001  1.004372837523E-005 -4.261341327508E-006  6.683567657873E-007
  1.230083414231E+001  9.432732276679E-006 -4.152130272324E-006  8.299311627120E-007
  1.244849201595E+001  8.829182091815E-006 -4.019696450133E-006  9.581980066107E-007
  1.259868976657E+001  8.236638042389E-006 -3.868038241196E-006  1.056172829905E-006
  1.275148594119E+001  7.658247131092E-006 -3.700914605242E-006  1.126862786742E-006
  1.290694078384E+001  7.096748749353E-006 -3.521827850557E-006  1.173228262974E-006
  1.306511629490E+001  6.554484008179E-006 -3.334011094360E-006  1.198149609488E-006
  1.322607629292E+001  6.033408424406E-006 -3.140420141728E-006  1.204398877037E-006
  1.338988647898E+001  5.535107580449E-006 -2.943729479656E-006  1.194616378189E-006
  1.355661450375E+001  5.060815366315E-006 -2.746332057918E-006  1.171291856581E-006
  1.372633003727E+001  4.611434408309E-006 -2.550342509100E-006  1.136750005280E-006
  1.389910484176E+001  4.187558289301E-006 -2.357603446446E-006  1.093140044502E-006
  1.407501284743E+001  3.789495170461E-006 -2.169694469768E-006  1.042429044075E-006
  1.425413023161E+001  3.417292433813E-006 -1.987943506483E-006  9.863986574529E-007
  1.443653550117E+001  3.070761978486E-006 -1.813440116465E-006  9.266449216646E-007
  1.462230957852E+001  2.749505820832E-006 -1.647050395732E-006  8.645807708198E-007
  1.481153589140E+001  2.452941669292E-006 -1.489433124459E-006  8.014409094360E-007
  1.500430046649E+001  2.180328168628E-006 -1.341056819278E-006  7.382886954199E-007
  1.520069202718E+001  1.930789534415E-006 -1.202217367667E-006  6.760246906421E-007
  1.540080209569E+001  1.703339327128E-006 -1.073055943182E-006  6.153965492073E-007
  1.560472509963E+001  1.496903145202E-006 -9.535769237932E-007  5.570099292832E-007
  1.581255848342E+001  1.310340047693E-006 -8.436655612063E-007  5.013401332021E-007
  1.602440282470E+001  1.142462549014E-006 -7.431051762621E-007  4.487442020035E-007
  1.624036195599E+001  9.920550603071E-007 -6.515936839111E-007  3.994732141223E-007
  1.646054309190E+001  8.578906837135E-007 -5.687592802387E-007  3.536845630443E-007
  1.668505696224E+001  7.387462967966E-007 -4.941751532001E-007  3.114540149492E-007
  1.691401795117E+001  6.334158940945E-007 -4.273731075972E-007  2.727873741414E-007
  1.714754424293E+001  5.407221809184E-007 -3.678560229703E-007  2.376316109800E-007
  1.738575797433E+001  4.595264406543E-007 -3.151090900787E-007  2.058853335953E-007
  1.762878539445E+001  3.887367206694E-007 -2.686097971374E-007  1.774085105223E-007
  1.787675703191E+001  3.273144032089E-007 -2.278366606412E-007  1.520313761117E-007
  1.812980787015E+001  2.742792461769E-007 -1.922767171594E-007  1.295624738578E-007
  1.838807753110E+001  2.287129942849E-007 -1.614318117071E-007  1.097958143284E-007
  1.865171046781E+001  1.897616736324E-007 -1.348237350215E-007  9.251714395588E-008
  1.892085616642E+001  1.566366923365E-007 -1.119982761826E-007  7.750933836212E-008
  1.919566935809E+001  1.286148763767E-007 -9.252826846040E-008  6.455694902258E-008
  1.947631024137E+001  1.050375734789E-007 -7.601571506171E-008  5.344994483747E-008
  1.976294471571E+001  8.530895875481E-008 -6.209308762185E-008  4.398670056159E-008
  2.005574462663E+001  6.889367416386E-008 -5.042389397815E-008  3.597629206866E-008
  2.035488802332E+001  5.531392989079E-008 -4.070261310260E-008  2.924016417365E-008
  2.066055942930E+001  4.414618972853E-008 -3.265409427122E-008  2.361324032637E-008
  2.097295012706E+001  3.501755481573E-008 -2.603251482986E-008  1.894454508160E-008
  2.129225845729E+001  2.760195092734E-008 -2.061998653656E-008  1.509741003667E-008
  2.161869013374E+001  2.161621428642E-008 -1.622489469314E-008  1.194933212328E-008
  2.195245857462E+001  1.681615988641E-008 -1.268004740583E-008  9.391549980502E-009
  2.229378525140E+001  1.299270490923E-008 -9.840704622778E-009  7.328399866767E-009
  2.264290005632E+001  9.968108302904E-009 -7.582548363442E-009  5.676507436309E-009
  2.300004168951E+001  7.592376224200E-009 -5.799647048523E-009  4.363865956510E-009
  2.336545806705E+001  5.739872110805E-009 -4.402458305255E-009  3.328845408554E-009
  2.373940675129E+001  4.306159840129E-009 -3.315906282837E-009  2.519170613297E-009
  2.412215540475E+001  3.205098936494E-009 -2.477561558691E-009  1.890900252750E-009
  2.451398226921E+001  2.366202242789E-009 -1.835944306809E-009  1.407432586079E-009
  2.491517667142E+001  1.732258972296E-009 -1.348964659419E-009  1.038557930558E-009
  2.532603955735E+001  1.257219656536E-009 -9.825082118874E-010  7.595727059508E-010
  2.574688405660E+001  9.043342222750E-010 -7.091694534823E-010  5.504651091638E-010
  2.617803607920E+001  6.445302464894E-010 -5.071315760902E-010  3.951783490944E-010
  2.661983494664E+001  4.550153029729E-010 -3.591876126173E-010  2.809538567578E-010
  2.707263405971E+001  3.180851529716E-010 -2.518951543167E-010  1.977539950597E-010
  2.753680160532E+001  2.201182497519E-010 -1.748549379723E-010  1.377615067657E-010
  2.801272130518E+001  1.507365136383E-010 -1.201023094609E-010  9.495122094117E-011
  2.850079320900E+001  1.021124717814E-010 -8.159987762676E-011  6.472833622645E-011
  2.900143453541E+001  6.840352447593E-011 -5.481948250976E-011  4.362685272802E-011
  2.951508056378E+001  4.529517788265E-011 -3.640182309979E-011  2.906136610734E-011
  3.004218558064E+001  2.963645822786E-011 -2.388263165735E-011  1.912539848304E-011
  3.058322388437E+001  1.915229118594E-011 -1.547505876735E-011  1.242965285723E-011
  3.113869085248E+001  1.221930053597E-011 -9.898867666070E-012  7.973976476250E-012
  3.170910407585E+001  7.693174387458E-012 -6.248059409308E-012  5.047345178342E-012
  3.229500456485E+001  4.777401914222E-012 -3.889604163090E-012  3.150783992354E-012
  3.289695803249E+001  2.924749774600E-012 -2.386991455975E-012  1.938775824162E-012
  3.351555626047E+001  1.764290254090E-012 -1.443297808217E-012  1.175345272683E-012
  3.415141855403E+001  1.048090308367E-012 -8.593783040556E-013  7.016120415678E-013
  3.480519329257E+001  6.128108104080E-013 -5.036033045655E-013  4.121693921039E-013
  3.547755958299E+001  3.524462943329E-013 -2.902745569695E-013  2.381458482643E-013
  3.616922902393E+001  1.992624535162E-013 -1.644649729516E-013  1.352469967105E-013
  3.688094758921E+001  1.106720210184E-013 -9.153694029407E-014  7.544751688687E-014
  3.761349763993E+001  6.034340229838E-014 -5.001246259374E-014  4.131389789746E-014
  3.836770007534E+001  3.227647764778E-014 -2.680429236905E-014  2.219052030923E-014
  3.914441663347E+001  1.692294088657E-014 -1.408134841504E-014  1.168232261073E-014
  3.994455235367E+001  8.690626696176E-015 -7.245204714828E-015  6.023303762072E-015
  4.076905821405E+001  4.367634567987E-015 -3.648030819763E-015  3.038923749882E-015
  4.161893395835E+001  2.146233271091E-015 -1.795906575096E-015  1.498997692802E-015
  4.249523112779E+001  1.030239968715E-015 -8.636191750912E-016  7.222287681359E-016
  4.339905631520E+001  4.826194141612E-016 -4.052739078258E-016  3.395599134466E-016
  4.433157466006E+001  2.204080709187E-016 -1.854021106786E-016  1.556246105975E-016
  4.529401360538E+001  9.802430119953E-017 -8.259391170836E-017  6.945261599282E-017
  4.628766693861E+001  4.240578479132E-017 -3.578909106267E-017  3.014740182613E-017
  4.731389914191E+001  1.782278949261E-017 -1.506597015472E-017  1.271268156321E-017
  4.837415007871E+001  7.268258944402E-018 -6.153647788479E-018  5.201112431199E-018
  4.946994004686E+001  2.872122702745E-018 -2.435406021254E-018  2.061777030594E-018
  5.060287523143E+001  1.098181003264E-018 -9.325972485204E-019  7.907784023002E-019
  5.177465359367E+001  4.056841893554E-019 -3.450214678067E-019  2.930091684074E-019
  5.298707123650E+001  1.445613827163E-019 -1.231216725374E-019  1.047197307878E-019
  5.424202929116E+001  4.960582572172E-020 -4.230831539607E-020  3.603823949277E-020
  5.554154137419E+001  1.636257937643E-020 -1.397470404811E-020  1.192091446047E-020
  5.688774166961E+001  5.178277439202E-021 -4.428546727923E-021  3.783057773627E-021
  5.828289369667E+001  1.569130109090E-021 -1.343715976880E-021  1.149449898318E-021
  5.972939983075E+001  4.543018182280E-022 -3.895412280211E-022  3.336746383000E-022
  6.122981165190E+001  1.253879500952E-022 -1.076498108963E-022  9.233300306495E-023
  6.278684120462E+001  3.291127002122E-023 -2.829039217471E-023  2.429649441594E-023
  6.440337326150E+001  8.193995292162E-024 -7.052051643136E-024  6.064129136346E-024
  6.608247869451E+001  1.929841083853E-024 -1.662859667286E-024  1.431675237979E-024
  6.782742906960E+001  4.287033254847E-025 -3.698232782931E-025  3.187917338037E-025
  6.964171259434E+001  8.954725717072E-026 -7.733610681642E-026  6.674323018562E-026
  7.152905156377E+001  1.752942664223E-026 -1.515583460379E-026  1.309499581971E-026
  7.349342146763E+001  3.204533036007E-027 -2.773631363837E-027  2.399184120692E-027
  7.553907194217E+001  5.450027363000E-028 -4.722200520806E-028  4.089192778163E-028
  7.767054977292E+001  8.588344865125E-029 -7.449156249263E-029  6.457550275726E-029
  7.989272418113E+001  1.248567401072E-029 -1.084056125929E-029  9.407397477475E-030
  8.221081465675E+001  1.666806441053E-030 -1.448630412195E-030  1.258409604279E-030
  8.463042163523E+001  2.033106411762E-031 -1.768706830281E-031  1.538001928850E-031
  8.715756035520E+001  2.253756139160E-032 -1.962532306982E-032  1.708222954971E-032
  8.979869827958E+001  2.257460683207E-033 -1.967592857930E-033  1.714273056917E-033
  9.256079651532E+001  2.030499563607E-034 -1.771390272296E-034  1.544779673994E-034
  9.545135572765E+001  1.629103067088E-035 -1.422484515364E-035  1.241646764815E-035
  9.847846711487E+001  1.157501191627E-036 -1.011578369301E-036  8.837697773664E-037
  1.016508690915E+002  7.226608876928E-038 -6.320964557778E-038  5.527173720046E-038
  1.049780104220E+002  3.931199279991E-039 -3.441409398713E-039  3.011809282967E-039
  1.084701206579E+002  1.846405092890E-040 -1.617680095259E-040  1.416923879253E-040
  1.121382888606E+002  7.413795308385E-042 -6.500588029619E-042  5.698503421152E-042
  1.159945517414E+002  2.517665933991E-043 -2.209269587082E-043  1.938219102020E-043
  1.200519925308E+002  7.147025495669E-045 -6.276344627361E-045  5.510598440620E-045
  1.243248520934E+002  1.674551326133E-046 -1.471645335117E-046  1.293078684286E-046
  1.288286540551E+002  3.193709748292E-048 -2.808768221562E-048  2.469787745750E-048
  1.335803459987E+002  4.883611358101E-050 -4.298035046436E-050  3.782055266069E-050
  1.385984591287E+002  5.889047548129E-052 -5.186508098620E-052  4.567089821656E-052
  1.439032892205E+002  5.499604681595E-054 -4.846804083417E-054  4.270896444020E-054
  1.495171021587E+002  3.899052278996E-056 -3.438507661806E-056  3.031972693764E-056
  1.554643679592E+002  2.053194863952E-058 -1.811845269631E-058  1.598677471596E-058
  1.617720278763E+002  7.839474465923E-061 -6.922309870968E-061  6.111785482284E-061
  1.684698000514E+002  2.113452616474E-063 -1.867338253865E-063  1.649720403394E-063
  1.755905301928E+002  3.906561087567E-066 -3.453701705542E-066  3.053061370850E-066
  1.831705950299E+002  4.792573717401E-069 -4.239475747170E-069  3.749897494480E-069
  1.912503678195E+002  3.763894125615E-072 -3.331404797307E-072  2.948386757609E-072
  1.998747570544E+002  1.817858577041E-075 -1.609868286629E-075  1.425576611035E-075
  2.090938318328E+002  5.162864877402E-079 -4.574618920254E-079  4.053141520573E-079
  2.189635501945E+002  8.201518228879E-083 -7.270864881185E-083  6.445447822339E-083
  2.295466102647E+002  6.889940393393E-087 -6.111231841982E-087  5.420253423934E-087
  2.409134484547E+002  2.874028951060E-091 -2.550467539406E-091  2.263227219216E-091
  2.531434144886E+002  5.544890272494E-096 -4.923012578953E-096  4.370696213048E-096
  2.663261599835E+002  4.566542816642E-101 -4.056288889097E-101  3.602912746552E-101
  2.805632861191E+002  1.465870665113E-106 -1.302670099623E-106  1.157599812299E-106
  2.959703071532E+002  1.653973857424E-112 -1.470479701081E-112  1.307302794478E-112
  3.126790009236E+002  5.830075945067E-119 -5.185497415615E-119  4.612058598021E-119
  3.308402360200E+002  5.609148144108E-126 -4.991064829169E-126  4.440981827277E-126
  3.506273893903E+002  1.261272320615E-133 -1.122741008368E-133  9.994037558938E-134
  3.722404996260E+002  5.541845012415E-142 -4.935076624361E-142  4.394658935923E-142
  3.959113426415E+002  3.866657303513E-151 -3.444597218262E-151  3.068555216350E-151
  4.219096715122E+002  3.365006171908E-161 -2.998792071396E-161  2.672393850225E-161
  4.505509359373E+002  2.754013973402E-172 -2.455154841724E-172  2.188699097845E-172
  4.822058963204E+002  1.520989117586E-184 -1.356393482020E-184  1.209596239035E-184
  5.173126831536E+002  3.829240998568E-198 -3.415967670551E-198  3.047267629798E-198
  5.563920392209E+002  2.757026234517E-213 -2.460243437443E-213  2.195389791221E-213
  6.000667421536E+002  3.250409695173E-230 -2.901390122187E-230  2.589828724268E-230
  6.490865708786E+002  3.206503189506E-249 -2.863025968873E-249  2.556326067705E-249
  7.043607010442E+002  1.172589992748E-270 -1.047273626985E-270  9.353451659926E-271
  7.670001674974E+002  5.877382834047E-295 -5.250651053643E-295  4.690730107073E-295
  8.383741345464E+002  0.000000000000E+000  0.000000000000E+000  0.000000000000E+000
  9.201853543213E+002  0.000000000000E+000  0.000000000000E+000  0.000000000000E+000
  1.014572672318E+003  0.000000000000E+000  0.000000000000E+000  0.000000000000E+000
  1.124252254996E+003  0.000000000000E+000  0.000000000000E+000  0.000000000000E+000
  1.252715205428E+003  0.000000000000E+000  0.000000000000E+000  0.000000000000E+000
  1.404508845568E+003  0.000000000000E+000  0.000000000000E+000  0.000000000000E+000
  1.585644739908E+003  0.000000000000E+000  0.000000000000E+000  0.000000000000E+000
  1.804203189488E+003  0.000000000000E+000  0.000000000000E+000  0.000000000000E+000
  2.071250249814E+003  0.000000000000E+000  0.000000000000E+000  0.000000000000E+000
  2.402266552340E+003  0.000000000000E+000  0.000000000000E+000  0.000000000000E+000
  2.819442449497E+003  0.000000000000E+000  0.000000000000E+000  0.000000000000E+000
  3.355496240167E+003  0.000000000000E+000  0.000000000000E+000  0.000000000000E+000
  4.060290442982E+003  0.000000000000E+000  0.000000000000E+000  0.000000000000E+000
  5.012860622227E+003  0.000000000000E+000  0.000000000000E+000  0.000000000000E+000
  6.344578802016E+003  0.000000000000E+000  0.000000000000E+000  0.000000000000E+000
  8.287000878586E+003  0.000000000000E+000  0.000000000000E+000  0.000000000000E+000
  1.127976970933E+004  0.000000000000E+000  0.000000000000E+000  0.000000000000E+000
  1.624316171036E+004  0.000000000000E+000  0.000000000000E+000  0.000000000000E+000
  2.538031516868E+004  0.000000000000E+000  0.000000000000E+000  0.000000000000E+000
  4.512107881524E+004  0.000000000000E+000  0.000000000000E+000  0.000000000000E+000
  1.015232606647E+005  0.000000000000E+000  0.000000000000E+000  0.000000000000E+000
  4.060950426526E+005  0.000000000000E+000  0.000000000000E+000  0.000000000000E+000
