# 1st line: number of mesh points
# abcissa wavefunction wavefunction_1st wavefunction_2nd
1000
# Principal QN=   4 , l=   0 , Occupation=   2.0000
  2.462477732966E-006  1.870600345858E+001 -7.500409663594E+002  2.658608025057E+004
  9.849959442330E-006  1.870046327005E+001 -7.498445916616E+002  2.657809862695E+004
  2.216259066178E-005  1.869123272442E+001 -7.495174272011E+002  2.656480198139E+004
  3.940061395432E-005  1.867831647149E+001 -7.490596628836E+002  2.654619939707E+004
  6.156436892224E-005  1.866172101488E+001 -7.484715642819E+002  2.652230357535E+004
  8.865429222131E-005  1.864145470592E+001 -7.477534723411E+002  2.649313082073E+004
  1.206709175794E-004  1.861752773584E+001 -7.469058030000E+002  2.645870102156E+004
  1.576148758184E-004  1.858995212617E+001 -7.459290467304E+002  2.641903762648E+004
  1.994868948811E-004  1.855874171759E+001 -7.448237679941E+002  2.637416761671E+004
  2.462877998613E-004  1.852391215691E+001 -7.435906046184E+002  2.632412147418E+004
  2.980185130383E-004  1.848548088255E+001 -7.422302670919E+002  2.626893314556E+004
  3.546800539158E-004  1.844346710825E+001 -7.407435377809E+002  2.620864000226E+004
  4.162735392647E-004  1.839789180526E+001 -7.391312700682E+002  2.614328279648E+004
  4.828001831694E-004  1.834877768290E+001 -7.373943874157E+002  2.607290561328E+004
  5.542612970792E-004  1.829614916753E+001 -7.355338823516E+002  2.599755581895E+004
  6.306582898628E-004  1.824003238005E+001 -7.335508153847E+002  2.591728400550E+004
  7.119926678676E-004  1.818045511184E+001 -7.314463138472E+002  2.583214393157E+004
  7.982660349828E-004  1.811744679932E+001 -7.292215706678E+002  2.574219245980E+004
  8.894800927067E-004  1.805103849699E+001 -7.268778430767E+002  2.564748949066E+004
  9.856366402179E-004  1.798126284919E+001 -7.244164512455E+002  2.554809789296E+004
  1.086737574451E-003  1.790815406044E+001 -7.218387768632E+002  2.544408343115E+004
  1.192784890174E-003  1.783174786452E+001 -7.191462616511E+002  2.533551468941E+004
  1.303780680078E-003  1.775208149231E+001 -7.163404058188E+002  2.522246299276E+004
  1.419727134858E-003  1.766919363840E+001 -7.134227664635E+002  2.510500232531E+004
  1.540626543307E-003  1.758312442656E+001 -7.103949559159E+002  2.498320924568E+004
  1.666481292416E-003  1.749391537412E+001 -7.072586400336E+002  2.485716279983E+004
  1.797293867468E-003  1.740160935524E+001 -7.040155364474E+002  2.472694443139E+004
  1.933066852148E-003  1.730625056329E+001 -7.006674127598E+002  2.459263788963E+004
  2.073802928647E-003  1.720788447216E+001 -6.972160847020E+002  2.445432913519E+004
  2.219504877777E-003  1.710655779676E+001 -6.936634142489E+002  2.431210624376E+004
  2.370175579090E-003  1.700231845268E+001 -6.900113076981E+002  2.416605930783E+004
  2.525818010992E-003  1.689521551504E+001 -6.862617137133E+002  2.401628033671E+004
  2.686435250879E-003  1.678529917662E+001 -6.824166213366E+002  2.386286315481E+004
  2.852030475254E-003  1.667262070541E+001 -6.784780579722E+002  2.370590329861E+004
  3.022606959872E-003  1.655723240144E+001 -6.744480873445E+002  2.354549791218E+004
  3.198168079872E-003  1.643918755313E+001 -6.703288074337E+002  2.338174564164E+004
  3.378717309917E-003  1.631854039320E+001 -6.661223483921E+002  2.321474652855E+004
  3.564258224347E-003  1.619534605403E+001 -6.618308704441E+002  2.304460190254E+004
  3.754794497325E-003  1.606966052282E+001 -6.574565617728E+002  2.287141427319E+004
  3.950329902993E-003  1.594154059630E+001 -6.530016363966E+002  2.269528722144E+004
  4.150868315631E-003  1.581104383527E+001 -6.484683320391E+002  2.251632529057E+004
  4.356413709820E-003  1.567822851897E+001 -6.438589079941E+002  2.233463387707E+004
  4.566970160612E-003  1.554315359927E+001 -6.391756429905E+002  2.215031912140E+004
  4.782541843700E-003  1.540587865484E+001 -6.344208330591E+002  2.196348779887E+004
  5.003133035593E-003  1.526646384526E+001 -6.295967894041E+002  2.177424721080E+004
  5.228748113801E-003  1.512496986525E+001 -6.247058362829E+002  2.158270507609E+004
  5.459391557015E-003  1.498145789896E+001 -6.197503088974E+002  2.138896942335E+004
  5.695067945303E-003  1.483598957439E+001 -6.147325512979E+002  2.119314848383E+004
  5.935781960296E-003  1.468862691810E+001 -6.096549143049E+002  2.099535058505E+004
  6.181538385392E-003  1.453943231013E+001 -6.045197534496E+002  2.079568404566E+004
  6.432342105956E-003  1.438846843926E+001 -5.993294269365E+002  2.059425707127E+004
  6.688198109528E-003  1.423579825866E+001 -5.940862936318E+002  2.039117765168E+004
  6.949111486034E-003  1.408148494193E+001 -5.887927110776E+002  2.018655345953E+004
  7.215087428003E-003  1.392559183962E+001 -5.834510335371E+002  1.998049175045E+004
  7.486131230784E-003  1.376818243629E+001 -5.780636100721E+002  1.977309926501E+004
  7.762248292776E-003  1.360932030811E+001 -5.726327826543E+002  1.956448213236E+004
  8.043444115654E-003  1.344906908107E+001 -5.671608843144E+002  1.935474577592E+004
  8.329724304602E-003  1.328749238983E+001 -5.616502373299E+002  1.914399482104E+004
  8.621094568555E-003  1.312465383731E+001 -5.561031514539E+002  1.893233300489E+004
  8.917560720438E-003  1.296061695493E+001 -5.505219221874E+002  1.871986308854E+004
  9.219128677417E-003  1.279544516366E+001 -5.449088290966E+002  1.850668677150E+004
  9.525804461149E-003  1.262920173589E+001 -5.392661341766E+002  1.829290460869E+004
  9.837594198038E-003  1.246194975808E+001 -5.335960802643E+002  1.807861592994E+004
  1.015450411950E-002  1.229375209428E+001 -5.279008895008E+002  1.786391876220E+004
  1.047654056222E-002  1.212467135062E+001 -5.221827618456E+002  1.764890975443E+004
  1.080370996845E-002  1.195476984061E+001 -5.164438736441E+002  1.743368410534E+004
  1.113601888623E-002  1.178410955145E+001 -5.106863762486E+002  1.721833549398E+004
  1.147347396972E-002  1.161275211130E+001 -5.049123946952E+002  1.700295601323E+004
  1.181608197948E-002  1.144075875750E+001 -4.991240264371E+002  1.678763610639E+004
  1.216384978272E-002  1.126819030585E+001 -4.933233401347E+002  1.657246450676E+004
  1.251678435364E-002  1.109510712089E+001 -4.875123745043E+002  1.635752818031E+004
  1.287489277369E-002  1.092156908718E+001 -4.816931372257E+002  1.614291227151E+004
  1.323818223191E-002  1.074763558170E+001 -4.758676039087E+002  1.592870005239E+004
  1.360666002522E-002  1.057336544725E+001 -4.700377171200E+002  1.571497287472E+004
  1.398033355872E-002  1.039881696695E+001 -4.642053854701E+002  1.550181012549E+004
  1.435921034603E-002  1.022404783980E+001 -4.583724827605E+002  1.528928918563E+004
  1.474329800963E-002  1.004911515730E+001 -4.525408471919E+002  1.507748539197E+004
  1.513260428113E-002  9.874075381207E+000 -4.467122806329E+002  1.486647200252E+004
  1.552713700165E-002  9.698984322320E+000 -4.408885479492E+002  1.465632016502E+004
  1.592690412217E-002  9.523897120352E+000 -4.350713763931E+002  1.444709888868E+004
  1.633191370382E-002  9.348868224890E+000 -4.292624550535E+002  1.423887501931E+004
  1.674217391826E-002  9.173951377421E+000 -4.234634343649E+002  1.403171321763E+004
  1.715769304806E-002  8.999199594410E+000 -4.176759256762E+002  1.382567594076E+004
  1.757847948698E-002  8.824665151443E+000 -4.119015008781E+002  1.362082342705E+004
  1.800454174044E-002  8.650399568403E+000 -4.061416920877E+002  1.341721368393E+004
  1.843588842578E-002  8.476453595682E+000 -4.003979913911E+002  1.321490247899E+004
  1.887252827273E-002  8.302877201404E+000 -3.946718506417E+002  1.301394333416E+004
  1.931447012370E-002  8.129719559649E+000 -3.889646813139E+002  1.281438752285E+004
  1.976172293425E-002  7.957029039665E+000 -3.832778544114E+002  1.261628407021E+004
  2.021429577341E-002  7.784853196038E+000 -3.776127004278E+002  1.241967975626E+004
  2.067219782411E-002  7.613238759814E+000 -3.719705093601E+002  1.222461912191E+004
  2.113543838356E-002  7.442231630541E+000 -3.663525307721E+002  1.203114447787E+004
  2.160402686371E-002  7.271876869216E+000 -3.607599739076E+002  1.183929591622E+004
  2.207797279156E-002  7.102218692109E+000 -3.551940078508E+002  1.164911132478E+004
  2.255728580967E-002  6.933300465450E+000 -3.496557617344E+002  1.146062640398E+004
  2.304197567655E-002  6.765164700936E+000 -3.441463249907E+002  1.127387468638E+004
  2.353205226706E-002  6.597853052049E+000 -3.386667476482E+002  1.108888755856E+004
  2.402752557287E-002  6.431406311155E+000 -3.332180406678E+002  1.090569428545E+004
  2.452840570292E-002  6.265864407342E+000 -3.278011763207E+002  1.072432203688E+004
  2.503470288379E-002  6.101266404997E+000 -3.224170886031E+002  1.054479591639E+004
  2.554642746023E-002  5.937650503062E+000 -3.170666736888E+002  1.036713899214E+004
  2.606358989558E-002  5.775054034967E+000 -3.117507904158E+002  1.019137232980E+004
  2.658620077221E-002  5.613513469188E+000 -3.064702608054E+002  1.001751502739E+004
  2.711427079202E-002  5.453064410427E+000 -3.012258706136E+002  9.845584251932E+003
  2.764781077690E-002  5.293741601349E+000 -2.960183699104E+002  9.675595277856E+003
  2.818683166921E-002  5.135578924886E+000 -2.908484736877E+002  9.507561526976E+003
  2.873134453224E-002  4.978609407039E+000 -2.857168624914E+002  9.341494610040E+003
  2.928136055074E-002  4.822865220181E+000 -2.806241830783E+002  9.177404369688E+003
  2.983689103139E-002  4.668377686810E+000 -2.755710490939E+002  9.015298924726E+003
  3.039794740329E-002  4.515177283732E+000 -2.705580417699E+002  8.855184715626E+003
  3.096454121851E-002  4.363293646635E+000 -2.655857106405E+002  8.697066551142E+003
  3.153668415253E-002  4.212755575045E+000 -2.606545742737E+002  8.540947655932E+003
  3.211438800486E-002  4.063591037605E+000 -2.557651210171E+002  8.386829719103E+003
  3.269766469947E-002  3.915827177680E+000 -2.509178097568E+002  8.234712943551E+003
  3.328652628537E-002  3.769490319236E+000 -2.461130706852E+002  8.084596096020E+003
  3.388098493714E-002  3.624605972977E+000 -2.413513060793E+002  7.936476557759E+003
  3.448105295547E-002  3.481198842715E+000 -2.366328910843E+002  7.790350375688E+003
  3.508674276771E-002  3.339292831941E+000 -2.319581745036E+002  7.646212313968E+003
  3.569806692844E-002  3.198911050571E+000 -2.273274795915E+002  7.504055905891E+003
  3.631503812000E-002  3.060075821851E+000 -2.227411048482E+002  7.363873505967E+003
  3.693766915309E-002  2.922808689388E+000 -2.181993248148E+002  7.225656342149E+003
  3.756597296732E-002  2.787130424291E+000 -2.137023908666E+002  7.089394568069E+003
  3.819996263183E-002  2.653061032391E+000 -2.092505320039E+002  6.955077315221E+003
  3.883965134583E-002  2.520619761532E+000 -2.048439556384E+002  6.822692744990E+003
  3.948505243923E-002  2.389825108905E+000 -2.004828483731E+002  6.692228100441E+003
  4.013617937323E-002  2.260694828398E+000 -1.961673767758E+002  6.563669757783E+003
  4.079304574093E-002  2.133245937968E+000 -1.918976881432E+002  6.437003277443E+003
  4.145566526792E-002  2.007494726985E+000 -1.876739112558E+002  6.312213454642E+003
  4.212405181296E-002  1.883456763569E+000 -1.834961571213E+002  6.189284369427E+003
  4.279821936853E-002  1.761146901868E+000 -1.793645197061E+002  6.068199436064E+003
  4.347818206155E-002  1.640579289293E+000 -1.752790766529E+002  5.948941451735E+003
  4.416395415396E-002  1.521767373684E+000 -1.712398899849E+002  5.831492644469E+003
  4.485555004336E-002  1.404723910391E+000 -1.672470067935E+002  5.715834720235E+003
  4.555298426375E-002  1.289460969272E+000 -1.633004599110E+002  5.601948909152E+003
  4.625627148608E-002  1.175989941592E+000 -1.594002685653E+002  5.489816010741E+003
  4.696542651902E-002  1.064321546808E+000 -1.555464390173E+002  5.379416438176E+003
  4.768046430958E-002  9.544658392541E-001 -1.517389651793E+002  5.270730261486E+003
  4.840139994379E-002  8.464322146893E-001 -1.479778292151E+002  5.163737249645E+003
  4.912824864743E-002  7.402294167348E-001 -1.442630021191E+002  5.058416911524E+003
  4.986102578670E-002  6.358655431749E-001 -1.405944442764E+002  4.954748535645E+003
  5.059974686895E-002  5.333480521289E-001 -1.369721060015E+002  4.852711228727E+003
  5.134442754336E-002  4.326837680891E-001 -1.333959280560E+002  4.752283952958E+003
  5.209508360169E-002  3.338788878245E-001 -1.298658421450E+002  4.653445561982E+003
  5.285173097899E-002  2.369389861512E-001 -1.263817713923E+002  4.556174835581E+003
  5.361438575437E-002  1.418690215688E-001 -1.229436307929E+002  4.460450512998E+003
  5.438306415168E-002  4.867334176687E-002 -1.195513276445E+002  4.366251324919E+003
  5.515778254035E-002 -4.264431099706E-002 -1.162047619563E+002  4.273556024065E+003
  5.593855743605E-002 -1.320807946437E-001 -1.129038268365E+002  4.182343414400E+003
  5.672540550155E-002 -2.196335621379E-001 -1.096484088573E+002  4.092592378940E+003
  5.751834354743E-002 -3.053006564688E-001 -1.064383883982E+002  4.004281906144E+003
  5.831738853289E-002 -3.890807057389E-001 -1.032736399678E+002  3.917391114905E+003
  5.912255756656E-002 -4.709729183544E-001 -1.001540325044E+002  3.831899278124E+003
  5.993386790726E-002 -5.509770783098E-001 -9.707942965456E+001  3.747785844865E+003
  6.075133696481E-002 -6.290935405596E-001 -9.404969003212E+001  3.665030461117E+003
  6.157498230090E-002 -7.053232264672E-001 -9.106466745547E+001  3.583612989151E+003
  6.240482162984E-002 -7.796676193233E-001 -8.812421116560E+001  3.503513525486E+003
  6.324087281946E-002 -8.521287599237E-001 -8.522816602422E+001  3.424712417490E+003
  6.408315389190E-002 -9.227092421970E-001 -8.237637269277E+001  3.347190278613E+003
  6.493168302447E-002 -9.914122088713E-001 -7.956866779296E+001  3.270928002286E+003
  6.578647855056E-002 -1.058241347171E+000 -7.680488404913E+001  3.195906774497E+003
  6.664755896041E-002 -1.123200884529E+000 -7.408485041337E+001  3.122108085075E+003
  6.751494290207E-002 -1.186295584313E+000 -7.140839217368E+001  3.049513737693E+003
  6.838864918226E-002 -1.247530741539E+000 -6.877533104614E+001  2.978105858638E+003
  6.926869676725E-002 -1.306912178576E+000 -6.618548525157E+001  2.907866904355E+003
  7.015510478375E-002 -1.364446240822E+000 -6.363866957744E+001  2.838779667819E+003
  7.104789251987E-002 -1.420139792345E+000 -6.113469542580E+001  2.770827283739E+003
  7.194707942599E-002 -1.474000211469E+000 -5.867337084797E+001  2.703993232657E+003
  7.285268511573E-002 -1.526035386309E+000 -5.625450056664E+001  2.638261343962E+003
  7.376472936684E-002 -1.576253710225E+000 -5.387788598635E+001  2.573615797852E+003
  7.468323212221E-002 -1.624664077199E+000 -5.154332519296E+001  2.510041126299E+003
  7.560821349078E-002 -1.671275877123E+000 -4.925061294297E+001  2.447522213038E+003
  7.653969374850E-002 -1.716098990973E+000 -4.699954064353E+001  2.386044292630E+003
  7.747769333938E-002 -1.759143785877E+000 -4.478989632386E+001  2.325592948644E+003
  7.842223287637E-002 -1.800421110061E+000 -4.262146459894E+001  2.266154110985E+003
  7.937333314243E-002 -1.839942287656E+000 -4.049402662628E+001  2.207714052427E+003
  8.033101509154E-002 -1.877719113365E+000 -3.840736005647E+001  2.150259384381E+003
  8.129529984966E-002 -1.913763846982E+000 -3.636123897848E+001  2.093777051953E+003
  8.226620871580E-002 -1.948089207748E+000 -3.435543386028E+001  2.038254328319E+003
  8.324376316303E-002 -1.980708368542E+000 -3.238971148572E+001  1.983678808486E+003
  8.422798483957E-002 -2.011634949898E+000 -3.046383488839E+001  1.930038402451E+003
  8.521889556978E-002 -2.040883013842E+000 -2.857756328314E+001  1.877321327829E+003
  8.621651735528E-002 -2.068467057539E+000 -2.673065199608E+001  1.825516101982E+003
  8.722087237602E-002 -2.094402006747E+000 -2.492285239374E+001  1.774611533688E+003
  8.823198299134E-002 -2.118703209083E+000 -2.315391181204E+001  1.724596714402E+003
  8.924987174107E-002 -2.141386427070E+000 -2.142357348584E+001  1.675461009147E+003
  9.027456134670E-002 -2.162467830998E+000 -1.973157647968E+001  1.627194047074E+003
  9.130607471240E-002 -2.181963991557E+000 -1.807765562025E+001  1.579785711739E+003
  9.234443492626E-002 -2.199891872275E+000 -1.646154143138E+001  1.533226131133E+003
  9.338966526132E-002 -2.216268821735E+000 -1.488296007197E+001  1.487505667502E+003
  9.444178917683E-002 -2.231112565575E+000 -1.334163327744E+001  1.442614907005E+003
  9.550083031933E-002 -2.244441198282E+000 -1.183727830535E+001  1.398544649236E+003
  9.656681252387E-002 -2.256273174769E+000 -1.036960788547E+001  1.355285896657E+003
  9.763975981519E-002 -2.266627301729E+000 -8.938330174967E+000  1.312829843975E+003
  9.871969640891E-002 -2.275522728794E+000 -7.543148719016E+000  1.271167867490E+003
  9.980664671274E-002 -2.282978939470E+000 -6.183762417317E+000  1.230291514456E+003
  1.009006353277E-001 -2.289015741872E+000 -4.859865496832E+000  1.190192492493E+003
  1.020016870494E-001 -2.293653259255E+000 -3.571147491125E+000  1.150862659058E+003
  1.031098268692E-001 -2.296911920343E+000 -2.317293226596E+000  1.112294011034E+003
  1.042250799756E-001 -2.298812449469E+000 -1.097982815898E+000  1.074478674437E+003
  1.053474717553E-001 -2.299375856519E+000  8.710834122661E-002  1.037408894292E+003
  1.064770277946E-001 -2.298623426695E+000  1.238309549467E+000  1.001077024688E+003
  1.076137738809E-001 -2.296576710108E+000  2.355954801647E+000  9.654755190394E+002
  1.087577360036E-001 -2.293257511191E+000  3.440382754458E+000  9.305969205801E+002
  1.099089403557E-001 -2.288687877953E+000  4.491936696095E+000  8.964338531078E+002
  1.110674133350E-001 -2.282890091086E+000  5.510964505719E+000  8.629790119987E+002
  1.122331815458E-001 -2.275886652914E+000  6.497818604679E+000  8.302251555109E+002
  1.134062717995E-001 -2.267700276215E+000  7.452855899469E+000  7.981650963935E+002
  1.145867111168E-001 -2.258353872913E+000  8.376437716425E+000  7.667916938156E+002
  1.157745267286E-001 -2.247870542649E+000  9.268929728180E+000  7.360978456298E+002
  1.169697460775E-001 -2.236273561252E+000  1.013070187195E+001  7.060764809810E+002
  1.181723968193E-001 -2.223586369103E+000  1.096212825972E+001  6.767205532729E+002
  1.193825068243E-001 -2.209832559422E+000  1.176358708048E+001  6.480230335003E+002
  1.206001041787E-001 -2.195035866478E+000  1.253546049455E+001  6.199769039550E+002
  1.218252171865E-001 -2.179220153729E+000  1.327813452029E+001  5.925751523124E+002
  1.230578743703E-001 -2.162409401919E+000  1.399199891330E+001  5.658107661040E+002
  1.242981044731E-001 -2.144627697129E+000  1.467744703828E+001  5.396767275783E+002
  1.255459364600E-001 -2.125899218799E+000  1.533487573384E+001  5.141660089545E+002
  1.268013995194E-001 -2.106248227740E+000  1.596468517056E+001  4.892715680688E+002
  1.280645230647E-001 -2.085699054130E+000  1.656727870236E+001  4.649863444136E+002
  1.293353367356E-001 -2.064276085530E+000  1.714306271170E+001  4.413032555688E+002
  1.306138704000E-001 -2.042003754914E+000  1.769244644880E+001  4.182151940232E+002
  1.319001541553E-001 -2.018906528729E+000  1.821584186509E+001  3.957150243812E+002
  1.331942183303E-001 -1.995008895004E+000  1.871366344151E+001  3.737955809518E+002
  1.344960934863E-001 -1.970335351512E+000  1.918632801158E+001  3.524496657143E+002
  1.358058104191E-001 -1.944910394002E+000  1.963425458004E+001  3.316700466532E+002
  1.371234001607E-001 -1.918758504509E+000  2.005786413708E+001  3.114494564566E+002
  1.384488939805E-001 -1.891904139761E+000  2.045757946864E+001  2.917805915685E+002
  1.397823233874E-001 -1.864371719681E+000  2.083382496325E+001  2.726561115875E+002
  1.411237201313E-001 -1.836185616012E+000  2.118702641562E+001  2.540686390006E+002
  1.424731162050E-001 -1.807370141060E+000  2.151761082750E+001  2.360107592437E+002
  1.438305438454E-001 -1.777949536581E+000  2.182600620611E+001  2.184750210760E+002
  1.451960355357E-001 -1.747947962812E+000  2.211264136065E+001  2.014539372575E+002
  1.465696240072E-001 -1.717389487655E+000  2.237794569705E+001  1.849399855183E+002
  1.479513422405E-001 -1.686298076035E+000  2.262234901167E+001  1.689256098056E+002
  1.493412234681E-001 -1.654697579430E+000  2.284628128404E+001  1.534032217962E+002
  1.507393011753E-001 -1.622611725592E+000  2.305017246923E+001  1.383652026617E+002
  1.521456091027E-001 -1.590064108455E+000  2.323445229015E+001  1.238039050716E+002
  1.535601812478E-001 -1.557078178253E+000  2.339955003010E+001  1.097116554206E+002
  1.549830518669E-001 -1.523677231849E+000  2.354589432614E+001  9.608075626767E+001
  1.564142554766E-001 -1.489884403277E+000  2.367391296336E+001  8.290348896914E+001
  1.578538268564E-001 -1.455722654513E+000  2.378403267070E+001  7.017211649508E+001
  1.593018010499E-001 -1.421214766485E+000  2.387667891845E+001  5.787888641186E+001
  1.607582133673E-001 -1.386383330309E+000  2.395227571788E+001  4.601603401759E+001
  1.622230993867E-001 -1.351250738781E+000  2.401124542329E+001  3.457578561552E+001
  1.636964949568E-001 -1.315839178112E+000  2.405400853684E+001  2.355036191117E+001
  1.651784361984E-001 -1.280170619921E+000  2.408098351640E+001  1.293198151861E+001
  1.666689595063E-001 -1.244266813487E+000  2.409258658677E+001  2.712864561952E+000
  1.681681015517E-001 -1.208149278260E+000  2.408923155454E+001 -7.114763642121E+000
  1.696758992842E-001 -1.171839296645E+000  2.407132962688E+001 -1.655866883455E+001
  1.711923899335E-001 -1.135357907047E+000  2.403928923441E+001 -2.562660401029E+001
  1.727176110118E-001 -1.098725897197E+000  2.399351585855E+001 -3.432630557425E+001
  1.742516003158E-001 -1.061963797740E+000  2.393441186348E+001 -4.266548946956E+001
  1.757943959287E-001 -1.025091876110E+000  2.386237633291E+001 -5.065184729100E+001
  1.773460362227E-001 -9.881301306694E-001  2.377780491190E+001 -5.829304239551E+001
  1.789065598608E-001 -9.510982851352E-001  2.368108965392E+001 -6.559670602190E+001
  1.804760057990E-001 -9.140157832734E-001  2.357261887327E+001 -7.257043343096E+001
  1.820544132889E-001 -8.769017838743E-001  2.345277700301E+001 -7.922178007701E+001
  1.836418218792E-001 -8.397751560008E-001  2.332194445863E+001 -8.555825782144E+001
  1.852382714189E-001 -8.026544745120E-001  2.318049750741E+001 -9.158733119825E+001
  1.868438020586E-001 -7.655580158581E-001  2.302880814377E+001 -9.731641374110E+001
  1.884584542535E-001 -7.285037541464E-001  2.286724397049E+001 -1.027528643810E+002
  1.900822687655E-001 -6.915093574751E-001  2.269616808611E+001 -1.079039839233E+002
  1.917152866652E-001 -6.545921845318E-001  2.251593897829E+001 -1.127770116113E+002
  1.933575493349E-001 -6.177692814542E-001  2.232691042346E+001 -1.173791217857E+002
  1.950090984705E-001 -5.810573789495E-001  2.212943139255E+001 -1.217174206441E+002
  1.966699760840E-001 -5.444728896681E-001  2.192384596295E+001 -1.257989431104E+002
  1.983402245061E-001 -5.080319058284E-001  2.171049323667E+001 -1.296306498166E+002
  2.000198863884E-001 -4.717501970869E-001  2.148970726464E+001 -1.332194242053E+002
  2.017090047061E-001 -4.356432086509E-001  2.126181697721E+001 -1.365720697554E+002
  2.034076227605E-001 -3.997260596267E-001  2.102714612072E+001 -1.396953073371E+002
  2.051157841813E-001 -3.640135416005E-001  2.078601320013E+001 -1.425957726991E+002
  2.068335329293E-001 -3.285201174440E-001  2.053873142765E+001 -1.452800140914E+002
  2.085609132993E-001 -2.932599203419E-001  2.028560867729E+001 -1.477544900261E+002
  2.102979699219E-001 -2.582467530333E-001  2.002694744521E+001 -1.500255671800E+002
  2.120447477670E-001 -2.234940872623E-001  1.976304481587E+001 -1.520995184388E+002
  2.138012921459E-001 -1.890150634321E-001  1.949419243366E+001 -1.539825210854E+002
  2.155676487143E-001 -1.548224904547E-001  1.922067648023E+001 -1.556806551330E+002
  2.173438634747E-001 -1.209288457926E-001  1.894277765702E+001 -1.571999018035E+002
  2.191299827795E-001 -8.734627568382E-002  1.866077117317E+001 -1.585461421505E+002
  2.209260533334E-001 -5.408659554498E-002  1.837492673845E+001 -1.597251558278E+002
  2.227321221965E-001 -2.116129054608E-002  1.808550856119E+001 -1.607426200008E+002
  2.245482367870E-001  1.141848364982E-002  1.779277535101E+001 -1.616041084015E+002
  2.263744448840E-001  4.364189998834E-002  1.749698032621E+001 -1.623150905236E+002
  2.282107946304E-001  7.549845897339E-002  1.719837122562E+001 -1.628809309579E+002
  2.300573345358E-001  1.069779874711E-001  1.689719032473E+001 -1.633068888633E+002
  2.319141134796E-001  1.380706373742E-001  1.659367445608E+001 -1.635981175732E+002
  2.337811807137E-001  1.687668841340E-001  1.628805503344E+001 -1.637596643328E+002
  2.356585858657E-001  1.990575251648E-001  1.598055807997E+001 -1.637964701651E+002
  2.375463789419E-001  2.289336781284E-001  1.567140425982E+001 -1.637133698613E+002
  2.394446103301E-001  2.583867791040E-001  1.536080891322E+001 -1.635150920933E+002
  2.413533308032E-001  2.874085806492E-001  1.504898209488E+001 -1.632062596432E+002
  2.432725915217E-001  3.159911497594E-001  1.473612861529E+001 -1.627913897468E+002
  2.452024440374E-001  3.441268657288E-001  1.442244808506E+001 -1.622748945461E+002
  2.471429402963E-001  3.718084179213E-001  1.410813496185E+001 -1.616610816470E+002
  2.490941326418E-001  3.990288034551E-001  1.379337859982E+001 -1.609541547777E+002
  2.510560738180E-001  4.257813248067E-001  1.347836330147E+001 -1.601582145428E+002
  2.530288169732E-001  4.520595873391E-001  1.316326837155E+001 -1.592772592693E+002
  2.550124156627E-001  4.778574967599E-001  1.284826817304E+001 -1.583151859386E+002
  2.570069238527E-001  5.031692565136E-001  1.253353218485E+001 -1.572757912003E+002
  2.590123959233E-001  5.279893651118E-001  1.221922506124E+001 -1.561627724639E+002
  2.610288866721E-001  5.523126134079E-001  1.190550669260E+001 -1.549797290610E+002
  2.630564513176E-001  5.761340818178E-001  1.159253226770E+001 -1.537301634760E+002
  2.650951455027E-001  5.994491374926E-001  1.128045233691E+001 -1.524174826386E+002
  2.671450252982E-001  6.222534314464E-001  1.096941287658E+001 -1.510449992735E+002
  2.692061472063E-001  6.445428956424E-001  1.065955535420E+001 -1.496159333034E+002
  2.712785681644E-001  6.663137400411E-001  1.035101679424E+001 -1.481334132990E+002
  2.733623455485E-001  6.875624496140E-001  1.004392984463E+001 -1.466004779727E+002
  2.754575371771E-001  7.082857813252E-001  9.738422843670E+000 -1.450200777112E+002
  2.775642013146E-001  7.284807610839E-001  9.434619887191E+000 -1.433950761407E+002
  2.796823966754E-001  7.481446806709E-001  9.132640895999E+000 -1.417282517233E+002
  2.818121824272E-001  7.672750946402E-001  8.832601683345E+000 -1.400222993770E+002
  2.839536181956E-001  7.858698171994E-001  8.534614022384E+000 -1.382798321181E+002
  2.861067640671E-001  8.039269190696E-001  8.238785713501E+000 -1.365033827190E+002
  2.882716805935E-001  8.214447243280E-001  7.945220651412E+000 -1.346954053799E+002
  2.904484287958E-001  8.384218072325E-001  7.654018891954E+000 -1.328582774092E+002
  2.926370701682E-001  8.548569890333E-001  7.365276718464E+000 -1.309943009091E+002
  2.948376666818E-001  8.707493347686E-001  7.079086707691E+000 -1.291057044629E+002
  2.970502807892E-001  8.860981500493E-001  6.795537795156E+000 -1.271946448211E+002
  2.992749754281E-001  9.009029778309E-001  6.514715339896E+000 -1.252632085823E+002
  3.015118140259E-001  9.151635951751E-001  6.236701188538E+000 -1.233134138666E+002
  3.037608605035E-001  9.288800100010E-001  5.961573738641E+000 -1.213472119774E+002
  3.060221792797E-001  9.420524578266E-001  5.689408001271E+000 -1.193664890510E+002
  3.082958352758E-001  9.546813985006E-001  5.420275662753E+000 -1.173730676889E+002
  3.105818939192E-001  9.667675129260E-001  5.154245145575E+000 -1.153687085722E+002
  3.128804211487E-001  9.783116997742E-001  4.891381668409E+000 -1.133551120555E+002
  3.151914834180E-001  9.893150721904E-001  4.631747305215E+000 -1.113339197373E+002
  3.175151477009E-001  9.997789544904E-001  4.375401043432E+000 -1.093067160068E+002
  3.198514814953E-001  1.009704878848E+000  4.122398841208E+000 -1.072750295636E+002
  3.222005528283E-001  1.019094581975E+000  3.872793683682E+000 -1.052403349099E+002
  3.245624302601E-001  1.027950001789E+000  3.626635638307E+000 -1.032040538131E+002
  3.269371828894E-001  1.036273274073E+000  3.383971909205E+000 -1.011675567381E+002
  3.293248803576E-001  1.044066729125E+000  3.144846890561E+000 -9.913216424809E+001
  3.317255928537E-001  1.051332888400E+000  2.909302219062E+000 -9.709914837276E+001
  3.341393911192E-001  1.058074461133E+000  2.677376825392E+000 -9.506973394303E+001
  3.365663464529E-001  1.064294340962E+000  2.449106984795E+000 -9.304509989211E+001
  3.390065307159E-001  1.069995602528E+000  2.224526366718E+000 -9.102638052206E+001
  3.414600163363E-001  1.075181498068E+000  2.003666083561E+000 -8.901466673557E+001
  3.439268763145E-001  1.079855454000E+000  1.786554738549E+000 -8.701100723278E+001
  3.464071842282E-001  1.084021067485E+000  1.573218472758E+000 -8.501640967292E+001
  3.489010142374E-001  1.087682102979E+000  1.363681011313E+000 -8.303184180091E+001
  3.514084410898E-001  1.090842488778E+000  1.157963708794E+000 -8.105823253900E+001
  3.539295401259E-001  1.093506313534E+000  9.560855938765E-001 -7.909647304356E+001
  3.564643872842E-001  1.095677822770E+000  7.580634132393E-001 -7.714741772755E+001
  3.590130591069E-001  1.097361415370E+000  5.639116747745E-001 -7.521188524892E+001
  3.615756327448E-001  1.098561640060E+000  3.736426901324E-001 -7.329065946554E+001
  3.641521859632E-001  1.099283191868E+000  1.872666166376E-001 -7.138449035717E+001
  3.667427971473E-001  1.099530908570E+000  4.791498611505E-003 -6.949409491527E+001
  3.693475453076E-001  1.099309767121E+000 -1.737766918615E-001 -6.762015800118E+001
  3.719665100860E-001  1.098624880069E+000 -3.484340146876E-001 -6.576333317367E+001
  3.745997717609E-001  1.097481491949E+000 -5.191785220011E-001 -6.392424348656E+001
  3.772474112534E-001  1.095884975667E+000 -6.860102188477E-001 -6.210348225737E+001
  3.799095101331E-001  1.093840828865E+000 -8.489310242783E-001 -6.030161380797E+001
  3.825861506238E-001  1.091354670269E+000 -1.007944732818E+000 -5.851917417818E+001
  3.852774156096E-001  1.088432236023E+000 -1.163056976271E+000 -5.675667181327E+001
  3.879833886411E-001  1.085079376009E+000 -1.314275185838E+000 -5.501458822662E+001
  3.907041539409E-001  1.081302050150E+000 -1.461608554495E+000 -5.329337863831E+001
  3.934397964105E-001  1.077106324702E+000 -1.605067999615E+000 -5.159347259102E+001
  3.961904016361E-001  1.072498368528E+000 -1.744666125804E+000 -4.991527454404E+001
  3.989560558949E-001  1.067484449366E+000 -1.880417187902E+000 -4.825916444681E+001
  4.017368461617E-001  1.062070930080E+000 -2.012337054144E+000 -4.662549829279E+001
  4.045328601149E-001  1.056264264903E+000 -2.140443169438E+000 -4.501460865500E+001
  4.073441861437E-001  1.050070995670E+000 -2.264754518741E+000 -4.342680520420E+001
  4.101709133538E-001  1.043497748039E+000 -2.385291590511E+000 -4.186237521082E+001
  4.130131315750E-001  1.036551227713E+000 -2.502076340204E+000 -4.032158403174E+001
  4.158709313670E-001  1.029238216646E+000 -2.615132153808E+000 -3.880467558293E+001
  4.187444040269E-001  1.021565569251E+000 -2.724483811390E+000 -3.731187279910E+001
  4.216336415958E-001  1.013540208601E+000 -2.830157450637E+000 -3.584337808115E+001
  4.245387368658E-001  1.005169122633E+000 -2.932180530376E+000 -3.439937373266E+001
  4.274597833869E-001  9.964593603455E-001 -3.030581794077E+000 -3.298002238621E+001
  4.303968754741E-001  9.874180280039E-001 -3.125391233297E+000 -3.158546742049E+001
  4.333501082151E-001  9.780522853437E-001 -3.216640051091E+000 -3.021583336912E+001
  4.363195774768E-001  9.683693417828E-001 -3.304360625360E+000 -2.887122632202E+001
  4.393053799131E-001  9.583764526387E-001 -3.388586472138E+000 -2.755173432008E+001
  4.423076129724E-001  9.480809153554E-001 -3.469352208819E+000 -2.625742774410E+001
  4.453263749047E-001  9.374900657409E-001 -3.546693517322E+000 -2.498835969844E+001
  4.483617647698E-001  9.266112742177E-001 -3.620647107190E+000 -2.374456639042E+001
  4.514138824444E-001  9.154519420879E-001 -3.691250678636E+000 -2.252606750577E+001
  4.544828286302E-001  9.040194978158E-001 -3.758542885525E+000 -2.133286658107E+001
  4.575687048617E-001  8.923213933296E-001 -3.822563298322E+000 -2.016495137354E+001
  4.606716135142E-001  8.803651003440E-001 -3.883352366994E+000 -1.902229422872E+001
  4.637916578118E-001  8.681581067067E-001 -3.940951383879E+000 -1.790485244665E+001
  4.669289418353E-001  8.557079127707E-001 -3.995402446551E+000 -1.681256864685E+001
  4.700835705309E-001  8.430220277942E-001 -4.046748420666E+000 -1.574537113254E+001
  4.732556497182E-001  8.301079663708E-001 -4.095032902835E+000 -1.470317425454E+001
  4.764452860985E-001  8.169732448923E-001 -4.140300183508E+000 -1.368587877495E+001
  4.796525872639E-001  8.036253780456E-001 -4.182595209915E+000 -1.269337223113E+001
  4.828776617050E-001  7.900718753467E-001 -4.221963549064E+000 -1.172552930003E+001
  4.861206188205E-001  7.763202377138E-001 -4.258451350823E+000 -1.078221216310E+001
  4.893815689254E-001  7.623779540816E-001 -4.292105311104E+000 -9.863270871985E+000
  4.926606232602E-001  7.482524980584E-001 -4.322972635176E+000 -8.968543715005E+000
  4.959578939999E-001  7.339513246292E-001 -4.351101001118E+000 -8.097857584640E+000
  4.992734942630E-001  7.194818669066E-001 -4.376538523451E+000 -7.251028345915E+000
  5.026075381207E-001  7.048515329303E-001 -4.399333716960E+000 -6.427861205782E+000
  5.059601406064E-001  6.900677025193E-001 -4.419535460737E+000 -5.628151083435E+000
  5.093314177250E-001  6.751377241771E-001 -4.437192962466E+000 -4.851682981508E+000
  5.127214864626E-001  6.600689120526E-001 -4.452355722980E+000 -4.098232358064E+000
  5.161304647959E-001  6.448685429583E-001 -4.465073501114E+000 -3.367565499270E+000
  5.195584717022E-001  6.295438534478E-001 -4.475396278878E+000 -2.659439892601E+000
  5.230056271692E-001  6.141020369538E-001 -4.483374226974E+000 -1.973604600422E+000
  5.264720522050E-001  5.985502409892E-001 -4.489057670696E+000 -1.309800633746E+000
  5.299578688483E-001  5.828955644121E-001 -4.492497056219E+000 -6.677613259771E-001
  5.334632001783E-001  5.671450547564E-001 -4.493742917319E+000 -4.721270638366E-002
  5.369881703256E-001  5.513057056296E-001 -4.492845842543E+000  5.521261269147E-001
  5.405329044823E-001  5.353844541790E-001 -4.489856442857E+000  1.130542634730E+000
  5.440975289128E-001  5.193881786279E-001 -4.484825319794E+000  1.688330465625E+000
  5.476821709641E-001  5.033236958825E-001 -4.477803034125E+000  2.225789086053E+000
  5.512869590774E-001  4.871977592111E-001 -4.468840075084E+000  2.743223412128E+000
  5.549120227985E-001  4.710170559958E-001 -4.457986830167E+000  3.240943443318E+000
  5.585574927889E-001  4.547882055589E-001 -4.445293555523E+000  3.719263898385E+000
  5.622235008375E-001  4.385177570640E-001 -4.430810346966E+000  4.178503853894E+000
  5.659101798716E-001  4.222121874918E-001 -4.414587111625E+000  4.618986385604E+000
  5.696176639685E-001  4.058778996936E-001 -4.396673540253E+000  5.041038213075E+000
  5.733460883672E-001  3.895212205198E-001 -4.377119080216E+000  5.444989347825E+000
  5.770955894803E-001  3.731483990271E-001 -4.355972909178E+000  5.831172745345E+000
  5.808663049055E-001  3.567656047622E-001 -4.333283909503E+000  6.199923961321E+000
  5.846583734383E-001  3.403789261237E-001 -4.309100643387E+000  6.551580812370E+000
  5.884719350837E-001  3.239943688018E-001 -4.283471328734E+000  6.886483041610E+000
  5.923071310690E-001  3.076178542959E-001 -4.256443815796E+000  7.204971989384E+000
  5.961641038558E-001  2.912552185103E-001 -4.228065564588E+000  7.507390269439E+000
  6.000429971532E-001  2.749122104273E-001 -4.198383623083E+000  7.794081450857E+000
  6.039439559304E-001  2.585944908583E-001 -4.167444606212E+000  8.065389746033E+000
  6.078671264295E-001  2.423076312718E-001 -4.135294675657E+000  8.321659704978E+000
  6.118126561791E-001  2.260571126981E-001 -4.101979520473E+000  8.563235916209E+000
  6.157806940069E-001  2.098483247104E-001 -4.067544338522E+000  8.790462714501E+000
  6.197713900541E-001  1.936865644818E-001 -4.032033818731E+000  9.003683895729E+000
  6.237848957880E-001  1.775770359164E-001 -3.995492124195E+000  9.203242439048E+000
  6.278213640166E-001  1.615248488557E-001 -3.957962876096E+000  9.389480236616E+000
  6.318809489022E-001  1.455350183572E-001 -3.919489138473E+000  9.562737831080E+000
  6.359638059756E-001  1.296124640465E-001 -3.880113403823E+000  9.723354161005E+000
  6.400700921502E-001  1.137620095396E-001 -3.839877579541E+000  9.871666314435E+000
  6.441999657370E-001  9.798838193619E-002 -3.798822975189E+000  1.000800929073E+001
  6.483535864586E-001  8.229621138196E-002 -3.756990290606E+000  1.013271577082E+001
  6.525311154647E-001  6.669003069829E-002 -3.714419604838E+000  1.024611589608E+001
  6.567327153465E-001  5.117427507897E-002 -3.671150365894E+000  1.034853705577E+001
  6.609585501525E-001  3.575328185184E-002 -3.627221381316E+000  1.044030368337E+001
  6.652087854034E-001  2.043129030419E-002 -3.582670809561E+000  1.052173706164E+001
  6.694835881080E-001  5.212441570460E-003 -3.537536152177E+000  1.059315513671E+001
  6.737831267789E-001 -9.899221419347E-003 -3.491854246768E+000  1.065487234107E+001
  6.781075714485E-001 -2.489975393214E-002 -3.445661260751E+000  1.070719942553E+001
  6.824570936852E-001 -3.978530936669E-002 -3.398992685857E+000  1.075044330027E+001
  6.868318666096E-001 -5.455213913272E-002 -3.351883333410E+000  1.078490688486E+001
  6.912320649114E-001 -6.919659247586E-002 -3.304367330330E+000  1.081088896725E+001
  6.956578648660E-001 -8.371511625028E-002 -3.256478115869E+000  1.082868407178E+001
  7.001094443516E-001 -9.810425464054E-002 -3.208248439057E+000  1.083858233606E+001
  7.045869828664E-001 -1.123606488348E-001 -3.159710356841E+000  1.084086939676E+001
  7.090906615461E-001 -1.264810366507E-001 -3.110895232904E+000  1.083582628414E+001
  7.136206631812E-001 -1.404622521168E-001 -3.061833737139E+000  1.082372932530E+001
  7.181771722357E-001 -1.543012250093E-001 -3.012555845771E+000  1.080485005603E+001
  7.227603748644E-001 -1.679949803490E-001 -2.963090842097E+000  1.077945514110E+001
  7.273704589315E-001 -1.815406378572E-001 -2.913467317832E+000  1.074780630298E+001
  7.320076140295E-001 -1.949354113748E-001 -2.863713175038E+000  1.071016025865E+001
  7.366720314977E-001 -2.081766082450E-001 -2.813855628612E+000  1.066676866465E+001
  7.413639044413E-001 -2.212616286621E-001 -2.763921209326E+000  1.061787806980E+001
  7.460834277508E-001 -2.341879649882E-001 -2.713935767378E+000  1.056372987589E+001
  7.508307981215E-001 -2.469532010399E-001 -2.663924476447E+000  1.050456030572E+001
  7.556062140732E-001 -2.595550113457E-001 -2.613911838232E+000  1.044060037861E+001
  7.604098759705E-001 -2.719911603775E-001 -2.563921687433E+000  1.037207589302E+001
  7.652419860431E-001 -2.842595017565E-001 -2.513977197183E+000  1.029920741615E+001
  7.701027484060E-001 -2.963579774370E-001 -2.464100884882E+000  1.022221028025E+001
  7.749923690810E-001 -3.082846168674E-001 -2.414314618419E+000  1.014129458545E+001
  7.799110560171E-001 -3.200375361326E-001 -2.364639622775E+000  1.005666520893E+001
  7.848590191124E-001 -3.316149370779E-001 -2.315096486955E+000  9.968521820036E+000
  7.898364702358E-001 -3.430151064165E-001 -2.265705171259E+000  9.877058901372E+000
  7.948436232486E-001 -3.542364148223E-001 -2.216485014842E+000  9.782465775344E+000
  7.998806940270E-001 -3.652773160091E-001 -2.167454743562E+000  9.684926636123E+000
  8.049479004846E-001 -3.761363457988E-001 -2.118632478086E+000  9.584620586674E+000
  8.100454625952E-001 -3.868121211780E-001 -2.070035742232E+000  9.481721680643E+000
  8.151736024160E-001 -3.973033393472E-001 -2.021681471521E+000  9.376398968844E+000
  8.203325441110E-001 -4.076087767614E-001 -1.973586021939E+000  9.268816550092E+000
  8.255225139746E-001 -4.177272881648E-001 -1.925765178859E+000  9.159133626142E+000
  8.307437404560E-001 -4.276578056205E-001 -1.878234166129E+000  9.047504560479E+000
  8.359964541833E-001 -4.373993375369E-001 -1.831007655291E+000  8.934078940707E+000
  8.412808879885E-001 -4.469509676905E-001 -1.784099774917E+000  8.819001644297E+000
  8.465972769320E-001 -4.563118542484E-001 -1.737524120045E+000  8.702412907448E+000
  8.519458583285E-001 -4.654812287890E-001 -1.691293761694E+000  8.584448396814E+000
  8.573268717726E-001 -4.744583953246E-001 -1.645421256444E+000  8.465239283856E+000
  8.627405591648E-001 -4.832427293242E-001 -1.599918656058E+000  8.344912321599E+000
  8.681871647376E-001 -4.918336767396E-001 -1.554797517137E+000  8.223589923531E+000
  8.736669350829E-001 -5.002307530334E-001 -1.510068910789E+000  8.101390244454E+000
  8.791801191785E-001 -5.084335422122E-001 -1.465743432293E+000  7.978427263028E+000
  8.847269684160E-001 -5.164416958633E-001 -1.421831210750E+000  7.854810865816E+000
  8.903077366283E-001 -5.242549321970E-001 -1.378341918708E+000  7.730646932599E+000
  8.959226801184E-001 -5.318730350943E-001 -1.335284781733E+000  7.606037422769E+000
  9.015720576873E-001 -5.392958531613E-001 -1.292668587941E+000  7.481080462585E+000
  9.072561306635E-001 -5.465232987897E-001 -1.250501697446E+000  7.355870433108E+000
  9.129751629322E-001 -5.535553472246E-001 -1.208792051743E+000  7.230498058613E+000
  9.187294209652E-001 -5.603920356402E-001 -1.167547182995E+000  7.105050495320E+000
  9.245191738511E-001 -5.670334622221E-001 -1.126774223224E+000  6.979611420238E+000
  9.303446933257E-001 -5.734797852589E-001 -1.086479913395E+000  6.854261119985E+000
  9.362062538036E-001 -5.797312222405E-001 -1.046670612381E+000  6.729076579395E+000
  9.421041324088E-001 -5.857880489656E-001 -1.007352305809E+000  6.604131569787E+000
  9.480386090075E-001 -5.916505986574E-001 -9.685306147675E-001  6.479496736728E+000
  9.540099662399E-001 -5.973192610873E-001 -9.302108043899E-001  6.355239687164E+000
  9.600184895530E-001 -6.027944817070E-001 -8.923977922801E-001  6.231425075788E+000
  9.660644672342E-001 -6.080767607897E-001 -8.550961568003E-001  6.108114690514E+000
  9.721481904447E-001 -6.131666525779E-001 -8.183101452022E-001  5.985367536954E+000
  9.782699532537E-001 -6.180647644409E-001 -7.820436816030E-001  5.863239921787E+000
  9.844300526731E-001 -6.227717560392E-001 -7.463003748022E-001  5.741785534910E+000
  9.906287886927E-001 -6.272883384969E-001 -7.110835259360E-001  5.621055530297E+000
  9.968664643158E-001 -6.316152735817E-001 -6.763961359673E-001  5.501098605467E+000
  1.003143385595E+000 -6.357533728912E-001 -6.422409130112E-001  5.381961079494E+000
  1.009459861670E+000 -6.397034970475E-001 -6.086202794930E-001  5.263686969477E+000
  1.015816204803E+000 -6.434665548970E-001 -5.755363791403E-001  5.146318065427E+000
  1.022212730417E+000 -6.470435027170E-001 -5.429910838074E-001  5.029894003495E+000
  1.028649757135E+000 -6.504353434279E-001 -5.109860001345E-001  4.914452337505E+000
  1.035127606818E+000 -6.536431258109E-001 -4.795224760414E-001  4.800028608749E+000
  1.041646604604E+000 -6.566679437309E-001 -4.486016070572E-001  4.686656414009E+000
  1.048207078948E+000 -6.595109353630E-001 -4.182242424896E-001  4.574367471768E+000
  1.054809361664E+000 -6.621732824243E-001 -3.883909914332E-001  4.463191686608E+000
  1.061453787962E+000 -6.646562094084E-001 -3.591022286225E-001  4.353157211756E+000
  1.068140696494E+000 -6.669609828240E-001 -3.303581001304E-001  4.244290509783E+000
  1.074870429395E+000 -6.690889104350E-001 -3.021585289166E-001  4.136616411448E+000
  1.081643332322E+000 -6.710413405038E-001 -2.745032202295E-001  4.030158172677E+000
  1.088459754505E+000 -6.728196610363E-001 -2.473916668650E-001  3.924937529703E+000
  1.095320048782E+000 -6.744252990274E-001 -2.208231542864E-001  3.820974752352E+000
  1.102224571653E+000 -6.758597197084E-001 -1.947967656111E-001  3.718288695515E+000
  1.109173683316E+000 -6.771244257936E-001 -1.693113864664E-001  3.616896848804E+000
  1.116167747721E+000 -6.782209567282E-001 -1.443657097206E-001  3.516815384427E+000
  1.123207132611E+000 -6.791508879338E-001 -1.199582400947E-001  3.418059203308E+000
  1.130292209573E+000 -6.799158300549E-001 -9.608729865825E-002  3.320641979481E+000
  1.137423354084E+000 -6.805174282023E-001 -7.275102721574E-002  3.224576202783E+000
  1.144600945560E+000 -6.809573611957E-001 -4.994739258799E-002  3.129873219906E+000
  1.151825367405E+000 -6.812373408037E-001 -2.767419079429E-002  3.036543273818E+000
  1.159097007063E+000 -6.813591109809E-001 -5.929051140246E-003  2.944595541618E+000
  1.166416256069E+000 -6.813244471027E-001  1.529055978320E-002  2.854038170863E+000
  1.173783510095E+000 -6.811351551961E-001  3.598733418429E-002  2.764878314400E+000
  1.181199169012E+000 -6.807930711675E-001  5.616411923322E-002  2.677122163776E+000
  1.188663636935E+000 -6.803000600260E-001  7.582391329797E-002  2.590774981254E+000
  1.196177322279E+000 -6.796580151026E-001  9.496986224799E-002  2.505841130492E+000
  1.203740637818E+000 -6.788688572655E-001  1.136052558206E-001  2.422324105943E+000
  1.211354000735E+000 -6.779345341300E-001  1.317335240450E-001  2.340226561024E+000
  1.219017832681E+000 -6.768570192643E-001  1.493582337196E-001  2.259550335100E+000
  1.226732559833E+000 -6.756383113894E-001  1.664830849370E-001  2.180296479354E+000
  1.234498612950E+000 -6.742804335745E-001  1.831119076523E-001  2.102465281573E+000
  1.242316427433E+000 -6.727854324272E-001  1.992486582914E-001  2.026056289932E+000
  1.250186443388E+000 -6.711553772777E-001  2.148974163926E-001  1.951068335803E+000
  1.258109105679E+000 -6.693923593584E-001  2.300623812797E-001  1.877499555655E+000
  1.266084863999E+000 -6.674984909778E-001  2.447478687619E-001  1.805347412101E+000
  1.274114172926E+000 -6.654759046884E-001  2.589583078558E-001  1.734608714136E+000
  1.282197491990E+000 -6.633267524505E-001  2.726982375271E-001  1.665279636617E+000
  1.290335285734E+000 -6.610532047896E-001  2.859723034488E-001  1.597355739040E+000
  1.298528023786E+000 -6.586574499492E-001  2.987852547719E-001  1.530831983664E+000
  1.306776180919E+000 -6.561416930385E-001  3.111419409055E-001  1.465702753020E+000
  1.315080237120E+000 -6.535081551747E-001  3.230473083058E-001  1.401961866859E+000
  1.323440677664E+000 -6.507590726219E-001  3.345063972685E-001  1.339602598586E+000
  1.331857993175E+000 -6.478966959236E-001  3.455243387250E-001  1.278617691213E+000
  1.340332679704E+000 -6.449232890331E-001  3.561063510386E-001  1.218999372884E+000
  1.348865238797E+000 -6.418411284379E-001  3.662577368006E-001  1.160739372003E+000
  1.357456177571E+000 -6.386525022820E-001  3.759838796231E-001  1.103828932009E+000
  1.366106008782E+000 -6.353597094844E-001  3.852902409288E-001  1.048258825829E+000
  1.374815250909E+000 -6.319650588539E-001  3.941823567357E-001  9.940193700474E-001
  1.383584428224E+000 -6.284708682022E-001  4.026658344366E-001  9.411004388270E-001
  1.392414070872E+000 -6.248794634544E-001  4.107463495721E-001  8.894914775990E-001
  1.401304714948E+000 -6.211931777579E-001  4.184296425978E-001  8.391815165671E-001
  1.410256902580E+000 -6.174143505893E-001  4.257215156446E-001  7.901591840408E-001
  1.419271182008E+000 -6.135453268609E-001  4.326278292726E-001  7.424127196270E-001
  1.428348107668E+000 -6.095884560270E-001  4.391544992190E-001  6.959299873016E-001
  1.437488240275E+000 -6.055460911894E-001  4.453074931405E-001  6.506984883809E-001
  1.446692146911E+000 -6.014205882041E-001  4.510928273505E-001  6.067053744125E-001
  1.455960401104E+000 -5.972143047885E-001  4.565165635525E-001  5.639374600019E-001
  1.465293582927E+000 -5.929295996311E-001  4.615848055703E-001  5.223812355890E-001
  1.474692279079E+000 -5.885688315019E-001  4.663036960770E-001  4.820228801885E-001
  1.484157082978E+000 -5.841343583669E-001  4.706794133230E-001  4.428482741036E-001
  1.493688594856E+000 -5.796285365045E-001  4.747181678659E-001  4.048430116248E-001
  1.503287421848E+000 -5.750537196267E-001  4.784261993023E-001  3.679924137182E-001
  1.512954178094E+000 -5.704122580040E-001  4.818097730058E-001  3.322815407116E-001
  1.522689484827E+000 -5.657064975954E-001  4.848751768701E-001  2.976952049819E-001
  1.532493970480E+000 -5.609387791838E-001  4.876287180621E-001  2.642179836454E-001
  1.542368270780E+000 -5.561114375174E-001  4.900767197853E-001  2.318342312542E-001
  1.552313028853E+000 -5.512268004581E-001  4.922255180562E-001  2.005280924970E-001
  1.562328895326E+000 -5.462871881361E-001  4.940814584966E-001  1.702835149021E-001
  1.572416528431E+000 -5.412949121134E-001  4.956508931437E-001  1.410842615425E-001
  1.582576594115E+000 -5.362522745546E-001  4.969401772803E-001  1.129139237353E-001
  1.592809766145E+000 -5.311615674074E-001  4.979556662880E-001  8.575593373379E-002
  1.603116726218E+000 -5.260250715916E-001  4.987037125259E-001  5.959357740284E-002
  1.613498164078E+000 -5.208450561983E-001  4.991906622373E-001  3.441000687298E-002
  1.623954777622E+000 -5.156237777003E-001  4.994228524868E-001  1.018825316320E-002
  1.634487273025E+000 -5.103634791722E-001  4.994066081306E-001 -1.308876123535E-002
  1.645096364848E+000 -5.050663895227E-001  4.991482388230E-001 -3.543820982493E-002
  1.655782776168E+000 -4.997347227385E-001  4.986540360605E-001 -5.687734962600E-002
  1.666547238688E+000 -4.943706771410E-001  4.979302702678E-001 -7.742350877232E-002
  1.677390492873E+000 -4.889764346552E-001  4.969831879262E-001 -9.709407418751E-002
  1.688313288066E+000 -4.835541600925E-001  4.958190087490E-001 -1.159064793549E-001
  1.699316382620E+000 -4.781060004468E-001  4.944439229048E-001 -1.338781921928E-001
  1.710400544029E+000 -4.726340842047E-001  4.928640882911E-001 -1.510267030471E-001
  1.721566549058E+000 -4.671405206705E-001  4.910856278622E-001 -1.673695128145E-001
  1.732815183877E+000 -4.616273993056E-001  4.891146270111E-001 -1.829241212081E-001
  1.744147244202E+000 -4.560967890833E-001  4.869571310103E-001 -1.977080151786E-001
  1.755563535430E+000 -4.505507378590E-001  4.846191425108E-001 -2.117386575035E-001
  1.767064872781E+000 -4.449912717565E-001  4.821066191037E-001 -2.250334755571E-001
  1.778652081442E+000 -4.394203945698E-001  4.794254709445E-001 -2.376098502735E-001
  1.790325996715E+000 -4.338400871816E-001  4.765815584436E-001 -2.494851053140E-001
  1.802087464166E+000 -4.282523069982E-001  4.735806900225E-001 -2.606764964529E-001
  1.813937339772E+000 -4.226589874013E-001  4.704286199392E-001 -2.712012011913E-001
  1.825876490081E+000 -4.170620372164E-001  4.671310461832E-001 -2.810763086103E-001
  1.837905792365E+000 -4.114633401989E-001  4.636936084419E-001 -2.903188094760E-001
  1.850026134778E+000 -4.058647545364E-001  4.601218861389E-001 -2.989455866049E-001
  1.862238416525E+000 -4.002681123698E-001  4.564213965461E-001 -3.069734055001E-001
  1.874543548019E+000 -3.946752193304E-001  4.525975929701E-001 -3.144189052681E-001
  1.886942451054E+000 -3.890878540954E-001  4.486558630133E-001 -3.212985898240E-001
  1.899436058973E+000 -3.835077679608E-001  4.446015269110E-001 -3.276288193942E-001
  1.912025316845E+000 -3.779366844317E-001  4.404398359451E-001 -3.334258023232E-001
  1.924711181638E+000 -3.723762988305E-001  4.361759709341E-001 -3.387055871914E-001
  1.937494622402E+000 -3.668282779222E-001  4.318150407998E-001 -3.434840552512E-001
  1.950376620452E+000 -3.612942595582E-001  4.273620812114E-001 -3.477769131851E-001
  1.963358169552E+000 -3.557758523365E-001  4.228220533069E-001 -3.515996861914E-001
  1.976440276109E+000 -3.502746352800E-001  4.181998424903E-001 -3.549677114018E-001
  1.989623959360E+000 -3.447921575324E-001  4.135002573068E-001 -3.578961316339E-001
  2.002910251577E+000 -3.393299380707E-001  4.087280283928E-001 -3.603998894799E-001
  2.016300198259E+000 -3.338894654353E-001  4.038878075029E-001 -3.624937217361E-001
  2.029794858340E+000 -3.284721974771E-001  3.989841666111E-001 -3.641921541711E-001
  2.043395304396E+000 -3.230795611214E-001  3.940215970863E-001 -3.655094966355E-001
  2.057102622856E+000 -3.177129521482E-001  3.890045089418E-001 -3.664598385107E-001
  2.070917914217E+000 -3.123737349901E-001  3.839372301567E-001 -3.670570444976E-001
  2.084842293261E+000 -3.070632425451E-001  3.788240060691E-001 -3.673147507420E-001
  2.098876889283E+000 -3.017827760069E-001  3.736689988392E-001 -3.672463612946E-001
  2.113022846310E+000 -2.965336047105E-001  3.684762869815E-001 -3.668650449025E-001
  2.127281323341E+000 -2.913169659936E-001  3.632498649649E-001 -3.661837321288E-001
  2.141653494575E+000 -2.861340650741E-001  3.579936428781E-001 -3.652151127949E-001
  2.156140549656E+000 -2.809860749420E-001  3.527114461610E-001 -3.639716337410E-001
  2.170743693911E+000 -2.758741362678E-001  3.474070153983E-001 -3.624654968999E-001
  2.185464148607E+000 -2.707993573242E-001  3.420840061745E-001 -3.607086576762E-001
  2.200303151197E+000 -2.657628139241E-001  3.367459889895E-001 -3.587128236263E-001
  2.215261955581E+000 -2.607655493719E-001  3.313964492318E-001 -3.564894534300E-001
  2.230341832367E+000 -2.558085744294E-001  3.260387872078E-001 -3.540497561480E-001
  2.245544069142E+000 -2.508928672961E-001  3.206763182260E-001 -3.514046907558E-001
  2.260869970742E+000 -2.460193736027E-001  3.153122727338E-001 -3.485649659462E-001
  2.276320859530E+000 -2.411890064184E-001  3.099497965048E-001 -3.455410401917E-001
  2.291898075679E+000 -2.364026462719E-001  3.045919508756E-001 -3.423431220577E-001
  2.307602977460E+000 -2.316611411847E-001  2.992417130290E-001 -3.389811707565E-001
  2.323436941540E+000 -2.269653067186E-001  2.939019763228E-001 -3.354648969338E-001
  2.339401363274E+000 -2.223159260345E-001  2.885755506618E-001 -3.318037636765E-001
  2.355497657016E+000 -2.177137499648E-001  2.832651629108E-001 -3.280069877323E-001
  2.371727256428E+000 -2.131594970978E-001  2.779734573481E-001 -3.240835409321E-001
  2.388091614797E+000 -2.086538538743E-001  2.727029961553E-001 -3.200421518028E-001
  2.404592205358E+000 -2.041974746960E-001  2.674562599446E-001 -3.158913073620E-001
  2.421230521622E+000 -1.997909820463E-001  2.622356483188E-001 -3.116392550839E-001
  2.438008077714E+000 -1.954349666222E-001  2.570434804646E-001 -3.072940050258E-001
  2.454926408713E+000 -1.911299874778E-001  2.518819957760E-001 -3.028633321051E-001
  2.471987071003E+000 -1.868765721802E-001  2.467533545072E-001 -2.983547785163E-001
  2.489191642624E+000 -1.826752169751E-001  2.416596384528E-001 -2.937756562791E-001
  2.506541723641E+000 -1.785263869650E-001  2.366028516534E-001 -2.891330499066E-001
  2.524038936507E+000 -1.744305162974E-001  2.315849211261E-001 -2.844338191834E-001
  2.541684926444E+000 -1.703880083653E-001  2.266076976183E-001 -2.796846020457E-001
  2.559481361827E+000 -1.663992360170E-001  2.216729563817E-001 -2.748918175531E-001
  2.577429934572E+000 -1.624645417782E-001  2.167823979682E-001 -2.700616689423E-001
  2.595532360540E+000 -1.585842380840E-001  2.119376490439E-001 -2.652001467556E-001
  2.613790379943E+000 -1.547586075218E-001  2.071402632211E-001 -2.603130320336E-001
  2.632205757760E+000 -1.509879030853E-001  2.023917219073E-001 -2.554058995663E-001
  2.650780284158E+000 -1.472723484384E-001  1.976934351700E-001 -2.504841211923E-001
  2.669515774928E+000 -1.436121381902E-001  1.930467426160E-001 -2.455528691399E-001
  2.688414071925E+000 -1.400074381805E-001  1.884529142846E-001 -2.406171194030E-001
  2.707477043518E+000 -1.364583857759E-001  1.839131515547E-001 -2.356816551441E-001
  2.726706585047E+000 -1.329650901761E-001  1.794285880632E-001 -2.307510701188E-001
  2.746104619295E+000 -1.295276327310E-001  1.750002906361E-001 -2.258297721146E-001
  2.765673096964E+000 -1.261460672684E-001  1.706292602295E-001 -2.209219864004E-001
  2.785413997161E+000 -1.228204204314E-001  1.663164328829E-001 -2.160317591785E-001
  2.805329327899E+000 -1.195506920278E-001  1.620626806806E-001 -2.111629610369E-001
  2.825421126601E+000 -1.163368553883E-001  1.578688127246E-001 -2.063192903953E-001
  2.845691460623E+000 -1.131788577359E-001  1.537355761154E-001 -2.015042769428E-001
  2.866142427776E+000 -1.100766205660E-001  1.496636569428E-001 -1.967212850606E-001
  2.886776156875E+000 -1.070300400365E-001  1.456536812850E-001 -1.919735172300E-001
  2.907594808280E+000 -1.040389873680E-001  1.417062162164E-001 -1.872640174196E-001
  2.928600574467E+000 -1.011033092552E-001  1.378217708237E-001 -1.825956744508E-001
  2.949795680597E+000 -9.822282828753E-002  1.340007972306E-001 -1.779712253382E-001
  2.971182385105E+000 -9.539734338081E-002  1.302436916302E-001 -1.733932586049E-001
  2.992762980296E+000 -9.262663021877E-002  1.265507953262E-001 -1.688642175686E-001
  3.014539792958E+000 -8.991044170463E-002  1.229223957817E-001 -1.643864035991E-001
  3.036515184988E+000 -8.724850842270E-002  1.193587276763E-001 -1.599619793454E-001
  3.058691554023E+000 -8.464053910995E-002  1.158599739716E-001 -1.555929719317E-001
  3.081071334099E+000 -8.208622113721E-002  1.124262669845E-001 -1.512812761230E-001
  3.103656996309E+000 -7.958522100017E-002  1.090576894687E-001 -1.470286574578E-001
  3.126451049484E+000 -7.713718481968E-002  1.057542757049E-001 -1.428367553502E-001
  3.149456040888E+000 -7.474173885149E-002  1.025160125985E-001 -1.387070861609E-001
  3.172674556926E+000 -7.239849000499E-002  9.934284078645E-002 -1.346410462367E-001
  3.196109223865E+000 -7.010702637097E-002  9.623465575182E-002 -1.306399149206E-001
  3.219762708576E+000 -6.786691775787E-002  9.319130894665E-002 -1.267048575319E-001
  3.243637719289E+000 -6.567771623657E-002  9.021260892339E-002 -1.228369283180E-001
  3.267737006362E+000 -6.353895669326E-002  8.729832247430E-002 -1.190370733787E-001
  3.292063363076E+000 -6.145015739006E-002  8.444817577911E-002 -1.153061335638E-001
  3.316619626434E+000 -5.941082053323E-002  8.166185556062E-002 -1.116448473451E-001
  3.341408677987E+000 -5.742043284844E-002  7.893901024819E-002 -1.080538536651E-001
  3.366433444679E+000 -5.547846616280E-002  7.627925114890E-002 -1.045336947614E-001
  3.391696899702E+000 -5.358437799332E-002  7.368215362614E-002 -1.010848189700E-001
  3.417202063379E+000 -5.173761214124E-002  7.114725828538E-002 -9.770758350829E-002
  3.442952004065E+000 -4.993759929184E-002  6.867407216668E-002 -9.440225723739E-002
  3.468949839059E+000 -4.818375761934E-002  6.626206994371E-002 -9.116902340726E-002
  3.495198735552E+000 -4.647549339625E-002  6.391069512877E-002 -8.800798238375E-002
  3.521701911582E+000 -4.481220160672E-002  6.161936128325E-002 -8.491915435950E-002
  3.548462637020E+000 -4.319326656343E-002  5.938745323309E-002 -8.190248204922E-002
  3.575484234572E+000 -4.161806252726E-002  5.721432828867E-002 -7.895783337027E-002
  3.602770080809E+000 -4.008595432939E-002  5.509931746821E-002 -7.608500410905E-002
  3.630323607217E+000 -3.859629799500E-002  5.304172672439E-002 -7.328372057384E-002
  3.658148301271E+000 -3.714844136816E-002  5.104083817296E-002 -7.055364223443E-002
  3.686247707537E+000 -3.574172473709E-002  4.909591132287E-002 -6.789436434872E-002
  3.714625428793E+000 -3.437548145926E-002  4.720618430682E-002 -6.530542057659E-002
  3.743285127184E+000 -3.304903858557E-002  4.537087511137E-002 -6.278628558067E-002
  3.772230525397E+000 -3.176171748302E-002  4.358918280568E-002 -6.033637761418E-002
  3.801465407866E+000 -3.051283445506E-002  4.186028876764E-002 -5.795506109510E-002
  3.830993622005E+000 -2.930170135901E-002  4.018335790661E-002 -5.564164916642E-002
  3.860819079470E+000 -2.812762621983E-002  3.855753988131E-002 -5.339540624165E-002
  3.890945757450E+000 -2.698991383942E-002  3.698197031197E-002 -5.121555053472E-002
  3.921377699988E+000 -2.588786640088E-002  3.545577198532E-002 -4.910125657341E-002
  3.952119019336E+000 -2.482078406686E-002  3.397805605139E-002 -4.705165769495E-002
  3.983173897337E+000 -2.378796557138E-002  3.254792321060E-002 -4.506584852271E-002
  4.014546586845E+000 -2.278870880433E-002  3.116446489009E-002 -4.314288742241E-002
  4.046241413173E+000 -2.182231138801E-002  2.982676440783E-002 -4.128179893628E-002
  4.078262775585E+000 -2.088807124486E-002  2.853389812318E-002 -3.948157619359E-002
  4.110615148813E+000 -1.998528715587E-002  2.728493657273E-002 -3.774118329558E-002
  4.143303084620E+000 -1.911325930878E-002  2.607894558978E-002 -3.605955767309E-002
  4.176331213391E+000 -1.827128983555E-002  2.491498740643E-002 -3.443561241467E-002
  4.209704245774E+000 -1.745868333841E-002  2.379212173675E-002 -3.286823856327E-002
  4.243426974351E+000 -1.667474740367E-002  2.270940683970E-002 -3.135630737924E-002
  4.277504275353E+000 -1.591879310301E-002  2.166590056066E-002 -2.989867256751E-002
  4.311941110423E+000 -1.519013548133E-002  2.066066135009E-002 -2.849417246665E-002
  4.346742528412E+000 -1.448809403072E-002  1.969274925817E-002 -2.714163219760E-002
  4.381913667228E+000 -1.381199315009E-002  1.876122690415E-002 -2.583986576965E-002
  4.417459755726E+000 -1.316116258972E-002  1.786516041927E-002 -2.458767814157E-002
  4.453386115645E+000 -1.253493788050E-002  1.700362036209E-002 -2.338386723538E-002
  4.489698163598E+000 -1.193266074716E-002  1.617568260507E-002 -2.222722590075E-002
  4.526401413105E+000 -1.135367950535E-002  1.538042919150E-002 -2.111654382756E-002
  4.563501476684E+000 -1.079734944183E-002  1.461694916166E-002 -2.005060940472E-002
  4.601004067991E+000 -1.026303317784E-002  1.388433934744E-002 -1.902821152293E-002
  4.638915004011E+000 -9.750101014941E-003  1.318170513438E-002 -1.804814131954E-002
  4.677240207311E+000 -9.257931263405E-003  1.250816119060E-002 -1.710919386352E-002
  4.715985708351E+000 -8.785910552674E-003  1.186283216169E-002 -1.621016977870E-002
  4.755157647843E+000 -8.333434123865E-003  1.124485333115E-002 -1.534987680370E-002
  4.794762279187E+000 -7.899906104104E-003  1.065337124564E-002 -1.452713128689E-002
  4.834805970953E+000 -7.484739762628E-003  1.008754430475E-002 -1.374075961497E-002
  4.875295209443E+000 -7.087357748583E-003  9.546543314905E-003 -1.298959957398E-002
  4.916236601308E+000 -6.707192310527E-003  9.029552007059E-003 -1.227250164150E-002
  4.957636876237E+000 -6.343685497661E-003  8.535767518041E-003 -1.158833020924E-002
  4.999502889720E+000 -5.996289342874E-003  8.064400835501E-003 -1.093596473508E-002
  5.041841625875E+000 -5.664466027719E-003  7.614677206410E-003 -1.031430082413E-002
  5.084660200360E+000 -5.347688029497E-003  7.185836509245E-003 -9.722251238231E-003
  5.127965863354E+000 -5.045438250639E-003  6.777133590032E-003 -9.158746833825E-003
  5.171766002619E+000 -4.757210130646E-003  6.387838562553E-003 -8.622737428037E-003
  5.216068146649E+000 -4.482507740865E-003  6.017237073076E-003 -8.113192593188E-003
  5.260879967894E+000 -4.220845862434E-003  5.664630530081E-003 -7.629102380060E-003
  5.306209286078E+000 -3.971750047751E-003  5.329336299545E-003 -7.169477970462E-003
  5.352064071605E+000 -3.734756665864E-003  5.010687866408E-003 -6.733352259809E-003
  5.398452449055E+000 -3.509412932210E-003  4.708034962955E-003 -6.319780370640E-003
  5.445382700775E+000 -3.295276923166E-003  4.420743664908E-003 -5.927840098171E-003
  5.492863270572E+000 -3.091917575894E-003  4.148196456105E-003 -5.556632289147E-003
  5.540902767504E+000 -2.898914673996E-003  3.889792262713E-003 -5.205281155455E-003
  5.589509969774E+000 -2.715858819523E-003  3.644946457983E-003 -4.872934524103E-003
  5.638693828737E+000 -2.542351391881E-003  3.413090838626E-003 -4.558764025334E-003
  5.688463473008E+000 -2.378004494231E-003  3.193673573940E-003 -4.261965220805E-003
  5.738828212699E+000 -2.222440887956E-003  2.986159128861E-003 -3.981757673879E-003
  5.789797543759E+000 -2.075293915821E-003  2.790028162182E-003 -3.717384964232E-003
  5.841381152447E+000 -1.936207414418E-003  2.604777401184E-003 -3.468114649076E-003
  5.893588919926E+000 -1.804835616547E-003  2.429919493997E-003 -3.233238173414E-003
  5.946430926988E+000 -1.680843044131E-003  2.264982841009E-003 -3.012070731838E-003
  5.999917458910E+000 -1.563904392320E-003  2.109511406674E-003 -2.803951084475E-003
  6.054059010457E+000 -1.453704405396E-003  1.963064513077E-003 -2.608241329724E-003
  6.108866291020E+000 -1.349937745105E-003  1.825216616634E-003 -2.424326636520E-003
  6.164350229902E+000 -1.252308852037E-003  1.695557069294E-003 -2.251614938882E-003
  6.220521981762E+000 -1.160531800663E-003  1.573689865617E-003 -2.089536595541E-003
  6.277392932215E+000 -1.074330148617E-003  1.459233377085E-003 -1.937544017454E-003
  6.334974703589E+000 -9.934367808115E-004  1.351820074985E-003 -1.795111266014E-003
  6.393279160860E+000 -9.175937489482E-004  1.251096243190E-003 -1.661733624770E-003
  6.452318417752E+000 -8.465521069773E-004  1.156721682134E-003 -1.536927147419E-003
  6.512104843026E+000 -7.800717430226E-004  1.068369405230E-003 -1.420228184824E-003
  6.572651066946E+000 -7.179212082839E-004  9.857253289707E-004 -1.311192893751E-003
  6.633969987942E+000 -6.598775433958E-004  9.084879578773E-004 -1.209396729954E-003
  6.696074779472E+000 -6.057261026992E-004  8.363680654437E-004 -1.114433928182E-003
  6.758978897091E+000 -5.552603768559E-004  7.690883721536E-004 -1.025916971586E-003
  6.822696085726E+000 -5.082818142102E-004  7.063832216040E-004 -9.434760529141E-004
  6.887240387180E+000 -4.645996412737E-004  6.479982557103E-004 -8.667585298058E-004
  6.952626147859E+000 -4.240306826818E-004  5.936900899071E-004 -7.954283763500E-004
  7.018868026732E+000 -3.863991809428E-004  5.432259892004E-004 -7.291656329974E-004
  7.085981003543E+000 -3.515366162717E-004  4.963835458636E-004 -6.676658567717E-004
  7.153980387268E+000 -3.192815267747E-004  4.529503595046E-004 -6.106395736088E-004
  7.222881824836E+000 -2.894793292216E-004  4.127237201699E-004 -5.578117345238E-004
  7.292701310121E+000 -2.619821406186E-004  3.755102950847E-004 -5.089211771710E-004
  7.363455193219E+000 -2.366486007673E-004  3.411258195667E-004 -4.637200942308E-004
  7.435160190001E+000 -2.133436959727E-004  3.093947925861E-004 -4.219735099201E-004
  7.507833391988E+000 -1.919385840382E-004  2.801501773851E-004 -3.834587657898E-004
  7.581492276516E+000 -1.723104206665E-004  2.532331075082E-004 -3.479650168374E-004
  7.656154717242E+000 -1.543421873632E-004  2.284925985385E-004 -3.152927388323E-004
  7.731838994973E+000 -1.379225209223E-004  2.057852657791E-004 -2.852532476211E-004
  7.808563808847E+000 -1.229455445588E-004  1.849750480674E-004 -2.576682310560E-004
  7.886348287874E+000 -1.093107007338E-004  1.659329378592E-004 -2.323692940676E-004
  7.965212002848E+000 -9.692258571186E-005  1.485367176769E-004 -2.091975172888E-004
  8.045174978646E+000 -8.569078587412E-005  1.326707029693E-004 -1.880030295250E-004
  8.126257706932E+000 -7.552971580538E-005  1.182254913973E-004 -1.686445942659E-004
  8.208481159274E+000 -6.635845816646E-005  1.050977185218E-004 -1.509892103342E-004
  8.291866800694E+000 -5.810060535801E-005  9.318981984083E-005 -1.349117266802E-004
  8.376436603664E+000 -5.068410298006E-005  8.240979909817E-005 -1.202944712488E-004
  8.462213062574E+000 -4.404109509080E-005  7.267100276027E-005 -1.070268937737E-004
  8.549219208676E+000 -3.810777126890E-005  6.389190054381E-005 -9.500522228590E-005
  8.637478625536E+000 -3.282421548681E-005  5.599587185920E-005 -8.413213306962E-005
  8.727015464999E+000 -2.813425680619E-005  4.891099802628E-005 -7.431643374737E-005
  8.817854463709E+000 -2.398532191234E-005  4.256986011128E-005 -6.547275913646E-005
  8.910020960175E+000 -2.032828951106E-005  3.690934223077E-005 -5.752127948555E-005
  9.003540912431E+000 -1.711734661886E-005  3.187044016814E-005 -5.038742067440E-005
  9.098440916308E+000 -1.430984678580E-005  2.739807515085E-005 -4.400159594165E-005
  9.194748224321E+000 -1.186617029906E-005  2.344091264210E-005 -3.829894869380E-005
  9.292490765233E+000 -9.749586424513E-006  1.995118600821E-005 -3.321910594336E-005
  9.391697164283E+000 -7.926117753066E-006  1.688452493266E-005 -2.870594192470E-005
  9.492396764138E+000 -6.364406727384E-006  1.419978845902E-005 -2.470735144200E-005
  9.594619646576E+000 -5.035584433983E-006  1.185890255747E-005 -2.117503251432E-005
  9.698396654938E+000 -3.913141753801E-006  9.826702123473E-006 -1.806427789724E-005
  9.803759417385E+000 -2.972802972222E-006  8.070777330713E-006 -1.533377507898E-005
  9.910740370981E+000 -2.192401956365E-006  6.561324275308E-006 -1.294541436963E-005
  1.001937278665E+001 -1.551761013276E-006  5.270999862207E-006 -1.086410472555E-005
  1.012969079502E+001 -1.032572547270E-006  4.174780898706E-006 -9.057596975655E-006
  1.024172941323E+001 -6.182836379715E-007  3.249827373171E-006 -7.496314142517E-006
  1.035552457272E+001 -2.939836624591E-007  2.475349909257E-006 -6.153188577223E-006
  1.047111314798E+001 -4.629508521579E-008  1.832481396967E-006 -5.003505653662E-006
  1.058853298647E+001  1.367324616706E-007  1.304152811464E-006 -4.024753793429E-006
  1.070782293953E+001  2.657246885571E-007  8.749732386080E-007 -3.196480617550E-006
  1.082902289454E+001  3.500816336223E-007  5.311141324288E-007 -2.500155044597E-006
  1.095217380826E+001  3.980730148879E-007  2.601978342090E-007 -1.919035176550E-006
  1.107731774137E+001  4.169298480582E-007  5.119038534084E-008 -1.438041833491E-006
  1.120449789442E+001  4.129322387703E-007 -1.057013333186E-007 -1.043637615716E-006
  1.133375864507E+001  3.914932687388E-007 -2.191281042775E-007 -7.237113869352E-007
  1.146514558681E+001  3.572389075473E-007 -2.966924904478E-007 -4.674680848041E-007
  1.159870556913E+001  3.140838953479E-007 -3.450385436018E-007 -2.653237749941E-007
  1.173448673928E+001  2.653035563350E-007 -3.699370884126E-007 -1.088058723745E-007
  1.187253858566E+001  2.136015183980E-007 -3.763665748238E-007  9.541542305824E-009
  1.201291198287E+001  1.611733306453E-007 -3.685895015498E-007  9.624737951158E-008
  1.215565923859E+001  1.097659873349E-007 -3.502244248628E-007  1.569982410622E-007
  1.230083414231E+001  6.073338394859E-008 -3.243135792678E-007  1.967182347575E-007
  1.244849201595E+001  1.508774848711E-008 -2.933861500013E-007  2.196439790550E-007
  1.259868976657E+001 -2.645289166016E-008 -2.595172512687E-007  2.293948792251E-007
  1.275148594119E+001 -6.342112992942E-008 -2.243826785426E-007  2.290387637462E-007
  1.290694078384E+001 -9.556039404215E-008 -1.893095178177E-007  2.211529782485E-007
  1.306511629490E+001 -1.227888430761E-007 -1.553227092392E-007  2.078810437770E-007
  1.322607629292E+001 -1.451668236131E-007 -1.231876767352E-007  1.909849962535E-007
  1.338988647898E+001 -1.628677466054E-007 -9.344914897553E-008  1.718935344691E-007
  1.355661450375E+001 -1.761522340281E-007 -6.646630992241E-008  1.517461144637E-007
  1.372633003727E+001 -1.853453732024E-007 -4.244442924043E-008  1.314331384731E-007
  1.389910484176E+001 -1.908169070217E-007 -2.146313370069E-008  1.116323964926E-007
  1.407501284743E+001 -1.929641802868E-007 -3.501490296121E-009  9.284192768229E-008
  1.425413023161E+001 -1.921976560510E-007  1.153992006530E-008  7.540947711352E-008
  1.443653550117E+001 -1.889288113333E-007  2.381975281224E-008  5.955873054162E-008
  1.462230957852E+001 -1.835602188248E-007  3.353928344528E-008  4.541251582416E-008
  1.481153589140E+001 -1.764776202781E-007  4.092823099243E-008  3.301316416887E-008
  1.500430046649E+001 -1.680437981146E-007  4.623282582905E-008  2.234022748720E-008
  1.520069202718E+001 -1.585940543625E-007  4.970592662212E-008  1.332574968993E-008
  1.540080209569E+001 -1.484331102614E-007  5.159899295263E-008  5.867289758318E-009
  1.560472509963E+001 -1.378332456532E-007  5.215572358387E-008 -1.611071402715E-010
  1.581255848342E+001 -1.270335044828E-007  5.160717529490E-008 -4.899797318040E-009
  1.602440282470E+001 -1.162398012285E-007  5.016818357949E-008 -8.496096403283E-009
  1.624036195599E+001 -1.056257727039E-007  4.803491419290E-008 -1.109832468288E-008
  1.646054309190E+001 -9.533423024387E-008  4.538338336485E-008 -1.285116450219E-008
  1.668505696224E+001 -8.547907863270E-008  4.236879432374E-008 -1.389216262867E-008
  1.691401795117E+001 -7.614758004826E-008  3.912554842086E-008 -1.434921983012E-008
  1.714754424293E+001 -6.740285359977E-008  3.576780042072E-008 -1.433892008957E-008
  1.738575797433E+001 -5.928651352421E-008  3.239043924777E-008 -1.396556270419E-008
  1.762878539445E+001 -5.182136159451E-008  2.907038746327E-008 -1.332077181764E-008
  1.787675703191E+001 -4.501406159598E-008  2.586812480475E-008 -1.248356953301E-008
  1.812980787015E+001 -3.885773567653E-008  2.282935307632E-008 -1.152081047085E-008
  1.838807753110E+001 -3.333443381543E-008  1.998673136539E-008 -1.048788730106E-008
  1.865171046781E+001 -2.841743844576E-008  1.736162182530E-008 -9.429628227433E-009
  1.892085616642E+001 -2.407337628827E-008  1.496579696831E-008 -8.381318489381E-009
  1.919566935809E+001 -2.026411861255E-008  1.280306943967E-008 -7.369788533256E-009
  1.947631024137E+001 -1.694845935953E-008  1.087081449369E-008 -6.414521479136E-009
  1.976294471571E+001 -1.408356778758E-008  9.161363790152E-009 -5.528741771207E-009
  2.005574462663E+001 -1.162621851395E-008  7.663256619673E-009 -4.720455374405E-009
  2.035488802332E+001 -9.533807010318E-009  6.362341218008E-009 -3.993419511850E-009
  2.066055942930E+001 -7.765162792442E-009  5.242724431249E-009 -3.348026692823E-009
  2.097295012706E+001 -6.281175756779E-009  4.287572657419E-009 -2.782093646529E-009
  2.129225845729E+001 -5.045253416603E-009  3.479770744190E-009 -2.291550759031E-009
  2.161869013374E+001 -4.023628247387E-009  2.802448414297E-009 -1.871031734186E-009
  2.195245857462E+001 -3.185535049017E-009  2.239385880712E-009 -1.514366504748E-009
  2.229378525140E+001 -2.503278263379E-009  1.775311675976E-009 -1.214982961469E-009
  2.264290005632E+001 -1.952208648681E-009  1.396106436207E-009 -9.662249116352E-010
  2.300004168951E+001 -1.510627708117E-009  1.088926538250E-009 -7.615948980078E-010
  2.336545806705E+001 -1.159636901776E-009  8.422611792698E-010 -5.949311843885E-010
  2.373940675129E+001 -8.829470352569E-010  6.459358027846E-010 -4.605284273486E-010
  2.412215540475E+001 -6.666614093185E-010  4.910738024655E-010 -3.532113879813E-010
  2.451398226921E+001 -4.990444167683E-010  3.700272586323E-010 -2.683705732796E-010
  2.491517667142E+001 -3.702853612415E-010  2.762861591888E-010 -2.019680101861E-010
  2.532603955735E+001 -2.722654118327E-010  2.043741952630E-010 -1.505205165860E-010
  2.574688405660E+001 -1.983338506533E-010  1.497378609844E-010 -1.110669051252E-010
  2.617803607920E+001 -1.430981580966E-010  1.086342753957E-010 -8.112459182853E-011
  2.661983494664E+001 -1.022310420568E-010  7.802192079561E-011 -5.864012715093E-011
  2.707263405971E+001 -7.229627053591E-011  5.545738391630E-011 -4.193725815571E-011
  2.753680160532E+001 -5.059411980165E-011  3.900021269223E-011 -2.966529385349E-011
  2.801272130518E+001 -3.502640141136E-011  2.712717159579E-011 -2.074979973591E-011
  2.850079320900E+001 -2.398037244009E-011  1.865649453209E-011 -1.434700292423E-011
  2.900143453541E+001 -1.623034967495E-011  1.268219162306E-011 -9.802750160822E-012
  2.951508056378E+001 -1.085552162653E-011  8.518055322560E-012 -6.616425580081E-012
  3.004218558064E+001 -7.172260479121E-012  5.650718952630E-012 -4.409897901588E-012
  3.058322388437E+001 -4.679156777140E-012  3.700931315227E-012 -2.901318286330E-012
  3.113869085248E+001 -3.013009911984E-012  2.392107707782E-012 -1.883419387711E-012
  3.170910407585E+001 -1.914085535951E-012  1.525183507211E-012 -1.205860830532E-012
  3.229500456485E+001 -1.199076927288E-012  9.588152500210E-013 -7.611139581656E-013
  3.289695803249E+001 -7.403635142642E-013  5.940309587230E-013 -4.733671739930E-013
  3.351555626047E+001 -4.503314425465E-013  3.625132976815E-013 -2.899515442882E-013
  3.415141855403E+001 -2.696963301959E-013  2.177950145903E-013 -1.748248626670E-013
  3.480519329257E+001 -1.589381225665E-013  1.287472330037E-013 -1.037029947626E-013
  3.547755958299E+001 -9.211579554995E-014  7.484081568353E-014 -6.048353849556E-014
  3.616922902393E+001 -5.247145403379E-014  4.275447411242E-014 -3.466372978783E-014
  3.688094758921E+001 -2.935699340279E-014  2.398751842391E-014 -1.950860776122E-014
  3.761349763993E+001 -1.612136570045E-014  1.320850575654E-014 -1.077448059954E-014
  3.836770007534E+001 -8.683225985159E-015  7.133052976533E-015 -5.835477410230E-015
  3.914441663347E+001 -4.583747669490E-015  3.775055599686E-015 -3.096999726019E-015
  3.994455235367E+001 -2.369600016925E-015  1.956379870441E-015 -1.609341915419E-015
  4.076905821405E+001 -1.198617597243E-015  9.919796460603E-016 -8.181584580031E-016
  4.161893395835E+001 -5.927274578900E-016  4.916893830719E-016 -4.065639538468E-016
  4.249523112779E+001 -2.862830287551E-016  2.380213537606E-016 -1.972980254754E-016
  4.339905631520E+001 -1.349206025628E-016  1.124229768268E-016 -9.341089538520E-017
  4.433157466006E+001 -6.198066588170E-017  5.175621822379E-017 -4.310313504165E-017
  4.529401360538E+001 -2.772416442086E-017  2.319894513518E-017 -1.936368281921E-017
  4.628766693861E+001 -1.206113393756E-017  1.011291389040E-017 -8.459412119195E-018
  4.731389914191E+001 -5.097074485814E-018  4.282164625214E-018 -3.589577159763E-018
  4.837415007871E+001 -2.089793748932E-018  1.759043887787E-018 -1.477561852433E-018
  4.946994004686E+001 -8.301387412719E-019  7.000551693054E-019 -5.892021977181E-019
  5.060287523143E+001 -3.190396113344E-019  2.695335052300E-019 -2.272913777565E-019
  5.177465359367E+001 -1.184490090559E-019  1.002455521480E-019 -8.469336080724E-020
  5.298707123650E+001 -4.241498226808E-020  3.595821762316E-020 -3.043499856599E-020
  5.424202929116E+001 -1.462431566104E-020  1.241880838325E-020 -1.052988398635E-020
  5.554154137419E+001 -4.846452230995E-021  4.122254209774E-021 -3.501268452096E-021
  5.688774166961E+001 -1.540782613872E-021  1.312623636010E-021 -1.116752782372E-021
  5.828289369667E+001 -4.689802892680E-022  4.001507101446E-022 -3.409938260430E-022
  5.972939983075E+001 -1.363755318314E-022  1.165355135219E-022 -9.946445754022E-023
  6.122981165190E+001 -3.780088195956E-023  3.234892222559E-023 -2.765269018923E-023
  6.278684120462E+001 -9.963311649230E-024  8.538495584503E-024 -7.309854685681E-024
  6.440337326150E+001 -2.490734750484E-024  2.137514545253E-024 -1.832604424875E-024
  6.608247869451E+001 -5.889612094981E-025  5.061239659933E-025 -4.345420770144E-025
  6.782742906960E+001 -1.313460267834E-025  1.130214461031E-025 -9.717054168740E-026
  6.964171259434E+001 -2.754036852745E-026  2.372864267758E-026 -2.042817413252E-026
  7.152905156377E+001 -5.411352193420E-027  4.668249974590E-027 -4.024187396528E-027
  7.349342146763E+001 -9.928588935696E-028  8.575654978746E-028 -7.401910755707E-028
  7.553907194217E+001 -1.694614735215E-028  1.465442893316E-028 -1.266436310125E-028
  7.767054977292E+001 -2.679765955391E-029  2.320064072031E-029 -2.007419909418E-029
  7.989272418113E+001 -3.909135931988E-030  3.388257919565E-030 -2.935112791006E-030
  8.221081465675E+001 -5.236032484902E-031  4.543372141004E-031 -3.940246649134E-031
  8.463042163523E+001 -6.407569366917E-032  5.565928348282E-032 -4.832440623616E-032
  8.715756035520E+001 -7.125649966321E-033  6.196199986179E-033 -5.385494282412E-033
  8.979869827958E+001 -7.159637771810E-034  6.232140861360E-034 -5.422460320217E-034
  9.256079651532E+001 -6.459465645685E-035  5.628296560676E-035 -4.902111135743E-035
  9.545135572765E+001 -5.197987363917E-036  4.533555522187E-036 -3.952579106269E-036
  9.847846711487E+001 -3.704006713455E-037  3.233614564040E-037 -2.821980638960E-037
  1.016508690915E+002 -2.319101571435E-038  2.026463105775E-038 -1.770180726331E-038
  1.049780104220E+002 -1.265076974188E-039  1.106440951997E-039 -9.674076943792E-040
  1.084701206579E+002 -5.957963436203E-041  5.215448107437E-041 -4.564201813527E-041
  1.121382888606E+002 -2.398629460313E-042  2.101502103650E-042 -1.840707304384E-042
  1.159945517414E+002 -8.166682226113E-044  7.161034602314E-044 -6.277726644845E-044
  1.200519925308E+002 -2.324189749372E-045  2.039651315314E-045 -1.789552904686E-045
  1.243248520934E+002 -5.459056289701E-047  4.794542080709E-047 -4.210059344555E-047
  1.288286540551E+002 -1.043667131357E-048  9.173349766907E-049 -8.061432296533E-049
  1.335803459987E+002 -1.599668980664E-050  1.407096256177E-050 -1.237491298044E-050
  1.385984591287E+002 -1.933445665854E-052  1.701942653519E-052 -1.497919485294E-052
  1.439032892205E+002 -1.809639531086E-054  1.594101573167E-054 -1.404028894655E-054
  1.495171021587E+002 -1.285788498500E-056  1.133434111546E-056 -9.989973425552E-057
  1.554643679592E+002 -6.785269093124E-059  5.985337763602E-059 -5.279057417706E-059
  1.617720278763E+002 -2.596134508433E-061  2.291584062744E-061 -2.022530241219E-061
  1.684698000514E+002 -7.013153363272E-064  6.194428877235E-064 -5.470714052230E-064
  1.755905301928E+002 -1.298893666025E-066  1.147977355828E-066 -1.014499279735E-066
  1.831705950299E+002 -1.596554825340E-069  1.411913005858E-069 -1.248516691259E-069
  1.912503678195E+002 -1.256222870387E-072  1.111598364690E-072 -9.835462063240E-073
  1.998747570544E+002 -6.078300370286E-076  5.381623485431E-076 -4.764455064613E-076
  2.090938318328E+002 -1.729355913798E-079  1.531998896959E-079 -1.357076008776E-079
  2.189635501945E+002 -2.751937154046E-083  2.439206577854E-083 -2.161886878659E-083
  2.295466102647E+002 -2.315739460000E-087  2.053661990155E-087 -1.821147005957E-087
  2.409134484547E+002 -9.675534048834E-092  8.584929189882E-092 -7.616887228219E-092
  2.531434144886E+002 -1.869675303763E-096  1.659754574718E-096 -1.473338985988E-096
  2.663261599835E+002 -1.542163046771E-101  1.369674575853E-101 -1.216431167243E-101
  2.805632861191E+002 -4.957791563151E-107  4.405329421443E-107 -3.914292891584E-107
  2.959703071532E+002 -5.602110322980E-113  4.980105039861E-113 -4.427022880210E-113
  3.126790009236E+002 -1.977463182070E-119  1.758675679604E-119 -1.564051334647E-119
  3.308402360200E+002 -1.905124067415E-126  1.695059674178E-126 -1.508120214966E-126
  3.506273893903E+002 -4.289518647780E-134  3.818111604131E-134 -3.398436385063E-134
  3.722404996260E+002 -1.887160294411E-142  1.680433036816E-142 -1.496322525594E-142
  3.959113426415E+002 -1.318336819231E-151  1.174370874090E-151 -1.046108556833E-151
  4.219096715122E+002 -1.148668183552E-161  1.023609085277E-161 -9.121519232167E-162
  4.505509359373E+002 -9.411845979279E-173  8.390140841239E-173 -7.479249493903E-173
  4.822058963204E+002 -5.203754592305E-185  4.640453904297E-185 -4.138082921497E-185
  5.173126831536E+002 -1.311498116384E-198  1.169916654749E-198 -1.043609225500E-198
  5.563920392209E+002 -9.452409660090E-214  8.434664755522E-214 -7.526437199303E-214
  6.000667421536E+002 -1.115498391224E-230  9.956960325673E-231 -8.887537741023E-231
  6.490865708786E+002 -1.101474399761E-249  9.834659536820E-250 -8.780951362638E-250
  7.043607010442E+002 -4.031657382666E-271  3.600727390470E-271 -3.215841226721E-271
  7.670001674974E+002 -2.022549037125E-295  1.806849777206E-295 -1.614147159808E-295
  8.383741345464E+002  0.000000000000E+000  0.000000000000E+000  0.000000000000E+000
  9.201853543213E+002  0.000000000000E+000  0.000000000000E+000  0.000000000000E+000
  1.014572672318E+003  0.000000000000E+000  0.000000000000E+000  0.000000000000E+000
  1.124252254996E+003  0.000000000000E+000  0.000000000000E+000  0.000000000000E+000
  1.252715205428E+003  0.000000000000E+000  0.000000000000E+000  0.000000000000E+000
  1.404508845568E+003  0.000000000000E+000  0.000000000000E+000  0.000000000000E+000
  1.585644739908E+003  0.000000000000E+000  0.000000000000E+000  0.000000000000E+000
  1.804203189488E+003  0.000000000000E+000  0.000000000000E+000  0.000000000000E+000
  2.071250249814E+003  0.000000000000E+000  0.000000000000E+000  0.000000000000E+000
  2.402266552340E+003  0.000000000000E+000  0.000000000000E+000  0.000000000000E+000
  2.819442449497E+003  0.000000000000E+000  0.000000000000E+000  0.000000000000E+000
  3.355496240167E+003  0.000000000000E+000  0.000000000000E+000  0.000000000000E+000
  4.060290442982E+003  0.000000000000E+000  0.000000000000E+000  0.000000000000E+000
  5.012860622227E+003  0.000000000000E+000  0.000000000000E+000  0.000000000000E+000
  6.344578802016E+003  0.000000000000E+000  0.000000000000E+000  0.000000000000E+000
  8.287000878586E+003  0.000000000000E+000  0.000000000000E+000  0.000000000000E+000
  1.127976970933E+004  0.000000000000E+000  0.000000000000E+000  0.000000000000E+000
  1.624316171036E+004  0.000000000000E+000  0.000000000000E+000  0.000000000000E+000
  2.538031516868E+004  0.000000000000E+000  0.000000000000E+000  0.000000000000E+000
  4.512107881524E+004  0.000000000000E+000  0.000000000000E+000  0.000000000000E+000
  1.015232606647E+005  0.000000000000E+000  0.000000000000E+000  0.000000000000E+000
  4.060950426526E+005  0.000000000000E+000  0.000000000000E+000  0.000000000000E+000
