# 1st line: number of mesh points
# abcissa wavefunction wavefunction_1st wavefunction_2nd
1000
# Principal QN=   3 , l=   1 , Occupation=   5.0010
  2.462477732966E-006  3.588099272640E-004  1.457032654426E+002 -6.227074085978E+003
  9.849959442330E-006  1.435020231952E-003  1.456572700171E+002 -6.225187109168E+003
  2.216259066178E-005  3.227972689597E-003  1.455806409381E+002 -6.222043642279E+003
  3.940061395432E-005  5.736570948460E-003  1.454734231143E+002 -6.217645924969E+003
  6.156436892224E-005  8.959281561890E-003  1.453356793447E+002 -6.211997088679E+003
  8.865429222131E-005  1.289413543134E-002  1.451674902461E+002 -6.205101152574E+003
  1.206709175794E-004  1.753872965779E-002  1.449689541595E+002 -6.196963018325E+003
  1.576148758184E-004  2.289022979845E-002  1.447401870359E+002 -6.187588463755E+003
  1.994868948811E-004  2.894537252529E-002  1.444813223029E+002 -6.176984135353E+003
  2.462877998613E-004  3.570046868116E-002  1.441925107099E+002 -6.165157539678E+003
  2.980185130383E-004  4.315140672854E-002  1.438739201549E+002 -6.152117033660E+003
  3.546800539158E-004  5.129365658559E-002  1.435257354908E+002 -6.137871813817E+003
  4.162735392647E-004  6.012227384330E-002  1.431481583136E+002 -6.122431904411E+003
  4.828001831694E-004  6.963190435709E-002  1.427414067312E+002 -6.105808144563E+003
  5.542612970792E-004  7.981678920581E-002  1.423057151142E+002 -6.088012174343E+003
  6.306582898628E-004  9.067077001000E-002  1.418413338290E+002 -6.069056419871E+003
  7.119926678676E-004  1.021872946015E-001  1.413485289532E+002 -6.048954077445E+003
  7.982660349828E-004  1.143594230349E-001  1.408275819744E+002 -6.027719096732E+003
  8.894800927067E-004  1.271798339327E-001  1.402787894725E+002 -6.005366163047E+003
  9.856366402179E-004  1.406408311526E-001  1.397024627862E+002 -5.981910678748E+003
  1.086737574451E-003  1.547343507682E-001  1.390989276648E+002 -5.957368743793E+003
  1.192784890174E-003  1.694519683514E-001  1.384685239043E+002 -5.931757135477E+003
  1.303780680078E-003  1.847849065460E-001  1.378116049705E+002 -5.905093287389E+003
  1.419727134858E-003  2.007240429203E-001  1.371285376088E+002 -5.877395267638E+003
  1.540626543307E-003  2.172599180874E-001  1.364197014403E+002 -5.848681756364E+003
  1.666481292416E-003  2.343827440806E-001  1.356854885471E+002 -5.818972022597E+003
  1.797293867468E-003  2.520824129712E-001  1.349263030458E+002 -5.788285900476E+003
  1.933066852148E-003  2.703485057171E-001  1.341425606504E+002 -5.756643764904E+003
  2.073802928647E-003  2.891703012264E-001  1.333346882256E+002 -5.724066506641E+003
  2.219504877777E-003  3.085367856261E-001  1.325031233312E+002 -5.690575506913E+003
  2.370175579090E-003  3.284366617199E-001  1.316483137576E+002 -5.656192611558E+003
  2.525818010992E-003  3.488583586218E-001  1.307707170545E+002 -5.620940104759E+003
  2.686435250879E-003  3.697900415532E-001  1.298708000524E+002 -5.584840682414E+003
  2.852030475254E-003  3.912196217871E-001  1.289490383784E+002 -5.547917425175E+003
  3.022606959872E-003  4.131347667276E-001  1.280059159666E+002 -5.510193771217E+003
  3.198168079872E-003  4.355229101092E-001  1.270419245644E+002 -5.471693488765E+003
  3.378717309917E-003  4.583712623024E-001  1.260575632350E+002 -5.432440648440E+003
  3.564258224347E-003  4.816668207116E-001  1.250533378574E+002 -5.392459595458E+003
  3.754794497325E-003  5.053963802501E-001  1.240297606240E+002 -5.351774921735E+003
  3.950329902993E-003  5.295465438802E-001  1.229873495372E+002 -5.310411437936E+003
  4.150868315631E-003  5.541037332023E-001  1.219266279060E+002 -5.268394145520E+003
  4.356413709820E-003  5.790541990809E-001  1.208481238423E+002 -5.225748208819E+003
  4.566970160612E-003  6.043840322923E-001  1.197523697584E+002 -5.182498927205E+003
  4.782541843700E-003  6.300791741823E-001  1.186399018672E+002 -5.138671707375E+003
  5.003133035593E-003  6.561254273181E-001  1.175112596838E+002 -5.094292035805E+003
  5.228748113801E-003  6.825084661243E-001  1.163669855316E+002 -5.049385451423E+003
  5.459391557015E-003  7.092138474876E-001  1.152076240517E+002 -5.003977518526E+003
  5.695067945303E-003  7.362270213187E-001  1.140337217175E+002 -4.958093799990E+003
  5.935781960296E-003  7.635333410590E-001  1.128458263545E+002 -4.911759830824E+003
  6.181538385392E-003  7.911180741204E-001  1.116444866668E+002 -4.865001092084E+003
  6.432342105956E-003  8.189664122457E-001  1.104302517695E+002 -4.817842985205E+003
  6.688198109528E-003  8.470634817791E-001  1.092036707296E+002 -4.770310806780E+003
  6.949111486034E-003  8.753943538352E-001  1.079652921138E+002 -4.722429723817E+003
  7.215087428003E-003  9.039440543571E-001  1.067156635459E+002 -4.674224749521E+003
  7.486131230784E-003  9.326975740511E-001  1.054553312727E+002 -4.625720719619E+003
  7.762248292776E-003  9.616398781916E-001  1.041848397402E+002 -4.576942269277E+003
  8.043444115654E-003  9.907559162836E-001  1.029047311790E+002 -4.527913810620E+003
  8.329724304602E-003  1.020030631576E+000  1.016155452021E+002 -4.478659510899E+003
  8.621094568555E-003  1.049448970417E+000  1.003178184119E+002 -4.429203271327E+003
  8.917560720438E-003  1.078995891442E+000  9.901208402006E+001 -4.379568706613E+003
  9.219128677417E-003  1.108656374591E+000  9.769887147923E+001 -4.329779125205E+003
  9.525804461149E-003  1.138415429940E+000  9.637870612654E+001 -4.279857510291E+003
  9.837594198038E-003  1.168258106352E+000  9.505210884029E+001 -4.229826501548E+003
  1.015450411950E-002  1.198169499931E+000  9.371959570948E+001 -4.179708377681E+003
  1.047654056222E-002  1.228134762274E+000  9.238167771655E+001 -4.129525039764E+003
  1.080370996845E-002  1.258139108529E+000  9.103886043377E+001 -4.079297995393E+003
  1.113601888623E-002  1.288167825237E+000  8.969164373328E+001 -4.029048343667E+003
  1.147347396972E-002  1.318206277963E+000  8.834052151111E+001 -3.978796761020E+003
  1.181608197948E-002  1.348239918713E+000  8.698598142524E+001 -3.928563487899E+003
  1.216384978272E-002  1.378254293137E+000  8.562850464795E+001 -3.878368316305E+003
  1.251678435364E-002  1.408235047498E+000  8.426856563239E+001 -3.828230578208E+003
  1.287489277369E-002  1.438167935432E+000  8.290663189360E+001 -3.778169134832E+003
  1.323818223191E-002  1.468038824479E+000  8.154316380390E+001 -3.728202366823E+003
  1.360666002522E-002  1.497833702380E+000  8.017861440271E+001 -3.678348165292E+003
  1.398033355872E-002  1.527538683162E+000  7.881342922073E+001 -3.628623923743E+003
  1.435921034603E-002  1.557140012985E+000  7.744804611853E+001 -3.579046530881E+003
  1.474329800963E-002  1.586624075769E+000  7.608289513933E+001 -3.529632364293E+003
  1.513260428113E-002  1.615977398594E+000  7.471839837599E+001 -3.480397285001E+003
  1.552713700165E-002  1.645186656877E+000  7.335496985191E+001 -3.431356632884E+003
  1.592690412217E-002  1.674238679325E+000  7.199301541596E+001 -3.382525222952E+003
  1.633191370382E-002  1.703120452669E+000  7.063293265089E+001 -3.333917342473E+003
  1.674217391826E-002  1.731819126175E+000  6.927511079533E+001 -3.285546748929E+003
  1.715769304806E-002  1.760322015949E+000  6.791993067895E+001 -3.237426668808E+003
  1.757847948698E-002  1.788616609024E+000  6.656776467059E+001 -3.189569797193E+003
  1.800454174044E-002  1.816690567233E+000  6.521897663908E+001 -3.141988298159E+003
  1.843588842578E-002  1.844531730886E+000  6.387392192645E+001 -3.094693805939E+003
  1.887252827273E-002  1.872128122242E+000  6.253294733316E+001 -3.047697426859E+003
  1.931447012370E-002  1.899467948784E+000  6.119639111514E+001 -3.001009742007E+003
  1.976172293425E-002  1.926539606297E+000  5.986458299207E+001 -2.954640810630E+003
  2.021429577341E-002  1.953331681769E+000  5.853784416677E+001 -2.908600174233E+003
  2.067219782411E-002  1.979832956098E+000  5.721648735512E+001 -2.862896861347E+003
  2.113543838356E-002  2.006032406629E+000  5.590081682619E+001 -2.817539392968E+003
  2.160402686371E-002  2.031919209516E+000  5.459112845221E+001 -2.772535788609E+003
  2.207797279156E-002  2.057482741915E+000  5.328770976783E+001 -2.727893572975E+003
  2.255728580967E-002  2.082712584022E+000  5.199084003830E+001 -2.683619783210E+003
  2.304197567655E-002  2.107598520949E+000  5.070079033622E+001 -2.639720976698E+003
  2.353205226706E-002  2.132130544455E+000  4.941782362615E+001 -2.596203239397E+003
  2.402752557287E-002  2.156298854532E+000  4.814219485695E+001 -2.553072194668E+003
  2.452840570292E-002  2.180093860853E+000  4.687415106108E+001 -2.510333012579E+003
  2.503470288379E-002  2.203506184086E+000  4.561393146055E+001 -2.467990419649E+003
  2.554642746023E-002  2.226526657089E+000  4.436176757910E+001 -2.426048709011E+003
  2.606358989558E-002  2.249146325980E+000  4.311788335990E+001 -2.384511750960E+003
  2.658620077221E-002  2.271356451091E+000  4.188249528863E+001 -2.343383003853E+003
  2.711427079202E-002  2.293148507820E+000  4.065581252107E+001 -2.302665525339E+003
  2.764781077690E-002  2.314514187381E+000  3.943803701512E+001 -2.262361983891E+003
  2.818683166921E-002  2.335445397449E+000  3.822936366650E+001 -2.222474670595E+003
  2.873134453224E-002  2.355934262727E+000  3.702998044779E+001 -2.183005511190E+003
  2.928136055074E-002  2.375973125417E+000  3.584006855027E+001 -2.143956078306E+003
  2.983689103139E-002  2.395554545618E+000  3.465980252827E+001 -2.105327603890E+003
  3.039794740329E-002  2.414671301649E+000  3.348935044532E+001 -2.067120991782E+003
  3.096454121851E-002  2.433316390298E+000  3.232887402191E+001 -2.029336830405E+003
  3.153668415253E-002  2.451483027014E+000  3.117852878431E+001 -1.991975405563E+003
  3.211438800486E-002  2.469164646034E+000  3.003846421402E+001 -1.955036713295E+003
  3.269766469947E-002  2.486354900456E+000  2.890882389752E+001 -1.918520472773E+003
  3.328652628537E-002  2.503047662266E+000  2.778974567581E+001 -1.882426139210E+003
  3.388098493714E-002  2.519237022310E+000  2.668136179347E+001 -1.846752916758E+003
  3.448105295547E-002  2.534917290233E+000  2.558379904682E+001 -1.811499771359E+003
  3.508674276771E-002  2.550082994374E+000  2.449717893080E+001 -1.776665443542E+003
  3.569806692844E-002  2.564728881626E+000  2.342161778427E+001 -1.742248461124E+003
  3.631503812000E-002  2.578849917264E+000  2.235722693341E+001 -1.708247151799E+003
  3.693766915309E-002  2.592441284747E+000  2.130411283280E+001 -1.674659655601E+003
  3.756597296732E-002  2.605498385490E+000  2.026237720413E+001 -1.641483937199E+003
  3.819996263183E-002  2.618016838611E+000  1.923211717190E+001 -1.608717798024E+003
  3.883965134583E-002  2.629992480665E+000  1.821342539629E+001 -1.576358888194E+003
  3.948505243923E-002  2.641421365345E+000  1.720639020251E+001 -1.544404718226E+003
  4.013617937323E-002  2.652299763177E+000  1.621109570677E+001 -1.512852670513E+003
  4.079304574093E-002  2.662624161193E+000  1.522762193844E+001 -1.481700010544E+003
  4.145566526792E-002  2.672391262584E+000  1.425604495831E+001 -1.450943897869E+003
  4.212405181296E-002  2.681597986352E+000  1.329643697276E+001 -1.420581396770E+003
  4.279821936853E-002  2.690241466932E+000  1.234886644365E+001 -1.390609486638E+003
  4.347818206155E-002  2.698319053810E+000  1.141339819388E+001 -1.361025072045E+003
  4.416395415396E-002  2.705828311131E+000  1.049009350840E+001 -1.331824992490E+003
  4.485555004336E-002  2.712767017281E+000  9.579010230667E+000 -1.303006031816E+003
  4.555298426375E-002  2.719133164467E+000  8.680202854430E+000 -1.274564927278E+003
  4.625627148608E-002  2.724924958281E+000  7.793722610739E+000 -1.246498378267E+003
  4.696542651902E-002  2.730140817239E+000  6.919617550214E+000 -1.218803054674E+003
  4.768046430958E-002  2.734779372323E+000  6.057932620503E+000 -1.191475604886E+003
  4.840139994379E-002  2.738839466484E+000  5.208709738912E+000 -1.164512663408E+003
  4.912824864743E-002  2.742320154147E+000  4.371987860241E+000 -1.137910858121E+003
  4.986102578670E-002  2.745220700681E+000  3.547803039823E+000 -1.111666817144E+003
  5.059974686895E-002  2.747540581855E+000  2.736188491824E+000 -1.085777175329E+003
  5.134442754336E-002  2.749279483272E+000  1.937174642851E+000 -1.060238580363E+003
  5.209508360169E-002  2.750437299771E+000  1.150789180925E+000 -1.035047698493E+003
  5.285173097899E-002  2.751014134809E+000  3.770570999250E-001 -1.010201219859E+003
  5.361438575437E-002  2.751010299806E+000 -3.839992604239E-001 -9.856958634511E+002
  5.438306415168E-002  2.750426313467E+000 -1.132360178894E+000 -9.615283816843E+002
  5.515778254035E-002  2.749262901061E+000 -1.868008521317E+000 -9.376955645966E+002
  5.593855743605E-002  2.747520993671E+000 -2.590929713230E+000 -9.141942436718E+002
  5.672540550155E-002  2.745201727394E+000 -3.301111716456E+000 -8.910212952961E+002
  5.751834354743E-002  2.742306442513E+000 -3.998545009478E+000 -8.681736438501E+002
  5.831738853289E-002  2.738836682613E+000 -4.683222571429E+000 -8.456482644441E+002
  5.912255756656E-002  2.734794193654E+000 -5.355139869532E+000 -8.234421853039E+002
  5.993386790726E-002  2.730180922994E+000 -6.014294849814E+000 -8.015524898142E+002
  6.075133696481E-002  2.724999018359E+000 -6.660687930899E+000 -7.799763182274E+002
  6.157498230090E-002  2.719250826756E+000 -7.294322000692E+000 -7.587108690483E+002
  6.240482162984E-002  2.712938893333E+000 -7.915202415746E+000 -7.377534001021E+002
  6.324087281946E-002  2.706065960169E+000 -8.523337003123E+000 -7.171012292973E+002
  6.408315389190E-002  2.698634965012E+000 -9.118736064521E+000 -6.967517350935E+002
  6.493168302447E-002  2.690649039940E+000 -9.701412382468E+000 -6.767023566842E+002
  6.578647855056E-002  2.682111509964E+000 -1.027138122836E+001 -6.569505939078E+002
  6.664755896041E-002  2.673025891552E+000 -1.082866037216E+001 -6.374940068962E+002
  6.751494290207E-002  2.663395891086E+000 -1.137327009342E+001 -6.183302154750E+002
  6.838864918226E-002  2.653225403241E+000 -1.190523319365E+001 -5.994568983262E+002
  6.926869676725E-002  2.642518509288E+000 -1.242457500952E+001 -5.808717919270E+002
  7.015510478375E-002  2.631279475317E+000 -1.293132342686E+001 -5.625726892771E+002
  7.104789251987E-002  2.619512750381E+000 -1.342550889529E+001 -5.445574384267E+002
  7.194707942599E-002  2.607222964556E+000 -1.390716444306E+001 -5.268239408198E+002
  7.285268511573E-002  2.594414926919E+000 -1.437632569206E+001 -5.093701494648E+002
  7.376472936684E-002  2.581093623439E+000 -1.483303087279E+001 -4.921940669452E+002
  7.468323212221E-002  2.567264214785E+000 -1.527732083895E+001 -4.752937432857E+002
  7.560821349078E-002  2.552932034041E+000 -1.570923908162E+001 -4.586672736844E+002
  7.653969374850E-002  2.538102584340E+000 -1.612883174273E+001 -4.423127961260E+002
  7.747769333938E-002  2.522781536403E+000 -1.653614762768E+001 -4.262284888878E+002
  7.842223287637E-002  2.506974725995E+000 -1.693123821687E+001 -4.104125679531E+002
  7.937333314243E-002  2.490688151288E+000 -1.731415767607E+001 -3.948632843427E+002
  8.033101509154E-002  2.473927970134E+000 -1.768496286539E+001 -3.795789213788E+002
  8.129529984966E-002  2.456700497252E+000 -1.804371334668E+001 -3.645577918925E+002
  8.226620871580E-002  2.439012201326E+000 -1.839047138928E+001 -3.497982353880E+002
  8.324376316303E-002  2.420869702012E+000 -1.872530197387E+001 -3.352986151746E+002
  8.422798483957E-002  2.402279766860E+000 -1.904827279443E+001 -3.210573154783E+002
  8.521889556978E-002  2.383249308149E+000 -1.935945425806E+001 -3.070727385443E+002
  8.621651735528E-002  2.363785379637E+000 -1.965891948259E+001 -2.933433017413E+002
  8.722087237602E-002  2.343895173226E+000 -1.994674429189E+001 -2.798674346778E+002
  8.823198299134E-002  2.323586015548E+000 -2.022300720877E+001 -2.666435763411E+002
  8.924987174107E-002  2.302865364463E+000 -2.048778944537E+001 -2.536701722683E+002
  9.027456134670E-002  2.281740805489E+000 -2.074117489099E+001 -2.409456717588E+002
  9.130607471240E-002  2.260220048147E+000 -2.098325009725E+001 -2.284685251366E+002
  9.234443492626E-002  2.238310922233E+000 -2.121410426062E+001 -2.162371810723E+002
  9.338966526132E-002  2.216021374022E+000 -2.143382920208E+001 -2.042500839711E+002
  9.444178917683E-002  2.193359462397E+000 -2.164251934413E+001 -1.925056714351E+002
  9.550083031933E-002  2.170333354919E+000 -2.184027168489E+001 -1.810023718071E+002
  9.656681252387E-002  2.146951323826E+000 -2.202718576943E+001 -1.697386018023E+002
  9.763975981519E-002  2.123221741977E+000 -2.220336365822E+001 -1.587127642336E+002
  9.871969640891E-002  2.099153078734E+000 -2.236890989277E+001 -1.479232458365E+002
  9.980664671274E-002  2.074753895796E+000 -2.252393145840E+001 -1.373684151988E+002
  1.009006353277E-001  2.050032842977E+000 -2.266853774428E+001 -1.270466207990E+002
  1.020016870494E-001  2.024998653938E+000 -2.280284050060E+001 -1.169561891584E+002
  1.031098268692E-001  1.999660141882E+000 -2.292695379305E+001 -1.070954231101E+002
  1.042250799756E-001  1.974026195201E+000 -2.304099395458E+001 -9.746260018748E+001
  1.053474717553E-001  1.948105773093E+000 -2.314507953453E+001 -8.805597113615E+001
  1.064770277946E-001  1.921907901145E+000 -2.323933124517E+001 -7.887375855017E+001
  1.076137738809E-001  1.895441666891E+000 -2.332387190569E+001 -6.991415563514E+001
  1.087577360036E-001  1.868716215342E+000 -2.339882638379E+001 -6.117532509911E+001
  1.099089403557E-001  1.841740744501E+000 -2.346432153494E+001 -5.265539817217E+001
  1.110674133350E-001  1.814524500863E+000 -2.352048613923E+001 -4.435247375502E+001
  1.122331815458E-001  1.787076774898E+000 -2.356745083624E+001 -3.626461769677E+001
  1.134062717995E-001  1.759406896535E+000 -2.360534805765E+001 -2.838986220107E+001
  1.145867111168E-001  1.731524230636E+000 -2.363431195802E+001 -2.072620536024E+001
  1.157745267286E-001  1.703438172480E+000 -2.365447834360E+001 -1.327161081576E+001
  1.169697460775E-001  1.675158143242E+000 -2.366598459947E+001 -6.024007543750E+000
  1.181723968193E-001  1.646693585493E+000 -2.366896961498E+001  1.018710236497E+000
  1.193825068243E-001  1.618053958703E+000 -2.366357370778E+001  7.858683033298E+000
  1.206001041787E-001  1.589248734774E+000 -2.364993854634E+001  1.449808593517E+001
  1.218252171865E-001  1.560287393583E+000 -2.362820707132E+001  2.093912834813E+001
  1.230578743703E-001  1.531179418562E+000 -2.359852341572E+001  2.718405362091E+001
  1.242981044731E-001  1.501934292300E+000 -2.356103282416E+001  3.323513856136E+001
  1.255459364600E-001  1.472561492181E+000 -2.351588157114E+001  3.909469284796E+001
  1.268013995194E-001  1.443070486065E+000 -2.346321687870E+001  4.476505833999E+001
  1.280645230647E-001  1.413470727999E+000 -2.340318683337E+001  5.024860829079E+001
  1.293353367356E-001  1.383771653986E+000 -2.333594030280E+001  5.554774646805E+001
  1.306138704000E-001  1.353982677793E+000 -2.326162685187E+001  6.066490618584E+001
  1.319001541553E-001  1.324113186815E+000 -2.318039665881E+001  6.560254925285E+001
  1.331942183303E-001  1.294172537990E+000 -2.309240043106E+001  7.036316484149E+001
  1.344960934863E-001  1.264170053777E+000 -2.299778932135E+001  7.494926828281E+001
  1.358058104191E-001  1.234115018192E+000 -2.289671484388E+001  7.936339979204E+001
  1.371234001607E-001  1.204016672909E+000 -2.278932879086E+001  8.360812312981E+001
  1.384488939805E-001  1.173884213426E+000 -2.267578314945E+001  8.768602420402E+001
  1.397823233874E-001  1.143726785305E+000 -2.255623001936E+001  9.159970961754E+001
  1.411237201313E-001  1.113553480475E+000 -2.243082153101E+001  9.535180516668E+001
  1.424731162050E-001  1.083373333617E+000 -2.229970976458E+001  9.894495429572E+001
  1.438305438454E-001  1.053195318623E+000 -2.216304666991E+001  1.023818165124E+002
  1.451960355357E-001  1.023028345130E+000 -2.202098398749E+001  1.056650657696E+002
  1.465696240072E-001  9.928812551380E-001 -2.187367317049E+001  1.087973888181E+002
  1.479513422405E-001  9.627628197077E-001 -2.172126530803E+001  1.117814835354E+002
  1.493412234681E-001  9.326817357415E-001 -2.156391104982E+001  1.146200572354E+002
  1.507393011753E-001  9.026466228489E-001 -2.140176053214E+001  1.173158249643E+002
  1.521456091027E-001  8.726660202992E-001 -2.123496330532E+001  1.198715077864E+002
  1.535601812478E-001  8.427483840588E-001 -2.106366826284E+001  1.222898310652E+002
  1.549830518669E-001  8.129020839189E-001 -2.088802357198E+001  1.245735227440E+002
  1.564142554766E-001  7.831354007098E-001 -2.070817660630E+001  1.267253116306E+002
  1.578538268564E-001  7.534565236058E-001 -2.052427387981E+001  1.287479256900E+002
  1.593018010499E-001  7.238735475191E-001 -2.033646098302E+001  1.306440903486E+002
  1.607582133673E-001  6.943944705846E-001 -2.014488252090E+001  1.324165268155E+002
  1.622230993867E-001  6.650271917347E-001 -1.994968205275E+001  1.340679504231E+002
  1.636964949568E-001  6.357795083641E-001 -1.975100203406E+001  1.356010689907E+002
  1.651784361984E-001  6.066591140862E-001 -1.954898376046E+001  1.370185812152E+002
  1.666689595063E-001  5.776735965782E-001 -1.934376731365E+001  1.383231750919E+002
  1.681681015517E-001  5.488304355179E-001 -1.913549150946E+001  1.395175263679E+002
  1.696758992842E-001  5.201370006082E-001 -1.892429384801E+001  1.406042970316E+002
  1.711923899335E-001  4.916005496921E-001 -1.871031046605E+001  1.415861338405E+002
  1.727176110118E-001  4.632282269548E-001 -1.849367609137E+001  1.424656668898E+002
  1.742516003158E-001  4.350270612145E-001 -1.827452399937E+001  1.432455082246E+002
  1.757943959287E-001  4.070039642991E-001 -1.805298597190E+001  1.439282504966E+002
  1.773460362227E-001  3.791657295088E-001 -1.782919225807E+001  1.445164656691E+002
  1.789065598608E-001  3.515190301640E-001 -1.760327153737E+001  1.450127037693E+002
  1.804760057990E-001  3.240704182361E-001 -1.737535088485E+001  1.454194916922E+002
  1.820544132889E-001  2.968263230615E-001 -1.714555573843E+001  1.457393320551E+002
  1.836418218792E-001  2.697930501358E-001 -1.691400986833E+001  1.459747021056E+002
  1.852382714189E-001  2.429767799890E-001 -1.668083534859E+001  1.461280526823E+002
  1.868438020586E-001  2.163835671384E-001 -1.644615253063E+001  1.462018072308E+002
  1.884584542535E-001  1.900193391184E-001 -1.621008001886E+001  1.461983608740E+002
  1.900822687655E-001  1.638898955867E-001 -1.597273464827E+001  1.461200795379E+002
  1.917152866652E-001  1.380009075036E-001 -1.573423146396E+001  1.459692991328E+002
  1.933575493349E-001  1.123579163841E-001 -1.549468370265E+001  1.457483247901E+002
  1.950090984705E-001  8.696633362100E-002 -1.525420277604E+001  1.454594301553E+002
  1.966699760840E-001  6.183143987670E-002 -1.501289825596E+001  1.451048567348E+002
  1.983402245061E-001  3.695838454319E-002 -1.477087786142E+001  1.446868132992E+002
  2.000198863884E-001  1.235218526746E-002 -1.452824744726E+001  1.442074753398E+002
  2.017090047061E-001 -1.198227245865E-002 -1.428511099464E+001  1.436689845793E+002
  2.034076227605E-001 -3.604023564612E-002 -1.404157060305E+001  1.430734485353E+002
  2.051157841813E-001 -5.981708409542E-002 -1.379772648398E+001  1.424229401359E+002
  2.068335329293E-001 -8.330833062412E-002 -1.355367695610E+001  1.417194973860E+002
  2.085609132993E-001 -1.065096212368E-001 -1.330951844190E+001  1.409651230841E+002
  2.102979699219E-001 -1.294167352392E-001 -1.306534546578E+001  1.401617845871E+002
  2.120447477670E-001 -1.520255852980E-001 -1.282125065351E+001  1.393114136231E+002
  2.138012921459E-001 -1.743322174475E-001 -1.257732473294E+001  1.384159061498E+002
  2.155676487143E-001 -1.963328110463E-001 -1.233365653603E+001  1.374771222579E+002
  2.173438634747E-001 -2.180236786833E-001 -1.209033300205E+001  1.364968861173E+002
  2.191299827795E-001 -2.394012660362E-001 -1.184743918187E+001  1.354769859649E+002
  2.209260533334E-001 -2.604621516832E-001 -1.160505824339E+001  1.344191741323E+002
  2.227321221965E-001 -2.812030468702E-001 -1.136327147797E+001  1.333251671118E+002
  2.245482367870E-001 -3.016207952334E-001 -1.112215830780E+001  1.321966456593E+002
  2.263744448840E-001 -3.217123724803E-001 -1.088179629420E+001  1.310352549311E+002
  2.282107946304E-001 -3.414748860296E-001 -1.064226114677E+001  1.298426046550E+002
  2.300573345358E-001 -3.609055746109E-001 -1.040362673336E+001  1.286202693318E+002
  2.319141134796E-001 -3.800018078266E-001 -1.016596509075E+001  1.273697884670E+002
  2.337811807137E-001 -3.987610856758E-001 -9.929346436024E+000  1.260926668300E+002
  2.356585858657E-001 -4.171810380428E-001 -9.693839178661E+000  1.247903747393E+002
  2.375463789419E-001 -4.352594241500E-001 -9.459509933137E+000  1.234643483723E+002
  2.394446103301E-001 -4.529941319764E-001 -9.226423532120E+000  1.221159900972E+002
  2.413533308032E-001 -4.703831776445E-001 -8.994643040174E+000  1.207466688262E+002
  2.432725915217E-001 -4.874247047730E-001 -8.764229767903E+000  1.193577203875E+002
  2.452024440374E-001 -5.041169838004E-001 -8.535243286536E+000  1.179504479149E+002
  2.471429402963E-001 -5.204584112763E-001 -8.307741442873E+000  1.165261222532E+002
  2.490941326418E-001 -5.364475091248E-001 -8.081780374585E+000  1.150859823772E+002
  2.510560738180E-001 -5.520829238778E-001 -7.857414525811E+000  1.136312358248E+002
  2.530288169732E-001 -5.673634258806E-001 -7.634696663025E+000  1.121630591397E+002
  2.550124156627E-001 -5.822879084703E-001 -7.413677891141E+000  1.106825983244E+002
  2.570069238527E-001 -5.968553871268E-001 -7.194407669824E+000  1.091909693016E+002
  2.590123959233E-001 -6.110649985978E-001 -6.976933829976E+000  1.076892583823E+002
  2.610288866721E-001 -6.249159999978E-001 -6.761302590371E+000  1.061785227389E+002
  2.630564513176E-001 -6.384077678821E-001 -6.547558574418E+000  1.046597908840E+002
  2.650951455027E-001 -6.515397972958E-001 -6.335744827023E+000  1.031340631504E+002
  2.671450252982E-001 -6.643117007980E-001 -6.125902831529E+000  1.016023121748E+002
  2.692061472063E-001 -6.767232074625E-001 -5.918072526720E+000  1.000654833809E+002
  2.712785681644E-001 -6.887741618547E-001 -5.712292323869E+000  9.852449546363E+001
  2.733623455485E-001 -7.004645229848E-001 -5.508599123803E+000  9.698024087128E+001
  2.754575371771E-001 -7.117943632381E-001 -5.307028333995E+000  9.543358628601E+001
  2.775642013146E-001 -7.227638672829E-001 -5.107613885645E+000  9.388537310154E+001
  2.796823966754E-001 -7.333733309550E-001 -4.910388250754E+000  9.233641789707E+001
  2.818121824272E-001 -7.436231601207E-001 -4.715382459178E+000  9.078751290689E+001
  2.839536181956E-001 -7.535138695175E-001 -4.522626115653E+000  8.923942648506E+001
  2.861067640671E-001 -7.630460815726E-001 -4.332147416785E+000  8.769290356436E+001
  2.882716805935E-001 -7.722205252001E-001 -4.143973168004E+000  8.614866610922E+001
  2.904484287958E-001 -7.810380345764E-001 -3.958128800465E+000  8.460741356199E+001
  2.926370701682E-001 -7.894995478946E-001 -3.774638387918E+000  8.306982328213E+001
  2.948376666818E-001 -7.976061060977E-001 -3.593524663514E+000  8.153655097807E+001
  2.970502807892E-001 -8.053588515904E-001 -3.414809036575E+000  8.000823113131E+001
  2.992749754281E-001 -8.127590269309E-001 -3.238511609311E+000  7.848547741254E+001
  3.015118140259E-001 -8.198079735009E-001 -3.064651193492E+000  7.696888308953E+001
  3.037608605035E-001 -8.265071301570E-001 -2.893245327082E+000  7.545902142669E+001
  3.060221792797E-001 -8.328580318597E-001 -2.724310290819E+000  7.395644607611E+001
  3.082958352758E-001 -8.388623082839E-001 -2.557861124778E+000  7.246169146002E+001
  3.105818939192E-001 -8.445216824091E-001 -2.393911644881E+000  7.097527314470E+001
  3.128804211487E-001 -8.498379690898E-001 -2.232474459398E+000  6.949768820563E+001
  3.151914834180E-001 -8.548130736069E-001 -2.073560985414E+000  6.802941558422E+001
  3.175151477009E-001 -8.594489901993E-001 -1.917181465286E+000  6.657091643593E+001
  3.198514814953E-001 -8.637478005775E-001 -1.763344983086E+000  6.512263447003E+001
  3.222005528283E-001 -8.677116724180E-001 -1.612059481044E+000  6.368499628100E+001
  3.245624302601E-001 -8.713428578397E-001 -1.463331775991E+000  6.225841167192E+001
  3.269371828894E-001 -8.746436918622E-001 -1.317167575813E+000  6.084327396983E+001
  3.293248803576E-001 -8.776165908468E-001 -1.173571495920E+000  5.943996033336E+001
  3.317255928537E-001 -8.802640509196E-001 -1.032547075738E+000  5.804883205290E+001
  3.341393911192E-001 -8.825886463788E-001 -8.940967952265E-001  5.667023484342E+001
  3.365663464529E-001 -8.845930280848E-001 -7.582220914379E-001  5.530449913034E+001
  3.390065307159E-001 -8.862799218343E-001 -6.249233751131E-001  5.395194032858E+001
  3.414600163363E-001 -8.876521267198E-001 -4.942000473258E-001  5.261285911522E+001
  3.439268763145E-001 -8.887125134729E-001 -3.660505161807E-001  5.128754169592E+001
  3.464071842282E-001 -8.894640227941E-001 -2.404722135690E-001  4.997626006551E+001
  3.489010142374E-001 -8.899096636682E-001 -1.174616119885E-001  4.867927226299E+001
  3.514084410898E-001 -8.900525116663E-001  2.985758570181E-003  4.739682262121E+001
  3.539295401259E-001 -8.898957072356E-001  1.208752936631E-001  4.612914201170E+001
  3.564643872842E-001 -8.894424539763E-001  2.362132973587E-001  4.487644808472E+001
  3.590130591069E-001 -8.886960169076E-001  3.490069651233E-001  4.363894550511E+001
  3.615756327448E-001 -8.876597207227E-001  4.592643666255E-001  4.241682618394E+001
  3.641521859632E-001 -8.863369480335E-001  5.669944284568E-001  4.121026950658E+001
  3.667427971473E-001 -8.847311376066E-001  6.722069167666E-001  4.001944255721E+001
  3.693475453076E-001 -8.828457825897E-001  7.749124198108E-001  3.884450034023E+001
  3.719665100860E-001 -8.806844287307E-001  8.751223304134E-001  3.768558599876E+001
  3.745997717609E-001 -8.782506725902E-001  9.728488283415E-001  3.654283103059E+001
  3.772474112534E-001 -8.755481597461E-001  1.068104862594E+000  3.541635550174E+001
  3.799095101331E-001 -8.725805829948E-001  1.160904133605E+000  3.430626825794E+001
  3.825861506238E-001 -8.693516805463E-001  1.251261075364E+000  3.321266713426E+001
  3.852774156096E-001 -8.658652342158E-001  1.339190837456E+000  3.213563916312E+001
  3.879833886411E-001 -8.621250676132E-001  1.424709267026E+000  3.107526078087E+001
  3.907041539409E-001 -8.581350443296E-001  1.507832890660E+000  3.003159803320E+001
  3.934397964105E-001 -8.538990661232E-001  1.588578896212E+000  2.900470677950E+001
  3.961904016361E-001 -8.494210711051E-001  1.666965114547E+000  2.799463289640E+001
  3.989560558949E-001 -8.447050319253E-001  1.743010001238E+000  2.700141248057E+001
  4.017368461617E-001 -8.397549539613E-001  1.816732618203E+000  2.602507205109E+001
  4.045328601149E-001 -8.345748735079E-001  1.888152615288E+000  2.506562875129E+001
  4.073441861437E-001 -8.291688559722E-001  1.957290211821E+000  2.412309055040E+001
  4.101709133538E-001 -8.235409940714E-001  2.024166178114E+000  2.319745644501E+001
  4.130131315750E-001 -8.176954060372E-001  2.088801816954E+000  2.228871666037E+001
  4.158709313670E-001 -8.116362338262E-001  2.151218945060E+000  2.139685285175E+001
  4.187444040269E-001 -8.053676413374E-001  2.211439874540E+000  2.052183830583E+001
  4.216336415958E-001 -7.988938126379E-001  2.269487394336E+000  1.966363814215E+001
  4.245387368658E-001 -7.922189501982E-001  2.325384751680E+000  1.882220951476E+001
  4.274597833869E-001 -7.853472731376E-001  2.379155633563E+000  1.799750181397E+001
  4.303968754741E-001 -7.782830154797E-001  2.430824148231E+000  1.718945686832E+001
  4.333501082151E-001 -7.710304244211E-001  2.480414806707E+000  1.639800914666E+001
  4.363195774768E-001 -7.635937586121E-001  2.527952504370E+000  1.562308596042E+001
  4.393053799131E-001 -7.559772864517E-001  2.573462502573E+000  1.486460766605E+001
  4.423076129724E-001 -7.481852843965E-001  2.616970410338E+000  1.412248786750E+001
  4.453263749047E-001 -7.402220352860E-001  2.658502166120E+000  1.339663361875E+001
  4.483617647698E-001 -7.320918266834E-001  2.698084019650E+000  1.268694562645E+001
  4.514138824444E-001 -7.237989492345E-001  2.735742513885E+000  1.199331845237E+001
  4.544828286302E-001 -7.153476950434E-001  2.771504467055E+000  1.131564071580E+001
  4.575687048617E-001 -7.067423560680E-001  2.805396954828E+000  1.065379529574E+001
  4.606716135142E-001 -6.979872225351E-001  2.837447292602E+000  1.000765953282E+001
  4.637916578118E-001 -6.890865813748E-001  2.867683017939E+000  9.377105430777E+000
  4.669289418353E-001 -6.800447146771E-001  2.896131873134E+000  8.761999857543E+000
  4.700835705309E-001 -6.708658981700E-001  2.922821787957E+000  8.162204745708E+000
  4.732556497182E-001 -6.615543997195E-001  2.947780862550E+000  7.577577292326E+000
  4.764452860985E-001 -6.521144778536E-001  2.971037350511E+000  7.007970157928E+000
  4.796525872639E-001 -6.425503803092E-001  2.992619642160E+000  6.453231664632E+000
  4.828776617050E-001 -6.328663426046E-001  3.012556248003E+000  5.913205993248E+000
  4.861206188205E-001 -6.230665866355E-001  3.030875782407E+000  5.387733379233E+000
  4.893815689254E-001 -6.131553192980E-001  3.047606947485E+000  4.876650307408E+000
  4.926606232602E-001 -6.031367311365E-001  3.062778517213E+000  4.379789705289E+000
  4.959578939999E-001 -5.930149950188E-001  3.076419321771E+000  3.896981134931E+000
  4.992734942630E-001 -5.827942648386E-001  3.088558232135E+000  3.428050983144E+000
  5.026075381207E-001 -5.724786742444E-001  3.099224144919E+000  2.972822649981E+000
  5.059601406064E-001 -5.620723353974E-001  3.108445967464E+000  2.531116735358E+000
  5.093314177250E-001 -5.515793377573E-001  3.116252603208E+000  2.102751223697E+000
  5.127214864626E-001 -5.410037468966E-001  3.122672937319E+000  1.687541666470E+000
  5.161304647959E-001 -5.303496033443E-001  3.127735822611E+000  1.285301362529E+000
  5.195584717022E-001 -5.196209214586E-001  3.131470065741E+000  8.958415361104E-001
  5.230056271692E-001 -5.088216883289E-001  3.133904413709E+000  5.189715123950E-001
  5.264720522050E-001 -4.979558627086E-001  3.135067540647E+000  1.544988905243E-001
  5.299578688483E-001 -4.870273739765E-001  3.134988034911E+000 -1.977702860376E-001
  5.334632001783E-001 -4.760401211300E-001  3.133694386490E+000 -5.380313618967E-001
  5.369881703256E-001 -4.649979718066E-001  3.131214974718E+000 -8.664809049732E-001
  5.405329044823E-001 -4.539047613383E-001  3.127578056313E+000 -1.183316544693E+000
  5.440975289128E-001 -4.427642918341E-001  3.122811753727E+000 -1.488736813215E+000
  5.476821709641E-001 -4.315803312950E-001  3.116944043829E+000 -1.782940989775E+000
  5.512869590774E-001 -4.203566127584E-001  3.110002746912E+000 -2.066128948240E+000
  5.549120227985E-001 -4.090968334739E-001  3.102015516033E+000 -2.338501007930E+000
  5.585574927889E-001 -3.978046541091E-001  3.093009826680E+000 -2.600257787797E+000
  5.622235008375E-001 -3.864836979864E-001  3.083012966780E+000 -2.851600064014E+000
  5.659101798716E-001 -3.751375503503E-001  3.072052027043E+000 -3.092728631040E+000
  5.696176639685E-001 -3.637697576643E-001  3.060153891637E+000 -3.323844166221E+000
  5.733460883672E-001 -3.523838269391E-001  3.047345229207E+000 -3.545147097971E+000
  5.770955894803E-001 -3.409832250903E-001  3.033652484231E+000 -3.756837477584E+000
  5.808663049055E-001 -3.295713783257E-001  3.019101868716E+000 -3.959114854716E+000
  5.846583734383E-001 -3.181516715632E-001  3.003719354225E+000 -4.152178156569E+000
  5.884719350837E-001 -3.067274478772E-001  2.987530664253E+000 -4.336225570818E+000
  5.923071310690E-001 -2.953020079745E-001  2.970561266930E+000 -4.511454432290E+000
  5.961641038558E-001 -2.838786096999E-001  2.952836368065E+000 -4.678061113433E+000
  6.000429971532E-001 -2.724604675689E-001  2.934380904516E+000 -4.836240918576E+000
  6.039439559304E-001 -2.610507523303E-001  2.915219537903E+000 -4.986187981998E+000
  6.078671264295E-001 -2.496525905558E-001  2.895376648639E+000 -5.128095169806E+000
  6.118126561791E-001 -2.382690642575E-001  2.874876330291E+000 -5.262153985630E+000
  6.157806940069E-001 -2.269032105328E-001  2.853742384269E+000 -5.388554480121E+000
  6.197713900541E-001 -2.155580212359E-001  2.831998314828E+000 -5.507485164253E+000
  6.237848957880E-001 -2.042364426764E-001  2.809667324391E+000 -5.619132926410E+000
  6.278213640166E-001 -1.929413753428E-001  2.786772309184E+000 -5.723682953237E+000
  6.318809489022E-001 -1.816756736527E-001  2.763335855182E+000 -5.821318654243E+000
  6.359638059756E-001 -1.704421457280E-001  2.739380234352E+000 -5.912221590124E+000
  6.400700921502E-001 -1.592435531942E-001  2.714927401210E+000 -5.996571404770E+000
  6.441999657370E-001 -1.480826110044E-001  2.689998989658E+000 -6.074545760941E+000
  6.483535864586E-001 -1.369619872871E-001  2.664616310121E+000 -6.146320279545E+000
  6.525311154647E-001 -1.258843032173E-001  2.638800346972E+000 -6.212068482512E+000
  6.567327153465E-001 -1.148521329097E-001  2.612571756225E+000 -6.271961739191E+000
  6.609585501525E-001 -1.038680033349E-001  2.585950863516E+000 -6.326169216230E+000
  6.652087854034E-001 -9.293439425725E-002  2.558957662343E+000 -6.374857830906E+000
  6.694835881080E-001 -8.205373819326E-002  2.531611812577E+000 -6.418192207818E+000
  6.737831267789E-001 -7.122842039137E-002  2.503932639225E+000 -6.456334638923E+000
  6.781075714485E-001 -6.046077883143E-002  2.475939131448E+000 -6.489445046822E+000
  6.824570936852E-001 -4.975310424390E-002  2.447649941818E+000 -6.517680951265E+000
  6.868318666096E-001 -3.910764014802E-002  2.419083385823E+000 -6.541197438786E+000
  6.912320649114E-001 -2.852658290846E-002  2.390257441596E+000 -6.560147135424E+000
  6.956578648660E-001 -1.801208180993E-002  2.361189749877E+000 -6.574680182439E+000
  7.001094443516E-001 -7.566239149064E-003  2.331897614186E+000 -6.584944214980E+000
  7.045869828664E-001  2.808889656796E-003  2.302398001220E+000 -6.591084343611E+000
  7.090906615461E-001  1.311129594463E-002  2.272707541444E+000 -6.593243138630E+000
  7.136206631812E-001  2.333901766504E-002  2.242842529891E+000 -6.591560617120E+000
  7.181771722357E-001  3.349013922644E-002  2.212818927154E+000 -6.586174232629E+000
  7.227603748644E-001  4.356279132458E-002  2.182652360554E+000 -6.577218867432E+000
  7.273704589315E-001  5.355515075813E-002  2.152358125504E+000 -6.564826827281E+000
  7.320076140295E-001  6.346544023069E-002  2.121951187030E+000 -6.549127838565E+000
  7.366720314977E-001  7.329192813987E-002  2.091446181466E+000 -6.530249047810E+000
  7.413639044413E-001  8.303292835391E-002  2.060857418308E+000 -6.508315023438E+000
  7.460834277508E-001  9.268679997649E-002  2.030198882218E+000 -6.483447759696E+000
  7.508307981215E-001  1.022519471001E-001  1.999484235174E+000 -6.455766682688E+000
  7.556062140732E-001  1.117268185485E-001  1.968726818761E+000 -6.425388658427E+000
  7.604098759705E-001  1.211099076092E-001  1.937939656593E+000 -6.392428002821E+000
  7.652419860431E-001  1.303997517553E-001  1.907135456860E+000 -6.356996493522E+000
  7.701027484060E-001  1.395949323593E-001  1.876326614999E+000 -6.319203383555E+000
  7.749923690810E-001  1.486940743965E-001  1.845525216472E+000 -6.279155416646E+000
  7.799110560171E-001  1.576958461414E-001  1.814743039655E+000 -6.236956844179E+000
  7.848590191124E-001  1.665989588553E-001  1.783991558826E+000 -6.192709443692E+000
  7.898364702358E-001  1.754021664667E-001  1.753281947251E+000 -6.146512538844E+000
  7.948436232486E-001  1.841042652454E-001  1.722625080353E+000 -6.098463020782E+000
  7.998806940270E-001  1.927040934686E-001  1.692031538965E+000 -6.048655370812E+000
  8.049479004846E-001  2.012005310823E-001  1.661511612664E+000 -5.997181684321E+000
  8.100454625952E-001  2.095924993564E-001  1.631075303172E+000 -5.944131695869E+000
  8.151736024160E-001  2.178789605341E-001  1.600732327822E+000 -5.889592805373E+000
  8.203325441110E-001  2.260589174774E-001  1.570492123086E+000 -5.833650105323E+000
  8.255225139746E-001  2.341314133072E-001  1.540363848158E+000 -5.776386408947E+000
  8.307437404560E-001  2.420955310395E-001  1.510356388583E+000 -5.717882279271E+000
  8.359964541833E-001  2.499503932183E-001  1.480478359935E+000 -5.658216058994E+000
  8.412808879885E-001  2.576951615443E-001  1.450738111532E+000 -5.597463901122E+000
  8.465972769320E-001  2.653290365010E-001  1.421143730181E+000 -5.535699800286E+000
  8.519458583285E-001  2.728512569783E-001  1.391703043964E+000 -5.472995624694E+000
  8.573268717726E-001  2.802610998927E-001  1.362423626037E+000 -5.409421148648E+000
  8.627405591648E-001  2.875578798062E-001  1.333312798461E+000 -5.345044085564E+000
  8.681871647376E-001  2.947409485433E-001  1.304377636038E+000 -5.279930121445E+000
  8.736669350829E-001  3.018096948058E-001  1.275624970172E+000 -5.214142948748E+000
  8.791801191785E-001  3.087635437867E-001  1.247061392730E+000 -5.147744300581E+000
  8.847269684160E-001  3.156019567834E-001  1.218693259911E+000 -5.080793985194E+000
  8.903077366283E-001  3.223244308091E-001  1.190526696115E+000 -5.013349920701E+000
  8.959226801184E-001  3.289304982045E-001  1.162567597814E+000 -4.945468169984E+000
  9.015720576873E-001  3.354197262487E-001  1.134821637408E+000 -4.877202975738E+000
  9.072561306635E-001  3.417917167698E-001  1.107294267087E+000 -4.808606795608E+000
  9.129751629322E-001  3.480461057557E-001  1.079990722666E+000 -4.739730337366E+000
  9.187294209652E-001  3.541825629654E-001  1.052916027414E+000 -4.670622594104E+000
  9.245191738511E-001  3.602007915397E-001  1.026074995865E+000 -4.601330879383E+000
  9.303446933257E-001  3.661005276135E-001  9.994722376048E-001 -4.531900862314E+000
  9.362062538036E-001  3.718815399279E-001  9.731121610415E-001 -4.462376602523E+000
  9.421041324088E-001  3.775436294436E-001  9.469989771454E-001 -4.392800584975E+000
  9.480386090075E-001  3.830866289550E-001  9.211367031658E-001 -4.323213754616E+000
  9.540099662399E-001  3.885104027057E-001  8.955291663166E-001 -4.253655550805E+000
  9.600184895530E-001  3.938148460040E-001  8.701800074324E-001 -4.184163941508E+000
  9.660644672342E-001  3.989998848411E-001  8.450926845916E-001 -4.114775457218E+000
  9.721481904447E-001  4.040654755099E-001  8.202704767045E-001 -4.045525224583E+000
  9.782699532537E-001  4.090116042248E-001  7.957164870668E-001 -3.976446999718E+000
  9.844300526731E-001  4.138382867435E-001  7.714336468752E-001 -3.907573201165E+000
  9.906287886927E-001  4.185455679906E-001  7.474247187048E-001 -3.838934942497E+000
  9.968664643158E-001  4.231335216815E-001  7.236922999469E-001 -3.770562064531E+000
  1.003143385595E+000  4.276022499494E-001  7.002388262062E-001 -3.702483167143E+000
  1.009459861670E+000  4.319518829729E-001  6.770665746571E-001 -3.634725640659E+000
  1.015816204803E+000  4.361825786057E-001  6.541776673567E-001 -3.567315696812E+000
  1.022212730417E+000  4.402945220079E-001  6.315740745157E-001 -3.500278399249E+000
  1.028649757135E+000  4.442879252786E-001  6.092576177257E-001 -3.433637693579E+000
  1.035127606818E+000  4.481630270911E-001  5.872299731416E-001 -3.367416436940E+000
  1.041646604604E+000  4.519200923288E-001  5.654926746210E-001 -3.301636427091E+000
  1.048207078948E+000  4.555594117234E-001  5.440471168172E-001 -3.236318431007E+000
  1.054809361664E+000  4.590813014946E-001  5.228945582289E-001 -3.171482212972E+000
  1.061453787962E+000  4.624861029914E-001  5.020361242034E-001 -3.107146562174E+000
  1.068140696494E+000  4.657741823351E-001  4.814728098954E-001 -3.043329319780E+000
  1.074870429395E+000  4.689459300638E-001  4.612054831805E-001 -2.980047405498E+000
  1.081643332322E+000  4.720017607791E-001  4.412348875232E-001 -2.917316843626E+000
  1.088459754505E+000  4.749421127929E-001  4.215616448010E-001 -2.855152788573E+000
  1.095320048782E+000  4.777674477777E-001  4.021862580823E-001 -2.793569549865E+000
  1.102224571653E+000  4.804782504165E-001  3.831091143614E-001 -2.732580616622E+000
  1.109173683316E+000  4.830750280557E-001  3.643304872482E-001 -2.672198681520E+000
  1.116167747721E+000  4.855583103579E-001  3.458505396148E-001 -2.612435664232E+000
  1.123207132611E+000  4.879286489574E-001  3.276693261987E-001 -2.553302734352E+000
  1.130292209573E+000  4.901866171163E-001  3.097867961629E-001 -2.494810333801E+000
  1.137423354084E+000  4.923328093818E-001  2.922027956138E-001 -2.436968198730E+000
  1.144600945560E+000  4.943678412447E-001  2.749170700777E-001 -2.379785380906E+000
  1.151825367405E+000  4.962923487997E-001  2.579292669354E-001 -2.323270268610E+000
  1.159097007063E+000  4.981069884058E-001  2.412389378168E-001 -2.267430607030E+000
  1.166416256069E+000  4.998124363485E-001  2.248455409553E-001 -2.212273518165E+000
  1.173783510095E+000  5.014093885027E-001  2.087484435026E-001 -2.157805520248E+000
  1.181199169012E+000  5.028985599962E-001  1.929469238059E-001 -2.104032546694E+000
  1.188663636935E+000  5.042806848750E-001  1.774401736456E-001 -2.050959964574E+000
  1.196177322279E+000  5.055565157684E-001  1.622273004372E-001 -1.998592592637E+000
  1.203740637818E+000  5.067268235554E-001  1.473073293962E-001 -1.946934718862E+000
  1.211354000735E+000  5.077923970318E-001  1.326792056668E-001 -1.895990117584E+000
  1.219017832681E+000  5.087540425780E-001  1.183417964165E-001 -1.845762066172E+000
  1.226732559833E+000  5.096125838271E-001  1.042938928954E-001 -1.796253361278E+000
  1.234498612950E+000  5.103688613340E-001  9.053421246277E-002 -1.747466334673E+000
  1.242316427433E+000  5.110237322448E-001  7.706140058019E-002 -1.699402868673E+000
  1.250186443388E+000  5.115780699666E-001  6.387403277317E-002 -1.652064411153E+000
  1.258109105679E+000  5.120327638382E-001  5.097061656099E-002 -1.605451990185E+000
  1.266084863999E+000  5.123887188003E-001  3.834959335609E-002 -1.559566228282E+000
  1.274114172926E+000  5.126468550670E-001  2.600934033351E-002 -1.514407356272E+000
  1.282197491990E+000  5.128081077973E-001  1.394817227115E-002 -1.469975226812E+000
  1.290335285734E+000  5.128734267664E-001  2.164343361476E-003 -1.426269327540E+000
  1.298528023786E+000  5.128437760379E-001 -9.343951004618E-003 -1.383288793888E+000
  1.306776180919E+000  5.127201336362E-001 -2.057857248113E-002 -1.341032421554E+000
  1.315080237120E+000  5.125034912184E-001 -3.154143803681E-002 -1.299498678651E+000
  1.323440677664E+000  5.121948537471E-001 -4.223451825095E-002 -1.258685717536E+000
  1.331857993175E+000  5.117952391630E-001 -5.265983563444E-002 -1.218591386328E+000
  1.340332679704E+000  5.113056780577E-001 -6.281946297559E-002 -1.179213240129E+000
  1.348865238797E+000  5.107272133463E-001 -7.271552171008E-002 -1.140548551950E+000
  1.357456177571E+000  5.100608999406E-001 -8.235018031446E-002 -1.102594323353E+000
  1.366106008782E+000  5.093078044219E-001 -9.172565272273E-002 -1.065347294824E+000
  1.374815250909E+000  5.084690047143E-001 -1.008441967656E-001 -1.028803955869E+000
  1.383584428224E+000  5.075455897570E-001 -1.097081126314E-001 -9.929605548602E-001
  1.392414070872E+000  5.065386591784E-001 -1.183197413493E-001 -9.578131086215E-001
  1.401304714948E+000  5.054493229680E-001 -1.266814632929E-001 -9.233574117785E-001
  1.410256902580E+000  5.042787011505E-001 -1.347956967051E-001 -8.895890458654E-001
  1.419271182008E+000  5.030279234580E-001 -1.426648962430E-001 -8.565033882046E-001
  1.428348107668E+000  5.016981290034E-001 -1.502915515428E-001 -8.240956205621E-001
  1.437488240275E+000  5.002904659537E-001 -1.576781858043E-001 -7.923607375872E-001
  1.446692146911E+000  4.988060912023E-001 -1.648273543947E-001 -7.612935550414E-001
  1.455960401104E+000  4.972461700426E-001 -1.717416434713E-001 -7.308887178231E-001
  1.465293582927E+000  4.956118758408E-001 -1.784236686225E-001 -7.011407077947E-001
  1.474692279079E+000  4.939043897088E-001 -1.848760735276E-001 -6.720438514159E-001
  1.484157082978E+000  4.921249001775E-001 -1.911015286341E-001 -6.435923271911E-001
  1.493688594856E+000  4.902746028694E-001 -1.971027298537E-001 -6.157801729336E-001
  1.503287421848E+000  4.883547001719E-001 -2.028823972746E-001 -5.886012928537E-001
  1.512954178094E+000  4.863664009105E-001 -2.084432738925E-001 -5.620494644737E-001
  1.522689484827E+000  4.843109200218E-001 -2.137881243578E-001 -5.361183453753E-001
  1.532493970480E+000  4.821894782266E-001 -2.189197337399E-001 -5.108014797839E-001
  1.542368270780E+000  4.800033017033E-001 -2.238409063089E-001 -4.860923049927E-001
  1.552313028853E+000  4.777536217614E-001 -2.285544643336E-001 -4.619841576317E-001
  1.562328895326E+000  4.754416745145E-001 -2.330632468953E-001 -4.384702797850E-001
  1.572416528431E+000  4.730687005545E-001 -2.373701087192E-001 -4.155438249593E-001
  1.582576594115E+000  4.706359446249E-001 -2.414779190213E-001 -3.931978639079E-001
  1.592809766145E+000  4.681446552947E-001 -2.453895603712E-001 -3.714253903120E-001
  1.603116726218E+000  4.655960846328E-001 -2.491079275715E-001 -3.502193263244E-001
  1.613498164078E+000  4.629914878817E-001 -2.526359265528E-001 -3.295725279757E-001
  1.623954777622E+000  4.603321231325E-001 -2.559764732844E-001 -3.094777904481E-001
  1.634487273025E+000  4.576192509992E-001 -2.591324927007E-001 -2.899278532179E-001
  1.645096364848E+000  4.548541342938E-001 -2.621069176434E-001 -2.709154050695E-001
  1.655782776168E+000  4.520380377014E-001 -2.649026878191E-001 -2.524330889831E-001
  1.666547238688E+000  4.491722274558E-001 -2.675227487725E-001 -2.344735068988E-001
  1.677390492873E+000  4.462579710152E-001 -2.699700508744E-001 -2.170292243578E-001
  1.688313288066E+000  4.432965367385E-001 -2.722475483257E-001 -2.000927750239E-001
  1.699316382620E+000  4.402891935615E-001 -2.743581981763E-001 -1.836566650869E-001
  1.710400544029E+000  4.372372106740E-001 -2.763049593586E-001 -1.677133775490E-001
  1.721566549058E+000  4.341418571969E-001 -2.780907917371E-001 -1.522553763965E-001
  1.732815183877E+000  4.310044018601E-001 -2.797186551718E-001 -1.372751106580E-001
  1.744147244202E+000  4.278261126803E-001 -2.811915085971E-001 -1.227650183513E-001
  1.755563535430E+000  4.246082566397E-001 -2.825123091154E-001 -1.087175303194E-001
  1.767064872781E+000  4.213520993654E-001 -2.836840111050E-001 -9.512507395801E-002
  1.778652081442E+000  4.180589048086E-001 -2.847095653429E-001 -8.198007683580E-002
  1.790325996715E+000  4.147299349249E-001 -2.855919181419E-001 -6.927497020808E-002
  1.802087464166E+000  4.113664493548E-001 -2.863340105018E-001 -5.700219242617E-002
  1.813937339772E+000  4.079697051056E-001 -2.869387772754E-001 -4.515419224319E-002
  1.825876490081E+000  4.045409562327E-001 -2.874091463476E-001 -3.372343201784E-002
  1.837905792365E+000  4.010814535227E-001 -2.877480378296E-001 -2.270239081739E-002
  1.850026134778E+000  3.975924441762E-001 -2.879583632657E-001 -1.208356742120E-002
  1.862238416525E+000  3.940751714924E-001 -2.880430248549E-001 -1.859483226170E-003
  1.874543548019E+000  3.905308745536E-001 -2.880049146850E-001  7.977314944680E-003
  1.886942451054E+000  3.869607879108E-001 -2.878469139809E-001  1.743425212904E-002
  1.899436058973E+000  3.833661412701E-001 -2.875718923650E-001  2.651872260626E-002
  1.912025316845E+000  3.797481591801E-001 -2.871827071322E-001  3.523808737098E-002
  1.924711181638E+000  3.761080607204E-001 -2.866822025359E-001  4.359967169809E-002
  1.937494622402E+000  3.724470591903E-001 -2.860732090880E-001  5.161076279747E-002
  1.950376620452E+000  3.687663617995E-001 -2.853585428710E-001  5.927860755717E-002
  1.963358169552E+000  3.650671693593E-001 -2.845410048616E-001  6.661041037337E-002
  1.976440276109E+000  3.613506759748E-001 -2.836233802681E-001  7.361333106573E-002
  1.989623959360E+000  3.576180687391E-001 -2.826084378774E-001  8.029448287636E-002
  2.002910251577E+000  3.538705274276E-001 -2.814989294159E-001  8.666093055097E-002
  2.016300198259E+000  3.501092241948E-001 -2.802975889202E-001  9.271968850036E-002
  2.029794858340E+000  3.463353232715E-001 -2.790071321200E-001  9.847771904072E-002
  2.043395304396E+000  3.425499806641E-001 -2.776302558316E-001  1.039419307108E-001
  2.057102622856E+000  3.387543438551E-001 -2.761696373623E-001  1.091191766645E-001
  2.070917914217E+000  3.349495515058E-001 -2.746279339261E-001  1.140162531363E-001
  2.084842293261E+000  3.311367331596E-001 -2.730077820684E-001  1.186398979790E-001
  2.098876889283E+000  3.273170089484E-001 -2.713117971026E-001  1.229967892703E-001
  2.113022846310E+000  3.234914893002E-001 -2.695425725555E-001  1.270935439875E-001
  2.127281323341E+000  3.196612746487E-001 -2.677026796233E-001  1.309367167480E-001
  2.141653494575E+000  3.158274551453E-001 -2.657946666367E-001  1.345327986131E-001
  2.156140549656E+000  3.119911103731E-001 -2.638210585361E-001  1.378882159544E-001
  2.170743693911E+000  3.081533090639E-001 -2.617843563553E-001  1.410093293786E-001
  2.185464148607E+000  3.043151088163E-001 -2.596870367157E-001  1.439024327116E-001
  2.200303151197E+000  3.004775558184E-001 -2.575315513277E-001  1.465737520369E-001
  2.215261955581E+000  2.966416845712E-001 -2.553203265026E-001  1.490294447884E-001
  2.230341832367E+000  2.928085176167E-001 -2.530557626725E-001  1.512755988943E-001
  2.245544069142E+000  2.889790652678E-001 -2.507402339188E-001  1.533182319707E-001
  2.260869970742E+000  2.851543253423E-001 -2.483760875096E-001  1.551632905621E-001
  2.276320859530E+000  2.813352828996E-001 -2.459656434450E-001  1.568166494285E-001
  2.291898075679E+000  2.775229099814E-001 -2.435111940117E-001  1.582841108741E-001
  2.307602977460E+000  2.737181653562E-001 -2.410150033452E-001  1.595714041188E-001
  2.323436941540E+000  2.699219942673E-001 -2.384793070005E-001  1.606841847086E-001
  2.339401363274E+000  2.661353281854E-001 -2.359063115313E-001  1.616280339630E-001
  2.355497657016E+000  2.623590845650E-001 -2.332981940774E-001  1.624084584586E-001
  2.371727256428E+000  2.585941666061E-001 -2.306571019609E-001  1.630308895460E-001
  2.388091614797E+000  2.548414630197E-001 -2.279851522900E-001  1.635006828990E-001
  2.404592205358E+000  2.511018477988E-001 -2.252844315723E-001  1.638231180933E-001
  2.421230521622E+000  2.473761799946E-001 -2.225569953357E-001  1.640033982141E-001
  2.438008077714E+000  2.436653034979E-001 -2.198048677596E-001  1.640466494909E-001
  2.454926408713E+000  2.399700468256E-001 -2.170300413128E-001  1.639579209570E-001
  2.471987071003E+000  2.362912229146E-001 -2.142344764031E-001  1.637421841329E-001
  2.489191642624E+000  2.326296289196E-001 -2.114201010336E-001  1.634043327327E-001
  2.506541723641E+000  2.289860460193E-001 -2.085888104707E-001  1.629491823916E-001
  2.524038936507E+000  2.253612392275E-001 -2.057424669206E-001  1.623814704125E-001
  2.541684926444E+000  2.217559572123E-001 -2.028828992162E-001  1.617058555332E-001
  2.559481361827E+000  2.181709321212E-001 -2.000119025144E-001  1.609269177093E-001
  2.577429934572E+000  2.146068794147E-001 -1.971312380042E-001  1.600491579166E-001
  2.595532360540E+000  2.110644977061E-001 -1.942426326252E-001  1.590769979674E-001
  2.613790379943E+000  2.075444686103E-001 -1.913477787988E-001  1.580147803435E-001
  2.632205757760E+000  2.040474565998E-001 -1.884483341693E-001  1.568667680442E-001
  2.650780284158E+000  2.005741088697E-001 -1.855459213590E-001  1.556371444484E-001
  2.669515774928E+000  1.971250552105E-001 -1.826421277349E-001  1.543300131907E-001
  2.688414071925E+000  1.937009078898E-001 -1.797385051884E-001  1.529493980515E-001
  2.707477043518E+000  1.903022615439E-001 -1.768365699295E-001  1.514992428611E-001
  2.726706585047E+000  1.869296930773E-001 -1.739378022934E-001  1.499834114171E-001
  2.746104619295E+000  1.835837615726E-001 -1.710436465633E-001  1.484056874158E-001
  2.765673096964E+000  1.802650082098E-001 -1.681555108070E-001  1.467697743977E-001
  2.785413997161E+000  1.769739561953E-001 -1.652747667295E-001  1.450792957070E-001
  2.805329327899E+000  1.737111107014E-001 -1.624027495416E-001  1.433377944662E-001
  2.825421126601E+000  1.704769588160E-001 -1.595407578446E-001  1.415487335656E-001
  2.845691460623E+000  1.672719695022E-001 -1.566900535328E-001  1.397154956693E-001
  2.866142427776E+000  1.640965935696E-001 -1.538518617133E-001  1.378413832368E-001
  2.886776156875E+000  1.609512636558E-001 -1.510273706433E-001  1.359296185629E-001
  2.907594808280E+000  1.578363942185E-001 -1.482177316871E-001  1.339833438354E-001
  2.928600574467E+000  1.547523815399E-001 -1.454240592916E-001  1.320056212120E-001
  2.949795680597E+000  1.516996037410E-001 -1.426474309814E-001  1.299994329180E-001
  2.971182385105E+000  1.486784208085E-001 -1.398888873742E-001  1.279676813645E-001
  2.992762980296E+000  1.456891746319E-001 -1.371494322173E-001  1.259131892899E-001
  3.014539792958E+000  1.427321890534E-001 -1.344300324440E-001  1.238386999246E-001
  3.036515184988E+000  1.398077699281E-001 -1.317316182527E-001  1.217468771811E-001
  3.058691554023E+000  1.369162051971E-001 -1.290550832075E-001  1.196403058701E-001
  3.081071334099E+000  1.340577649710E-001 -1.264012843603E-001  1.175214919441E-001
  3.103656996309E+000  1.312327016261E-001 -1.237710423972E-001  1.153928627702E-001
  3.126451049484E+000  1.284412499114E-001 -1.211651418060E-001  1.132567674328E-001
  3.149456040888E+000  1.256836270677E-001 -1.185843310685E-001  1.111154770679E-001
  3.172674556926E+000  1.229600329579E-001 -1.160293228756E-001  1.089711852306E-001
  3.196109223865E+000  1.202706502089E-001 -1.135007943655E-001  1.068260082964E-001
  3.219762708576E+000  1.176156443646E-001 -1.109993873873E-001  1.046819858978E-001
  3.243637719289E+000  1.149951640502E-001 -1.085257087868E-001  1.025410813982E-001
  3.267737006362E+000  1.124093411475E-001 -1.060803307178E-001  1.004051824026E-001
  3.292063363076E+000  1.098582909812E-001 -1.036637909763E-001  9.827610130826E-002
  3.316619626434E+000  1.073421125151E-001 -1.012765933596E-001  9.615557589453E-002
  3.341408677987E+000  1.048608885597E-001 -9.891920804855E-002  9.404526995399E-002
  3.366433444679E+000  1.024146859892E-001 -9.659207201405E-002  9.194677396519E-002
  3.391696899702E+000  1.000035559685E-001 -9.429558944689E-002  8.986160580800E-002
  3.417202063379E+000  9.762753418986E-002 -9.203013221081E-002  8.779121152219E-002
  3.442952004065E+000  9.528664111872E-002 -8.979604031860E-002  8.573696610971E-002
  3.468949839059E+000  9.298088224833E-002 -8.759362243059E-002  8.370017438124E-002
  3.495198735552E+000  9.071024836290E-002 -8.542315637538E-002  8.168207184713E-002
  3.521701911582E+000  8.847471580885E-002 -8.328488969196E-002  7.968382565312E-002
  3.548462637020E+000  8.627424677370E-002 -8.117904019293E-002  7.770653556067E-002
  3.575484234572E+000  8.410878957227E-002 -7.910579654799E-002  7.575123497192E-002
  3.602770080809E+000  8.197827893953E-002 -7.706531888705E-002  7.381889199888E-002
  3.630323607217E+000  7.988263632989E-002 -7.505773942220E-002  7.191041057654E-002
  3.658148301271E+000  7.782177022225E-002 -7.308316308769E-002  7.002663161934E-002
  3.686247707537E+000  7.579557643028E-002 -7.114166819708E-002  6.816833422006E-002
  3.714625428793E+000  7.380393841765E-002 -6.923330711650E-002  6.633623689052E-002
  3.743285127184E+000  7.184672761733E-002 -6.735810695318E-002  6.453099884274E-002
  3.772230525397E+000  6.992380375471E-002 -6.551607025805E-002  6.275322130956E-002
  3.801465407866E+000  6.803501517382E-002 -6.370717574137E-002  6.100344890323E-002
  3.830993622005E+000  6.618019916610E-002 -6.193137900023E-002  5.928217101041E-002
  3.860819079470E+000  6.435918230125E-002 -6.018861325674E-002  5.758982322194E-002
  3.890945757450E+000  6.257178075944E-002 -5.847879010560E-002  5.592678879547E-002
  3.921377699988E+000  6.081780066441E-002 -5.680180026983E-002  5.429340014902E-002
  3.952119019336E+000  5.909703841688E-002 -5.515751436336E-002  5.268994038323E-002
  3.983173897337E+000  5.740928102757E-002 -5.354578365905E-002  5.111664483015E-002
  4.014546586845E+000  5.575430644944E-002 -5.196644086090E-002  4.957370262597E-002
  4.046241413173E+000  5.413188390845E-002 -5.041930087892E-002  4.806125830540E-002
  4.078262775585E+000  5.254177423237E-002 -4.890416160536E-002  4.657941341486E-002
  4.110615148813E+000  5.098373017696E-002 -4.742080469084E-002  4.512822814178E-002
  4.143303084620E+000  4.945749674922E-002 -4.596899631894E-002  4.370772295726E-002
  4.176331213391E+000  4.796281152694E-002 -4.454848797789E-002  4.231788026904E-002
  4.209704245774E+000  4.649940497419E-002 -4.315901722787E-002  4.095864608181E-002
  4.243426974351E+000  4.506700075229E-002 -4.180030846253E-002  3.962993166196E-002
  4.277504275353E+000  4.366531602570E-002 -4.047207366339E-002  3.833161520332E-002
  4.311941110423E+000  4.229406176246E-002 -3.917401314567E-002  3.706354349117E-002
  4.346742528412E+000  4.095294302882E-002 -3.790581629428E-002  3.582553356102E-002
  4.381913667228E+000  3.964165927754E-002 -3.666716228858E-002  3.461737434914E-002
  4.417459755726E+000  3.835990462968E-002 -3.545772081474E-002  3.343882833167E-002
  4.453386115645E+000  3.710736814939E-002 -3.427715276438E-002  3.228963314910E-002
  4.489698163598E+000  3.588373411158E-002 -3.312511091834E-002  3.116950321311E-002
  4.526401413105E+000  3.468868226213E-002 -3.200124061452E-002  3.007813129256E-002
  4.563501476684E+000  3.352188807042E-002 -3.090518039857E-002  2.901519007571E-002
  4.601004067991E+000  3.238302297401E-002 -2.983656265665E-002  2.798033370574E-002
  4.638915004011E+000  3.127175461546E-002 -2.879501422913E-002  2.697319928673E-002
  4.677240207311E+000  3.018774707094E-002 -2.778015700446E-002  2.599340835720E-002
  4.715985708351E+000  2.913066107086E-002 -2.679160849248E-002  2.504056832885E-002
  4.755157647843E+000  2.810015421228E-002 -2.582898237633E-002  2.411427388776E-002
  4.794762279187E+000  2.709588116327E-002 -2.489188904255E-002  2.321410835574E-002
  4.834805970953E+000  2.611749385918E-002 -2.397993608861E-002  2.233964500969E-002
  4.875295209443E+000  2.516464169109E-002 -2.309272880764E-002  2.149044835683E-002
  4.916236601308E+000  2.423697168637E-002 -2.222987064992E-002  2.066607536389E-002
  4.957636876237E+000  2.333412868175E-002 -2.139096366084E-002  1.986607663862E-002
  4.999502889720E+000  2.245575548896E-002 -2.057560889531E-002  1.908999756205E-002
  5.041841625875E+000  2.160149305343E-002 -1.978340680848E-002  1.833737937009E-002
  5.084660200360E+000  2.077098060602E-002 -1.901395762271E-002  1.760776018356E-002
  5.127965863354E+000  1.996385580853E-002 -1.826686167121E-002  1.690067598538E-002
  5.171766002619E+000  1.917975489298E-002 -1.754171971826E-002  1.621566154456E-002
  5.216068146649E+000  1.841831279539E-002 -1.683813325653E-002  1.555225128614E-002
  5.260879967894E+000  1.767916328421E-002 -1.615570478191E-002  1.490998010707E-002
  5.306209286078E+000  1.696193908414E-002 -1.549403804624E-002  1.428838413770E-002
  5.352064071605E+000  1.626627199559E-002 -1.485273828867E-002  1.368700144924E-002
  5.398452449055E+000  1.559179301044E-002 -1.423141244621E-002  1.310537270725E-002
  5.445382700775E+000  1.493813242457E-002 -1.362966934435E-002  1.254304177197E-002
  5.492863270572E+000  1.430491994766E-002 -1.304711986845E-002  1.199955624613E-002
  5.540902767504E+000  1.369178481093E-002 -1.248337711684E-002  1.147446797103E-002
  5.589509969774E+000  1.309835587326E-002 -1.193805653672E-002  1.096733347239E-002
  5.638693828737E+000  1.252426172625E-002 -1.141077604364E-002  1.047771435685E-002
  5.688463473008E+000  1.196913079893E-002 -1.090115612585E-002  1.000517766097E-002
  5.738828212699E+000  1.143259146247E-002 -1.040881993453E-002  9.549296154206E-003
  5.789797543759E+000  1.091427213557E-002 -9.933393361037E-003  9.109648597677E-003
  5.841381152447E+000  1.041380139107E-002 -9.474505102469E-003  8.685819960752E-003
  5.893588919926E+000  9.930808064152E-003 -9.031786716616E-003  8.277401597461E-003
  5.946430926988E+000  9.464921362848E-003 -8.604872667619E-003  7.883991384954E-003
  5.999917458910E+000  9.015770981109E-003 -8.193400363516E-003  7.505193826307E-003
  6.054059010457E+000  8.582987215026E-003 -7.797010186942E-003  7.140620120048E-003
  6.108866291020E+000  8.166201082528E-003 -7.415345520176E-003  6.789888198842E-003
  6.164350229902E+000  7.765044446962E-003 -7.048052765752E-003  6.452622739874E-003
  6.220521981762E+000  7.379150144865E-003 -6.694781363817E-003  6.128455149436E-003
  6.277392932215E+000  7.008152118222E-003 -6.355183807374E-003  5.817023524316E-003
  6.334974703589E+000  6.651685551438E-003 -6.028915656523E-003  5.517972592554E-003
  6.393279160860E+000  6.309387013217E-003 -5.715635552762E-003  5.230953636126E-003
  6.452318417752E+000  5.980894603478E-003 -5.415005234337E-003  4.955624398108E-003
  6.512104843026E+000  5.665848105388E-003 -5.126689553600E-003  4.691648976805E-003
  6.572651066946E+000  5.363889142521E-003 -4.850356497240E-003  4.438697709307E-003
  6.633969987942E+000  5.074661341125E-003 -4.585677210185E-003  4.196447046827E-003
  6.696074779472E+000  4.797810497377E-003 -4.332326023900E-003  3.964579424121E-003
  6.758978897091E+000  4.532984749489E-003 -4.089980489716E-003  3.742783125171E-003
  6.822696085726E+000  4.279834754418E-003 -3.858321417732E-003  3.530752147219E-003
  6.887240387180E+000  4.038013868928E-003 -3.637032921752E-003  3.328186065101E-003
  6.952626147859E+000  3.807178334642E-003 -3.425802470615E-003  3.134789897701E-003
  7.018868026732E+000  3.586987466687E-003 -3.224320946183E-003  2.950273978226E-003
  7.085981003543E+000  3.377103845482E-003 -3.032282708140E-003  2.774353829803E-003
  7.153980387268E+000  3.177193511143E-003 -2.849385665696E-003  2.606750047800E-003
  7.222881824836E+000  2.986926159953E-003 -2.675331356130E-003  2.447188190068E-003
  7.292701310121E+000  2.805975342256E-003 -2.509825030066E-003  2.295398676145E-003
  7.363455193219E+000  2.634018661135E-003 -2.352575743250E-003  2.151116696311E-003
  7.435160190001E+000  2.470737971155E-003 -2.203296454496E-003  2.014082131176E-003
  7.507833391988E+000  2.315819576418E-003 -2.061704129412E-003  1.884039482353E-003
  7.581492276516E+000  2.168954427168E-003 -1.927519849393E-003  1.760737814565E-003
  7.656154717242E+000  2.029838314123E-003 -1.800468925318E-003  1.643930709376E-003
  7.731838994973E+000  1.898172059709E-003 -1.680281015279E-003  1.533376230594E-003
  7.808563808847E+000  1.773661705346E-003 -1.566690245651E-003  1.428836901204E-003
  7.886348287874E+000  1.656018693923E-003 -1.459435334689E-003  1.330079691555E-003
  7.965212002848E+000  1.544960046606E-003 -1.358259717829E-003  1.236876018391E-003
  8.045174978646E+000  1.440208533105E-003 -1.262911673802E-003  1.149001754155E-003
  8.126257706932E+000  1.341492834547E-003 -1.173144450647E-003  1.066237245902E-003
  8.208481159274E+000  1.248547698127E-003 -1.088716390639E-003  9.883673430210E-004
  8.291866800694E+000  1.161114082695E-003 -1.009391053196E-003  9.151814328706E-004
  8.376436603664E+000  1.078939294518E-003 -9.349373347407E-004  8.464734833570E-004
  8.462213062574E+000  1.001777112438E-003 -8.651295845456E-004  7.820420913851E-004
  8.549219208676E+000  9.293879017253E-004 -7.997477155754E-004  7.216905360684E-004
  8.637478625536E+000  8.615387159622E-004 -7.385773093527E-004  6.652268355295E-004
  8.727015464999E+000  7.980033863428E-004 -6.814097139101E-004  6.124638060871E-004
  8.817854463709E+000  7.385625978418E-004 -6.280421339194E-004  5.632191226074E-004
  8.910020960175E+000  6.830039517643E-004 -5.782777121336E-004  5.173153787906E-004
  9.003540912431E+000  6.311220142646E-004 -5.319256013292E-004  4.745801461708E-004
  9.098440916308E+000  5.827183504915E-004 -4.888010259959E-004  4.348460306281E-004
  9.194748224321E+000  5.376015440995E-004 -4.487253330887E-004  3.979507252470E-004
  9.292490765233E+000  4.955872019460E-004 -4.115260312292E-004  3.637370583988E-004
  9.391697164283E+000  4.564979438793E-004 -3.770368178265E-004  3.320530359870E-004
  9.492396764138E+000  4.201633776086E-004 -3.450975936686E-004  3.027518768584E-004
  9.594619646576E+000  3.864200587348E-004 -3.155544646314E-004  2.756920404671E-004
  9.698396654938E+000  3.551114361104E-004 -2.882597302394E-004  2.507372459599E-004
  9.803759417385E+000  3.260877827819E-004 -2.630718589147E-004  2.277564819511E-004
  9.910740370981E+000  2.992061128591E-004 -2.398554498460E-004  2.066240063539E-004
  1.001937278665E+001  2.743300847379E-004 -2.184811815089E-004  1.872193357431E-004
  1.012969079502E+001  2.513298911860E-004 -1.988257469704E-004  1.694272238367E-004
  1.024172941323E+001  2.300821368817E-004 -1.807717762056E-004  1.531376287940E-004
  1.035552457272E+001  2.104697040700E-004 -1.642077457549E-004  1.382456691492E-004
  1.047111314798E+001  1.923816070695E-004 -1.490278761398E-004  1.246515683089E-004
  1.058853298647E+001  1.757128364303E-004 -1.351320175476E-004  1.122605876629E-004
  1.070782293953E+001  1.603641935987E-004 -1.224255243793E-004  1.009829484661E-004
  1.082902289454E+001  1.462421169986E-004 -1.108191193332E-004  9.073374275970E-005
  1.095217380826E+001  1.332585004824E-004 -1.002287477720E-004  8.143283370571E-005
  1.107731774137E+001  1.213305051381E-004 -9.057542318405E-005  7.300474580597E-005
  1.120449789442E+001  1.103803654730E-004 -8.178506460875E-005  6.537854556969E-005
  1.133375864507E+001  1.003351910062E-004 -7.378832694506E-005  5.848771327814E-005
  1.146514558681E+001  9.112676431938E-005 -6.652042510234E-005  5.227000657077E-005
  1.159870556913E+001  8.269133661160E-005 -5.992095298410E-005  4.666731664418E-005
  1.173448673928E+001  7.496942179964E-005 -5.393369831629E-005  4.162551791202E-005
  1.187253858566E+001  6.790559018716E-005 -4.850645434389E-005  3.709431202084E-005
  1.201291198287E+001  6.144826270123E-005 -4.359082942116E-005  3.302706715283E-005
  1.215565923859E+001  5.554950666101E-005 -3.914205551292E-005  2.938065357170E-005
  1.230083414231E+001  5.016483400122E-005 -3.511879660677E-005  2.611527638208E-005
  1.244849201595E+001  4.525300282369E-005 -3.148295800897E-005  2.319430647626E-005
  1.259868976657E+001  4.077582309346E-005 -2.819949746096E-005  2.058411063456E-005
  1.275148594119E+001  3.669796723316E-005 -2.523623896897E-005  1.825388172799E-005
  1.290694078384E+001  3.298678630042E-005 -2.256369018697E-005  1.617546994394E-005
  1.306511629490E+001  2.961213236011E-005 -2.015486413394E-005  1.432321591845E-005
  1.322607629292E+001  2.654618758539E-005 -1.798510596062E-005  1.267378661294E-005
  1.338988647898E+001  2.376330054194E-005 -1.603192541006E-005  1.120601471902E-005
  1.355661450375E+001  2.123983002721E-005 -1.427483554048E-005  9.900742314652E-006
  1.372633003727E+001  1.895399675392E-005 -1.269519820027E-005  8.740669427318E-006
  1.389910484176E+001  1.688574308395E-005 -1.127607666341E-005  7.710208088497E-006
  1.407501284743E+001  1.501660093758E-005 -1.000209575099E-005  6.795342387217E-006
  1.425413023161E+001  1.332956792357E-005 -8.859309681897E-006  5.983494951954E-006
  1.443653550117E+001  1.180899165945E-005 -7.835077813343E-006  5.263400209565E-006
  1.462230957852E+001  1.044046217987E-005 -6.917948352528E-006  4.624984688937E-006
  1.481153589140E+001  9.210712263581E-006 -6.097550043252E-006  4.059254556653E-006
  1.500430046649E+001  8.107525448935E-006 -5.364491758534E-006  3.558190493321E-006
  1.520069202718E+001  7.119651453185E-006 -4.710269861988E-006  3.114649943317E-006
  1.540080209569E+001  6.236728663178E-006 -4.127183138143E-006  2.722276698555E-006
  1.560472509963E+001  5.449213325193E-006 -3.608255035630E-006  2.375417709481E-006
  1.581255848342E+001  4.748315029286E-006 -3.147162917726E-006  2.069046954437E-006
  1.602440282470E+001  4.125938059122E-006 -2.738173972693E-006  1.798696142724E-006
  1.624036195599E+001  3.574628161871E-006 -2.376087401840E-006  1.560391977522E-006
  1.646054309190E+001  3.087524284029E-006 -2.056182476515E-006  1.350599662803E-006
  1.668505696224E+001  2.658314817907E-006 -1.774172036289E-006  1.166172303746E-006
  1.691401795117E+001  2.281197909459E-006 -1.526160989279E-006  1.004305823077E-006
  1.714754424293E+001  1.950845390657E-006 -1.308609371610E-006  8.624989962101E-007
  1.738575797433E+001  1.662369918041E-006 -1.118299526031E-006  7.385181958856E-007
  1.762878539445E+001  1.411294922678E-006 -9.523069691629E-007  6.303664319405E-007
  1.787675703191E+001  1.193527004729E-006 -8.079745321083E-007  5.362562734308E-007
  1.812980787015E+001  1.005330437254E-006 -6.828893795147E-007  4.545862481022E-007
  1.838807753110E+001  8.433034778397E-007 -5.748625368301E-007  3.839203274927E-007
  1.865171046781E+001  7.043562222564E-007 -4.819105835913E-007  3.229701240691E-007
  1.892085616642E+001  5.856897706493E-007 -4.022392012800E-007  2.705794489784E-007
  1.919566935809E+001  4.847765128845E-007 -3.342282966775E-007  2.257109044253E-007
  1.947631024137E+001  3.993413747917E-007 -2.764184549022E-007  1.874342125456E-007
  1.976294471571E+001  3.273439003958E-007 -2.274985095890E-007  1.549160121014E-007
  2.005574462663E+001  2.669610761577E-007 -1.862940502148E-007  1.274108845895E-007
  2.035488802332E+001  2.165708312112E-007 -1.517567176908E-007  1.042534016640E-007
  2.066055942930E+001  1.747361721438E-007 -1.229541684478E-007  8.485101543699E-008
  2.097295012706E+001  1.401899317287E-007 -9.906061382834E-008  6.867764162226E-008
  2.129225845729E+001  1.118201280065E-007 -7.934786530033E-008  5.526781209972E-008
  2.161869013374E+001  8.865594318222E-008 -6.317683655276E-008  4.421129787193E-008
  2.195245857462E+001  6.985434103509E-008 -4.998947078007E-008  3.514812524237E-008
  2.229378525140E+001  5.468734712492E-008 -3.930107537307E-008  2.776392714964E-008
  2.264290005632E+001  4.253001831105E-008 -3.069305688962E-008  2.178558783393E-008
  2.300004168951E+001  3.284912735377E-008 -2.380605674346E-008  1.697715238310E-008
  2.336545806705E+001  2.519258508622E-008 -1.833349278037E-008  1.313598328672E-008
  2.373940675129E+001  1.917961731018E-008 -1.401551412439E-008  1.008915408009E-008
  2.412215540475E+001  1.449170669115E-008 -1.063337674374E-008  7.690075714489E-009
  2.451398226921E+001  1.086430201791E-008 -8.004245503677E-009  5.815354725340E-009
  2.491517667142E+001  8.079288743149E-009 -5.976425456862E-009  4.361883901430E-009
  2.532603955735E+001  5.958206195020E-009 -4.425021176091E-009  3.244166320741E-009
  2.574688405660E+001  4.356188653546E-009 -3.248018449846E-009  2.391872650795E-009
  2.617803607920E+001  3.156599969286E-009 -2.362777989653E-009  1.747629841726E-009
  2.661983494664E+001  2.266324841978E-009 -1.702926249799E-009  1.265037074692E-009
  2.707263405971E+001  1.611674477461E-009 -1.215624290023E-009  9.069023397982E-010
  2.753680160532E+001  1.134860229409E-009 -8.591920186281E-010  6.436905393841E-010
  2.801272130518E+001  7.909860630544E-010 -6.010622762865E-010  4.521717323952E-010
  2.850079320900E+001  5.455092390447E-010 -4.160371407697E-010  3.142561946566E-010
  2.900143453541E+001  3.721184360631E-010 -2.848175774904E-010  2.160014628958E-010
  2.951508056378E+001  2.509794923557E-010 -1.927771103422E-010  1.467755083649E-010
  3.004218558064E+001  1.673008940580E-010 -1.289504825529E-010  9.855966110269E-011
  3.058322388437E+001  1.101738933540E-010 -8.520922854860E-011  6.537485769744E-011
  3.113869085248E+001  7.164551131098E-011 -5.559757458529E-011  4.281516751589E-011
  3.170910407585E+001  4.598647702175E-011 -3.580400587670E-011  2.767330004703E-011
  3.229500456485E+001  2.912019364578E-011 -2.274605580991E-011  1.764383337162E-011
  3.289695803249E+001  1.818293693435E-011 -1.424826759556E-011  1.109115047225E-011
  3.351555626047E+001  1.118953929126E-011 -8.795739774999E-012  6.870447133037E-012
  3.415141855403E+001  6.782675009016E-012 -5.348098650535E-012  4.191609560205E-012
  3.480519329257E+001  4.047450551063E-012 -3.201064797375E-012  2.517188053857E-012
  3.547755958299E+001  2.376255755109E-012 -1.884938085282E-012  1.487063166078E-012
  3.616922902393E+001  1.371711545405E-012 -1.091275490549E-012  8.636734635102E-013
  3.688094758921E+001  7.780438942559E-013 -6.207551822689E-013  4.928224530219E-013
  3.761349763993E+001  4.333280866809E-013 -3.467008834222E-013  2.760911957926E-013
  3.836770007534E+001  2.368023206405E-013 -1.899867856336E-013  1.517474583942E-013
  3.914441663347E+001  1.268763524198E-013 -1.020693191701E-013  8.176492631286E-014
  3.994455235367E+001  6.659683919822E-014 -5.371842805190E-014  4.315615575931E-014
  4.076905821405E+001  3.421682118854E-014 -2.767214568234E-014  2.229380458566E-014
  4.161893395835E+001  1.719312994363E-014 -1.394024077864E-014  1.126181155131E-014
  4.249523112779E+001  8.441034060744E-015 -6.861231995403E-015  5.557914930047E-015
  4.339905631520E+001  4.045169707209E-015 -3.296200346289E-015  2.677138518134E-015
  4.433157466006E+001  1.890299502596E-015 -1.544036185001E-015  1.257298112278E-015
  4.529401360538E+001  8.604103775568E-016 -7.044698433166E-016  5.750999025448E-016
  4.628766693861E+001  3.810347429144E-016 -3.127025962791E-016  2.559113056458E-016
  4.731389914191E+001  1.639769936003E-016 -1.348778147020E-016  1.106504160275E-016
  4.837415007871E+001  6.848682913619E-017 -5.645939419720E-017  4.642812837389E-017
  4.946994004686E+001  2.772377260296E-017 -2.290520653572E-017  1.887947573778E-017
  5.060287523143E+001  1.086177709920E-017 -8.993256644119E-018  7.429544918471E-018
  5.177465359367E+001  4.112438716479E-018 -3.412177012270E-018  2.825175686561E-018
  5.298707123650E+001  1.502300354259E-018 -1.249070629477E-018  1.036451954318E-018
  5.424202929116E+001  5.286169293759E-019 -4.404045625942E-019  3.662201664431E-019
  5.554154137419E+001  1.788450973789E-019 -1.492969706866E-019  1.244085149747E-019
  5.688774166961E+001  5.806878971647E-020 -4.856942222838E-020  4.055566246910E-020
  5.828289369667E+001  1.805786265055E-020 -1.513268511894E-020  1.266120912113E-020
  5.972939983075E+001  5.366882872104E-021 -4.505933923775E-021  3.777427833011E-021
  6.122981165190E+001  1.520991315272E-021 -1.279341036893E-021  1.074562726212E-021
  6.278684120462E+001  4.100480529161E-022 -3.455217277626E-022  2.907616733586E-022
  6.440337326150E+001  1.048899531905E-022 -8.854007763119E-023  7.464499145492E-023
  6.608247869451E+001  2.538866318499E-023 -2.146821265709E-023  1.813170327632E-023
  6.782742906960E+001  5.798165138762E-024 -4.911131810412E-024  4.155177126182E-024
  6.964171259434E+001  1.245490030389E-024 -1.056699207460E-024  8.955878442169E-025
  7.152905156377E+001  2.508143288046E-025 -2.131419793175E-025  1.809500043259E-025
  7.349342146763E+001  4.718373070047E-026 -4.016059167370E-026  3.415126116460E-026
  7.553907194217E+001  8.260746680327E-027 -7.042132519537E-027  5.998082342752E-027
  7.767054977292E+001  1.340533197090E-027 -1.144525950971E-027  9.763832019555E-028
  7.989272418113E+001  2.007642183920E-028 -1.716658510319E-028  1.466729790530E-028
  8.221081465675E+001  2.762034092134E-029 -2.365171991416E-029  2.023885208587E-029
  8.463042163523E+001  3.473294701818E-030 -2.978504103748E-030  2.552489519173E-030
  8.715756035520E+001  3.970994109619E-031 -3.410088743041E-031  2.926577248931E-031
  8.979869827958E+001  4.103946703704E-032 -3.529110185217E-032  3.033012921515E-032
  9.256079651532E+001  3.810285626617E-033 -3.280994518835E-033  2.823681519518E-033
  9.545135572765E+001  3.156937710737E-034 -2.721986995860E-034  2.345762773033E-034
  9.847846711487E+001  2.317381272624E-035 -2.000678806152E-035  1.726434710762E-035
  1.016508690915E+002  1.495448071714E-036 -1.292703817779E-036  1.116949907391E-036
  1.049780104220E+002  8.412622930434E-038 -7.281067961660E-038  6.299106938098E-038
  1.084701206579E+002  4.088074440909E-039 -3.542474649461E-039  3.068509322943E-039
  1.121382888606E+002  1.699186674472E-040 -1.474150562113E-040  1.278459909814E-040
  1.159945517414E+002  5.976381724134E-042 -5.190874592825E-042  4.507112115036E-042
  1.200519925308E+002  1.758103699313E-043 -1.528751805109E-043  1.328909890652E-043
  1.243248520934E+002  4.271145600036E-045 -3.718057870998E-045  3.235666748032E-045
  1.288286540551E+002  8.451329282949E-047 -7.364872042109E-047  6.416386017471E-047
  1.335803459987E+002  1.341593155317E-048 -1.170357978533E-048  1.020728784179E-048
  1.385984591287E+002  1.680550514599E-050 -1.467562467434E-050  1.281278390604E-050
  1.439032892205E+002  1.631368455990E-052 -1.426046873958E-052  1.246307010441E-052
  1.495171021587E+002  1.203073996762E-054 -1.052690029686E-054  9.209272190209E-055
  1.554643679592E+002  6.594573888475E-057 -5.775787210752E-057  5.057768367962E-057
  1.617720278763E+002  2.622950498306E-059 -2.299433181258E-059  2.015491815976E-059
  1.684698000514E+002  7.371892458678E-062 -6.468536706854E-062  5.675034111039E-062
  1.755905301928E+002  1.421724637657E-064 -1.248616663981E-064  1.096436727275E-064
  1.831705950299E+002  1.821337139077E-067 -1.600961563808E-067  1.407075319549E-067
  1.912503678195E+002  1.495003093348E-070 -1.315224943318E-070  1.156933980926E-070
  1.998747570544E+002  7.553490533114E-074 -6.650642269538E-074  5.855102036634E-074
  2.090938318328E+002  2.246360484678E-077 -1.979447473692E-077  1.744084673951E-077
  2.189635501945E+002  3.740433630115E-081 -3.298571475892E-081  2.908658097795E-081
  2.295466102647E+002  3.297168872751E-085 -2.909882395799E-085  2.567887595506E-085
  2.409134484547E+002  1.444762813217E-089 -1.276004140925E-089  1.126878706502E-089
  2.531434144886E+002  2.931460483491E-094 -2.590907657727E-094  2.289772683271E-094
  2.663261599835E+002  2.542122328185E-099 -2.248370443885E-099  1.988449593933E-099
  2.805632861191E+002  8.603650322231E-105 -7.614632800448E-105  6.738961995519E-105
  2.959703071532E+002  1.024907702278E-110 -9.076890760810E-111  8.038399996858E-111
  3.126790009236E+002  3.819646364013E-117 -3.384956369143E-117  2.999613347062E-117
  3.308402360200E+002  3.891331745469E-124 -3.450620932848E-124  3.059711511741E-124
  3.506273893903E+002  9.280279690965E-132 -8.234186985239E-132  7.305776728311E-132
  3.722404996260E+002  4.332097684731E-140 -3.846008387547E-140  3.414364196458E-140
  3.959113426415E+002  3.217053595891E-149 -2.857684921419E-149  2.538396684273E-149
  4.219096715122E+002  2.985554412975E-159 -2.653486624888E-159  2.358301074574E-159
  4.505509359373E+002  2.611050124482E-170 -2.321853732231E-170  2.064648585951E-170
  4.822058963204E+002  1.544329199498E-182 -1.373976178333E-182  1.222394097652E-182
  5.173126831536E+002  4.173627976707E-196 -3.715050522775E-196  3.306811256972E-196
  5.563920392209E+002  3.233902568989E-211 -2.879928111187E-211  2.564666660503E-211
  6.000667421536E+002  4.114249048800E-228 -3.665566757640E-228  3.265780772467E-228
  6.490865708786E+002  4.392639731383E-247 -3.915291938740E-247  3.489785559241E-247
  7.043607010442E+002  1.744060479943E-268 -1.555178829747E-268  1.386742302558E-268
  7.670001674974E+002  9.523996500035E-293 -8.495922110877E-293  7.578774498102E-293
  8.383741345464E+002  0.000000000000E+000  0.000000000000E+000  0.000000000000E+000
  9.201853543213E+002  0.000000000000E+000  0.000000000000E+000  0.000000000000E+000
  1.014572672318E+003  0.000000000000E+000  0.000000000000E+000  0.000000000000E+000
  1.124252254996E+003  0.000000000000E+000  0.000000000000E+000  0.000000000000E+000
  1.252715205428E+003  0.000000000000E+000  0.000000000000E+000  0.000000000000E+000
  1.404508845568E+003  0.000000000000E+000  0.000000000000E+000  0.000000000000E+000
  1.585644739908E+003  0.000000000000E+000  0.000000000000E+000  0.000000000000E+000
  1.804203189488E+003  0.000000000000E+000  0.000000000000E+000  0.000000000000E+000
  2.071250249814E+003  0.000000000000E+000  0.000000000000E+000  0.000000000000E+000
  2.402266552340E+003  0.000000000000E+000  0.000000000000E+000  0.000000000000E+000
  2.819442449497E+003  0.000000000000E+000  0.000000000000E+000  0.000000000000E+000
  3.355496240167E+003  0.000000000000E+000  0.000000000000E+000  0.000000000000E+000
  4.060290442982E+003  0.000000000000E+000  0.000000000000E+000  0.000000000000E+000
  5.012860622227E+003  0.000000000000E+000  0.000000000000E+000  0.000000000000E+000
  6.344578802016E+003  0.000000000000E+000  0.000000000000E+000  0.000000000000E+000
  8.287000878586E+003  0.000000000000E+000  0.000000000000E+000  0.000000000000E+000
  1.127976970933E+004  0.000000000000E+000  0.000000000000E+000  0.000000000000E+000
  1.624316171036E+004  0.000000000000E+000  0.000000000000E+000  0.000000000000E+000
  2.538031516868E+004  0.000000000000E+000  0.000000000000E+000  0.000000000000E+000
  4.512107881524E+004  0.000000000000E+000  0.000000000000E+000  0.000000000000E+000
  1.015232606647E+005  0.000000000000E+000  0.000000000000E+000  0.000000000000E+000
  4.060950426526E+005  0.000000000000E+000  0.000000000000E+000  0.000000000000E+000
