# 1st line: number of mesh points
# abcissa wavefunction wavefunction_1st wavefunction_2nd
1000
# Principal QN=   3 , l=   1 , Occupation=   4.9990
  2.462477732966E-006  3.588619755435E-004  1.457244008333E+002 -6.228014216015E+003
  9.849959442330E-006  1.435228391893E-003  1.456783984638E+002 -6.226126924545E+003
  2.216259066178E-005  3.228440925085E-003  1.456017578164E+002 -6.222982933509E+003
  3.940061395432E-005  5.737403057670E-003  1.454945238074E+002 -6.218584482986E+003
  6.156436892224E-005  8.960581111244E-003  1.453567592463E+002 -6.212934705015E+003
  8.865429222131E-005  1.289600568971E-002  1.451885447633E+002 -6.206037619523E+003
  1.206709175794E-004  1.754127353102E-002  1.449899787159E+002 -6.197898129110E+003
  1.576148758184E-004  2.289354976421E-002  1.447611770745E+002 -6.188522012696E+003
  1.994868948811E-004  2.894957056848E-002  1.445022732889E+002 -6.177915918029E+003
  2.462877998613E-004  3.570564622973E-002  1.442134181337E+002 -6.166087353093E+003
  2.980185130383E-004  4.315766458990E-002  1.438947795349E+002 -6.153044676399E+003
  3.546800539158E-004  5.130109488373E-002  1.435465423764E+002 -6.138797086209E+003
  4.162735392647E-004  6.013099195653E-002  1.431689082876E+002 -6.123354608680E+003
  4.828001831694E-004  6.964200085664E-002  1.427620954127E+002 -6.106728084985E+003
  5.542612970792E-004  7.982836179519E-002  1.423263381616E+002 -6.088929157393E+003
  6.306582898628E-004  9.068391546526E-002  1.418618869420E+002 -6.069970254370E+003
  7.119926678676E-004  1.022021087124E-001  1.413690078758E+002 -6.049864574706E+003
  7.982660349828E-004  1.143760005474E-001  1.408479824974E+002 -6.028626070699E+003
  8.894800927067E-004  1.271982684918E-001  1.402991074359E+002 -6.006269430429E+003
  9.856366402179E-004  1.406612152471E-001  1.397226940816E+002 -5.982810059155E+003
  1.086737574451E-003  1.547567756760E-001  1.391190682377E+002 -5.958264059862E+003
  1.192784890174E-003  1.694765240865E-001  1.384885697562E+002 -5.932648212996E+003
  1.303780680078E-003  1.848116818063E-001  1.378315521616E+002 -5.905979955417E+003
  1.419727134858E-003  2.007531250369E-001  1.371483822595E+002 -5.878277358620E+003
  1.540626543307E-003  2.172913929755E-001  1.364394397337E+002 -5.849559106243E+003
  1.666481292416E-003  2.344166961912E-001  1.357051167306E+002 -5.819844470915E+003
  1.797293867468E-003  2.521189252450E-001  1.349458174334E+002 -5.789153290481E+003
  1.933066852148E-003  2.703876595386E-001  1.341619576240E+002 -5.757505943639E+003
  2.073802928647E-003  2.892121763812E-001  1.333539642373E+002 -5.724923325038E+003
  2.219504877777E-003  3.085814602582E-001  1.325222749044E+002 -5.691426819879E+003
  2.370175579090E-003  3.284842122912E-001  1.316673374889E+002 -5.657038278051E+003
  2.525818010992E-003  3.489088598734E-001  1.307896096149E+002 -5.621779987866E+003
  2.686435250879E-003  3.698435664676E-001  1.298895581889E+002 -5.585674649417E+003
  2.852030475254E-003  3.912762415525E-001  1.289676589152E+002 -5.548745347616E+003
  3.022606959872E-003  4.131945507039E-001  1.280243958062E+002 -5.511015524954E+003
  3.198168079872E-003  4.355859257953E-001  1.270602606889E+002 -5.472508954026E+003
  3.378717309917E-003  4.584375753054E-001  1.260757527070E+002 -5.433249709867E+003
  3.564258224347E-003  4.817364947171E-001  1.250713778208E+002 -5.393262142149E+003
  3.754794497325E-003  5.054694769953E-001  1.240476483049E+002 -5.352570847280E+003
  3.950329902993E-003  5.296231231275E-001  1.230050822450E+002 -5.311200640444E+003
  4.150868315631E-003  5.541838527154E-001  1.219442030336E+002 -5.269176527644E+003
  4.356413709820E-003  5.791379146020E-001  1.208655388666E+002 -5.226523677775E+003
  4.566970160612E-003  6.044713975212E-001  1.197696222412E+002 -5.183267394781E+003
  4.782541843700E-003  6.301702407571E-001  1.186569894553E+002 -5.139433089942E+003
  5.003133035593E-003  6.562202447980E-001  1.175281801094E+002 -5.095046254316E+003
  5.228748113801E-003  6.826070819733E-001  1.163837366124E+002 -5.050132431409E+003
  5.459391557015E-003  7.093163070603E-001  1.152242036911E+002 -5.004717190086E+003
  5.695067945303E-003  7.363333678474E-001  1.140501279045E+002 -4.958826097779E+003
  5.935781960296E-003  7.636436156431E-001  1.128620571639E+002 -4.912484694030E+003
  6.181538385392E-003  7.912323157163E-001  1.116605402589E+002 -4.865718464406E+003
  6.432342105956E-003  8.190846576593E-001  1.104461263900E+002 -4.818552814819E+003
  6.688198109528E-003  8.471857656592E-001  1.092193647091E+002 -4.771013046308E+003
  6.949111486034E-003  8.755207086687E-001  1.079808038678E+002 -4.723124330284E+003
  7.215087428003E-003  9.040745104653E-001  1.067309915739E+002 -4.674911684313E+003
  7.486131230784E-003  9.328321595883E-001  1.054704741582E+002 -4.626399948435E+003
  7.762248292776E-003  9.617786191441E-001  1.041997961496E+002 -4.577613762073E+003
  8.043444115654E-003  9.908988364708E-001  1.029194998615E+002 -4.528577541552E+003
  8.329724304602E-003  1.020177752653E+000  1.016301249886E+002 -4.479315458265E+003
  8.621094568555E-003  1.049600311877E+000  1.003322082142E+002 -4.429851417498E+003
  8.917560720438E-003  1.079151470623E+000  9.902628283046E+001 -4.380209037965E+003
  9.219128677417E-003  1.108816206680E+000  9.771287836915E+001 -4.330411632047E+003
  9.525804461149E-003  1.138579527982E+000  9.639252024585E+001 -4.280482186788E+003
  9.837594198038E-003  1.168426481260E+000  9.506572941625E+001 -4.230443345642E+003
  1.015450411950E-002  1.198342160490E+000  9.373302204568E+001 -4.180317391011E+003
  1.047654056222E-002  1.228311715159E+000  9.239490919185E+001 -4.130126227577E+003
  1.080370996845E-002  1.258320358313E+000  9.105189650114E+001 -4.079891366457E+003
  1.113601888623E-002  1.288353374404E+000  8.970448391865E+001 -4.029633910185E+003
  1.147347396972E-002  1.318396126922E+000  8.835316541212E+001 -3.979374538531E+003
  1.181608197948E-002  1.348434065818E+000  8.699842871004E+001 -3.929133495187E+003
  1.216384978272E-002  1.378452734694E+000  8.564075505389E+001 -3.878930575302E+003
  1.251678435364E-002  1.408437777789E+000  8.428061896471E+001 -3.828785113896E+003
  1.287489277369E-002  1.438374946732E+000  8.291848802411E+001 -3.778715975142E+003
  1.323818223191E-002  1.468250107069E+000  8.155482266961E+001 -3.728741542533E+003
  1.360666002522E-002  1.498049244574E+000  8.019007600445E+001 -3.678879709927E+003
  1.398033355872E-002  1.527758471320E+000  7.882469362177E+001 -3.629147873470E+003
  1.435921034603E-002  1.557364031538E+000  7.745911344316E+001 -3.579562924405E+003
  1.474329800963E-002  1.586852307241E+000  7.609376557143E+001 -3.530141242753E+003
  1.513260428113E-002  1.616209823620E+000  7.472907215757E+001 -3.480898691866E+003
  1.552713700165E-002  1.645423254230E+000  7.336544728174E+001 -3.431850613844E+003
  1.592690412217E-002  1.674479425935E+000  7.200329684804E+001 -3.383011825816E+003
  1.633191370382E-002  1.703365323649E+000  7.064301849308E+001 -3.334396617061E+003
  1.674217391826E-002  1.732068094845E+000  6.928500150785E+001 -3.286018746972E+003
  1.715769304806E-002  1.760575053863E+000  6.792962677296E+001 -3.237891443837E+003
  1.757847948698E-002  1.788873685988E+000  6.657726670673E+001 -3.190027404441E+003
  1.800454174044E-002  1.816951651337E+000  6.522828522608E+001 -3.142438794455E+003
  1.843588842578E-002  1.844796788529E+000  6.388303771965E+001 -3.095137249607E+003
  1.887252827273E-002  1.872397118155E+000  6.254187103317E+001 -3.048133877616E+003
  1.931447012370E-002  1.899740846057E+000  6.120512346638E+001 -3.001439260865E+003
  1.976172293425E-002  1.926816366410E+000  5.987312478142E+001 -2.955063459798E+003
  2.021429577341E-002  1.953612264613E+000  5.854619622221E+001 -2.909016017017E+003
  2.067219782411E-002  1.980117320007E+000  5.722465054436E+001 -2.863305962060E+003
  2.113543838356E-002  2.006320508404E+000  5.590879205539E+001 -2.817941816832E+003
  2.160402686371E-002  2.032211004453E+000  5.459891666464E+001 -2.772931601668E+003
  2.207797279156E-002  2.057778183835E+000  5.329531194260E+001 -2.728282842003E+003
  2.255728580967E-002  2.083011625297E+000  5.199825718913E+001 -2.684002575623E+003
  2.304197567655E-002  2.107901112531E+000  5.070802351017E+001 -2.640097360473E+003
  2.353205226706E-002  2.132436635903E+000  4.942487390247E+001 -2.596573282986E+003
  2.402752557287E-002  2.156608394040E+000  4.814906334587E+001 -2.553435966919E+003
  2.452840570292E-002  2.180406795279E+000  4.688083890266E+001 -2.510690582656E+003
  2.503470288379E-002  2.203822458982E+000  4.562043982362E+001 -2.468341856962E+003
  2.554642746023E-002  2.226846216727E+000  4.436809766011E+001 -2.426394083139E+003
  2.606358989558E-002  2.249469113379E+000  4.312403638192E+001 -2.384851131581E+003
  2.658620077221E-002  2.271682408051E+000  4.188847250029E+001 -2.343716460679E+003
  2.711427079202E-002  2.293477574947E+000  4.066161519560E+001 -2.302993128051E+003
  2.764781077690E-002  2.314846304114E+000  3.944366644937E+001 -2.262683802076E+003
  2.818683166921E-002  2.335780502092E+000  3.823482118003E+001 -2.222790773689E+003
  2.873134453224E-002  2.356272292475E+000  3.703526738196E+001 -2.183315968419E+003
  2.928136055074E-002  2.376314016387E+000  3.584518626741E+001 -2.144260958636E+003
  2.983689103139E-002  2.395898232876E+000  3.466475241079E+001 -2.105626975976E+003
  3.039794740329E-002  2.415017719238E+000  3.349413389497E+001 -2.067414923918E+003
  3.096454121851E-002  2.433665471270E+000  3.233349245899E+001 -2.029625390483E+003
  3.153668415253E-002  2.451834703453E+000  3.118298364694E+001 -1.992258661030E+003
  3.211438800486E-002  2.469518849090E+000  3.004275695743E+001 -1.955314731112E+003
  3.269766469947E-002  2.486711560372E+000  2.891295599336E+001 -1.918793319382E+003
  3.328652628537E-002  2.503406708405E+000  2.779371861152E+001 -1.882693880500E+003
  3.388098493714E-002  2.519598383186E+000  2.668517707167E+001 -1.847015618032E+003
  3.448105295547E-002  2.535280893538E+000  2.558745818470E+001 -1.811757497309E+003
  3.508674276771E-002  2.550448767009E+000  2.450068345957E+001 -1.776918258223E+003
  3.569806692844E-002  2.565096749727E+000  2.342496924862E+001 -1.742496427932E+003
  3.631503812000E-002  2.579219806233E+000  2.236042689099E+001 -1.708490333450E+003
  3.693766915309E-002  2.592813119279E+000  2.130716285376E+001 -1.674898114115E+003
  3.756597296732E-002  2.605872089602E+000  2.026527887061E+001 -1.641717733883E+003
  3.819996263183E-002  2.618392335674E+000  1.923487207764E+001 -1.608946993462E+003
  3.883965134583E-002  2.630369693427E+000  1.821603514616E+001 -1.576583542235E+003
  3.948505243923E-002  2.641800215967E+000  1.720885641215E+001 -1.544624889976E+003
  4.013617937323E-002  2.652680173256E+000  1.621342000218E+001 -1.513068418330E+003
  4.079304574093E-002  2.663006051794E+000  1.522980595564E+001 -1.481911392036E+003
  4.145566526792E-002  2.672774554270E+000  1.425809034297E+001 -1.451150969888E+003
  4.212405181296E-002  2.681982599210E+000  1.329834537986E+001 -1.420784215414E+003
  4.279821936853E-002  2.690627320605E+000  1.235063953720E+001 -1.390808107257E+003
  4.347818206155E-002  2.698706067526E+000  1.141503764658E+001 -1.361219549239E+003
  4.416395415396E-002  2.706216403730E+000  1.049160100136E+001 -1.332015380120E+003
  4.485555004336E-002  2.713156107248E+000  9.580387453127E+000 -1.303192383005E+003
  4.555298426375E-002  2.719523169959E+000  8.681451503464E+000 -1.274747294424E+003
  4.625627148608E-002  2.725315797157E+000  7.794844391006E+000 -1.246676813054E+003
  4.696542651902E-002  2.730532407091E+000  6.920614173697E+000 -1.218977608080E+003
  4.768046430958E-002  2.735171630503E+000  6.058805806250E+000 -1.191646327195E+003
  4.840139994379E-002  2.739232310139E+000  5.209461212789E+000 -1.164679604229E+003
  4.912824864743E-002  2.742713500241E+000  4.372619354683E+000 -1.138074066395E+003
  4.986102578670E-002  2.745614466033E+000  3.548316293592E+000 -1.111826341167E+003
  5.059974686895E-002  2.747934683164E+000  2.736585249765E+000 -1.085933062764E+003
  5.134442754336E-002  2.749673837149E+000  1.937456655648E+000 -1.060390878259E+003
  5.209508360169E-002  2.750831822769E+000  1.150958204858E+000 -1.035196453301E+003
  5.285173097899E-002  2.751408743451E+000  3.771148966257E-001 -1.010346477451E+003
  5.361438575437E-002  2.751404910619E+000 -3.840509242219E-001 -9.858376691414E+002
  5.438306415168E-002  2.750820843011E+000 -1.132519531606E+000 -9.616667802461E+002
  5.515778254035E-002  2.749657265957E+000 -1.868273786763E+000 -9.378306002821E+002
  5.593855743605E-002  2.747915110633E+000 -2.591299110896E+000 -9.143259602327E+002
  5.672540550155E-002  2.745595513262E+000 -3.301583461762E+000 -8.911497360030E+002
  5.751834354743E-002  2.742699814278E+000 -3.999117314049E+000 -8.682988515125E+002
  5.831738853289E-002  2.739229557451E+000 -4.683893643374E+000 -8.457702814307E+002
  5.912255756656E-002  2.735186488956E+000 -5.355907913737E+000 -8.235610535625E+002
  5.993386790726E-002  2.730572556396E+000 -6.015158068234E+000 -8.016682508913E+002
  6.075133696481E-002  2.725389907770E+000 -6.661644522864E+000 -7.800890132880E+002
  6.157498230090E-002  2.719640890394E+000 -7.295370163218E+000 -7.588205388949E+002
  6.240482162984E-002  2.713328049747E+000 -7.916340343861E+000 -7.378600851938E+002
  6.324087281946E-002  2.706454128277E+000 -8.524562890198E+000 -7.172049697685E+002
  6.408315389190E-002  2.699022064125E+000 -9.120048102610E+000 -6.968525707718E+002
  6.493168302447E-002  2.691034989795E+000 -9.702808762661E+000 -6.768003271081E+002
  6.578647855056E-002  2.682496230753E+000 -1.027286014115E+001 -6.570457383437E+002
  6.664755896041E-002  2.673409303951E+000 -1.083022000779E+001 -6.375863643550E+002
  6.751494290207E-002  2.663777916286E+000 -1.137490864232E+001 -6.184198247274E+002
  6.838864918226E-002  2.653605962975E+000 -1.190694884677E+001 -5.995437979186E+002
  6.926869676725E-002  2.642897525862E+000 -1.242636595874E+001 -5.809560201953E+002
  7.015510478375E-002  2.631656871635E+000 -1.293318786545E+001 -5.626542843606E+002
  7.104789251987E-002  2.619888449979E+000 -1.342744501828E+001 -5.446364382812E+002
  7.194707942599E-002  2.607596891627E+000 -1.390917044768E+001 -5.269003832295E+002
  7.285268511573E-002  2.594787006341E+000 -1.437839977820E+001 -5.094440720535E+002
  7.376472936684E-002  2.581463780804E+000 -1.483517124342E+001 -4.922655071871E+002
  7.468323212221E-002  2.567632376424E+000 -1.527952570059E+001 -4.753627385148E+002
  7.560821349078E-002  2.553298127054E+000 -1.571150664481E+001 -4.587338611034E+002
  7.653969374850E-002  2.538466536620E+000 -1.613116022248E+001 -4.423770128141E+002
  7.747769333938E-002  2.523143276663E+000 -1.653853524397E+001 -4.262903718079E+002
  7.842223287637E-002  2.507334183797E+000 -1.693368319510E+001 -4.104721539579E+002
  7.937333314243E-002  2.491045257062E+000 -1.731665824760E+001 -3.949206101800E+002
  8.033101509154E-002  2.474282655209E+000 -1.768751726799E+001 -3.796340236960E+002
  8.129529984966E-002  2.457052693878E+000 -1.804631982504E+001 -3.646107072402E+002
  8.226620871580E-002  2.439361842699E+000 -1.839312819550E+001 -3.498490002227E+002
  8.324376316303E-002  2.421216722295E+000 -1.872800736801E+001 -3.353472658607E+002
  8.422798483957E-002  2.402624101209E+000 -1.905102504496E+001 -3.211038882890E+002
  8.521889556978E-002  2.383590892735E+000 -1.936225164239E+001 -3.071172696623E+002
  8.621651735528E-002  2.364124151666E+000 -1.966176028760E+001 -2.933858272577E+002
  8.722087237602E-002  2.344231070964E+000 -1.994962681441E+001 -2.799079905915E+002
  8.823198299134E-002  2.323918978336E+000 -2.022592975610E+001 -2.666821985565E+002
  8.924987174107E-002  2.303195332745E+000 -2.049075033579E+001 -2.537068965927E+002
  9.027456134670E-002  2.282067720826E+000 -2.074417245425E+001 -2.409805338987E+002
  9.130607471240E-002  2.260543853236E+000 -2.098628267512E+001 -2.285015606941E+002
  9.234443492626E-002  2.238631560929E+000 -2.121717020730E+001 -2.162684255403E+002
  9.338966526132E-002  2.216338791351E+000 -2.143692688478E+001 -2.042795727278E+002
  9.444178917683E-002  2.193673604578E+000 -2.164564714352E+001 -1.925334397385E+002
  9.550083031933E-002  2.170644169377E+000 -2.184342799557E+001 -1.810284547885E+002
  9.656681252387E-002  2.147258759209E+000 -2.203036900044E+001 -1.697630344593E+002
  9.763975981519E-002  2.123525748169E+000 -2.220657223348E+001 -1.587355814231E+002
  9.871969640891E-002  2.099453606873E+000 -2.237214225155E+001 -1.479444822668E+002
  9.980664671274E-002  2.075050898283E+000 -2.252718605577E+001 -1.373881054212E+002
  1.009006353277E-001  2.050326273492E+000 -2.267181305156E+001 -1.270647991997E+002
  1.020016870494E-001  2.025288467452E+000 -2.280613500577E+001 -1.169728899496E+002
  1.031098268692E-001  1.999946294667E+000 -2.293026600120E+001 -1.071106803208E+002
  1.042250799756E-001  1.974308644842E+000 -2.304432238830E+001 -9.747644765421E+001
  1.053474717553E-001  1.948384478496E+000 -2.314842273431E+001 -8.806844249338E+001
  1.064770277946E-001  1.922182822549E+000 -2.324268776979E+001 -7.888488722065E+001
  1.076137738809E-001  1.895712765872E+000 -2.332724033258E+001 -6.992397482006E+001
  1.087577360036E-001  1.868983454826E+000 -2.340220530942E+001 -6.118386776811E+001
  1.099089403557E-001  1.842004088768E+000 -2.346770957511E+001 -5.266269705333E+001
  1.110674133350E-001  1.814783915552E+000 -2.352388192947E+001 -4.435856132486E+001
  1.122331815458E-001  1.787332227016E+000 -2.357085303206E+001 -3.626952617013E+001
  1.134062717995E-001  1.759658354458E+000 -2.360875533489E+001 -2.839362352118E+001
  1.145867111168E-001  1.731771664116E+000 -2.363772301310E+001 -2.072885118873E+001
  1.157745267286E-001  1.703681552646E+000 -2.365789189381E+001 -1.327317252281E+001
  1.169697460775E-001  1.675397442604E+000 -2.366939938321E+001 -6.024516198423E+000
  1.181723968193E-001  1.646928777943E+000 -2.367238439203E+001  1.019223875865E+000
  1.193825068243E-001  1.618285019518E+000 -2.366698725947E+001  7.860188528452E+000
  1.206001041787E-001  1.589475640613E+000 -2.365334967580E+001  1.450055317710E+001
  1.218252171865E-001  1.560510122490E+000 -2.363161460362E+001  2.094252756603E+001
  1.230578743703E-001  1.531397949963E+000 -2.360192619812E+001  2.718835539081E+001
  1.242981044731E-001  1.502148607003E+000 -2.356442972618E+001  3.324031381456E+001
  1.255459364600E-001  1.472771572371E+000 -2.351927148474E+001  3.910071287910E+001
  1.268013995194E-001  1.443276315304E+000 -2.346659871839E+001  4.477189481486E+001
  1.280645230647E-001  1.413672291223E+000 -2.340655953635E+001  5.025623325371E+001
  1.293353367356E-001  1.383968937497E+000 -2.333930282899E+001  5.555613234898E+001
  1.306138704000E-001  1.354175669258E+000 -2.326497818403E+001  6.067402580713E+001
  1.319001541553E-001  1.324301875257E+000 -2.318373580256E+001  6.561237583550E+001
  1.331942183303E-001  1.294356913785E+000 -2.309572641495E+001  7.037367201114E+001
  1.344960934863E-001  1.264350108647E+000 -2.300110119688E+001  7.496043007524E+001
  1.358058104191E-001  1.234290745198E+000 -2.290001168550E+001  7.937519065831E+001
  1.371234001607E-001  1.204188066441E+000 -2.279260969594E+001  8.362051794094E+001
  1.384488939805E-001  1.174051269200E+000 -2.267904723831E+001  8.769899825526E+001
  1.397823233874E-001  1.143889500348E+000 -2.255947643520E+001  9.161323863221E+001
  1.411237201313E-001  1.113711853119E+000 -2.243404943986E+001  9.536586529958E+001
  1.424731162050E-001  1.083527363490E+000 -2.230291835524E+001  9.895952213607E+001
  1.438305438454E-001  1.053345006639E+000 -2.216623515389E+001  1.023968690864E+002
  1.451960355357E-001  1.023173693476E+000 -2.202415159889E+001  1.056805805425E+002
  1.465696240072E-001  9.930222672660E-001 -2.187681916591E+001  1.088133436958E+002
  1.479513422405E-001  9.628995003217E-001 -2.172438896646E+001  1.117978568657E+002
  1.493412234681E-001  9.328140907857E-001 -2.156701167250E+001  1.146368278090E+002
  1.507393011753E-001  9.027746594963E-001 -2.140483744243E+001  1.173329720148E+002
  1.521456091027E-001  8.727897469383E-001 -2.123801584856E+001  1.198890109906E+002
  1.535601812478E-001  8.428678102814E-001 -2.106669580614E+001  1.223076705424E+002
  1.549830518669E-001  8.130172205063E-001 -2.089102550411E+001  1.245916790553E+002
  1.564142554766E-001  7.832462596197E-001 -2.071115233747E+001  1.267437657777E+002
  1.578538268564E-001  7.535631179583E-001 -2.052722284150E+001  1.287666591133E+002
  1.593018010499E-001  7.239758915827E-001 -2.033938262778E+001  1.306630849256E+002
  1.607582133673E-001  6.944925797616E-001 -2.014777632214E+001  1.324357648584E+002
  1.622230993867E-001  6.651210825466E-001 -1.995254750452E+001  1.340874146757E+002
  1.636964949568E-001  6.358691984369E-001 -1.975383865085E+001  1.356207426257E+002
  1.651784361984E-001  6.067446221349E-001 -1.955179107695E+001  1.370384478310E+002
  1.666689595063E-001  5.777549423918E-001 -1.934654488449E+001  1.383432187088E+002
  1.681681015517E-001  5.489076399435E-001 -1.913823890902E+001  1.395377314242E+002
  1.696758992842E-001  5.202100855356E-001 -1.892701067016E+001  1.406246483793E+002
  1.711923899335E-001  4.916695380374E-001 -1.871299632390E+001  1.416066167409E+002
  1.727176110118E-001  4.632931426447E-001 -1.849633061698E+001  1.424862670089E+002
  1.742516003158E-001  4.350879291697E-001 -1.827714684358E+001  1.432662116281E+002
  1.757943959287E-001  4.070608104180E-001 -1.805557680397E+001  1.439490436448E+002
  1.773460362227E-001  3.792185806511E-001 -1.783175076550E+001  1.445373354115E+002
  1.789065598608E-001  3.515679141335E-001 -1.760579742559E+001  1.450336373390E+002
  1.804760057990E-001  3.241153637644E-001 -1.737784387697E+001  1.454404767004E+002
  1.820544132889E-001  2.968673597907E-001 -1.714801557495E+001  1.457603564853E+002
  1.836418218792E-001  2.698302086016E-001 -1.691643630691E+001  1.459957543073E+002
  1.852382714189E-001  2.430100916036E-001 -1.668322816374E+001  1.461491213654E+002
  1.868438020586E-001  2.164130641732E-001 -1.644851151348E+001  1.462228814591E+002
  1.884584542535E-001  1.900450546866E-001 -1.621240497683E+001  1.462194300589E+002
  1.900822687655E-001  1.639118636262E-001 -1.597502540485E+001  1.461411334322E+002
  1.917152866652E-001  1.380191627591E-001 -1.573648785842E+001  1.459903278243E+002
  1.933575493349E-001  1.123724943901E-001 -1.549690558978E+001  1.457693186951E+002
  1.950090984705E-001  8.697727068384E-002 -1.525639002586E+001  1.454803800119E+002
  1.966699760840E-001  6.183877305713E-002 -1.501505075347E+001  1.451257535969E+002
  1.983402245061E-001  3.696215163864E-002 -1.477299550631E+001  1.447076485297E+002
  2.000198863884E-001  1.235242479436E-002 -1.453033015368E+001  1.442282406039E+002
  2.017090047061E-001 -1.198552128263E-002 -1.428715869090E+001  1.436896718384E+002
  2.034076227605E-001 -3.604693291981E-002 -1.404358323139E+001  1.430940500403E+002
  2.051157841813E-001 -5.982718925200E-002 -1.379970400027E+001  1.424434484208E+002
  2.068335329293E-001 -8.332180244892E-002 -1.355561932962E+001  1.417399052618E+002
  2.085609132993E-001 -1.065264178852E-001 -1.331142565506E+001  1.409854236320E+002
  2.102979699219E-001 -1.294368142543E-001 -1.306721751389E+001  1.401819711528E+002
  2.120447477670E-001 -1.520489036288E-001 -1.282308754449E+001  1.393314798102E+002
  2.138012921459E-001 -1.743587314666E-001 -1.257912648712E+001  1.384358458141E+002
  2.155676487143E-001 -1.963624765679E-001 -1.233542318586E+001  1.374969295010E+002
  2.173438634747E-001 -2.180564509811E-001 -1.209206459188E+001  1.365165552810E+002
  2.191299827795E-001 -2.394370998612E-001 -1.184913576772E+001  1.354965116252E+002
  2.209260533334E-001 -2.605010012819E-001 -1.160671989267E+001  1.344385510939E+002
  2.227321221965E-001 -2.812448660022E-001 -1.136489826930E+001  1.333443904025E+002
  2.245482367870E-001 -3.016655371896E-001 -1.112375033071E+001  1.322157105243E+002
  2.263744448840E-001 -3.217599901007E-001 -1.088335364897E+001  1.310541568279E+002
  2.282107946304E-001 -3.415253317213E-001 -1.064378394416E+001  1.298613392482E+002
  2.300573345358E-001 -3.609588003660E-001 -1.040511509439E+001  1.286388324878E+002
  2.319141134796E-001 -3.800577652400E-001 -1.016741914646E+001  1.273881762492E+002
  2.337811807137E-001 -3.988197259633E-001 -9.930766327313E+000  1.261108754938E+002
  2.356585858657E-001 -4.172423120590E-001 -9.695225056006E+000  1.248084007275E+002
  2.375463789419E-001 -4.353232824057E-001 -9.460861956402E+000  1.234821883104E+002
  2.394446103301E-001 -4.530605246574E-001 -9.227741870345E+000  1.221336407891E+002
  2.413533308032E-001 -4.704520546284E-001 -8.995927871356E+000  1.207641272498E+002
  2.432725915217E-001 -4.874960156479E-001 -8.765481278792E+000  1.193749836904E+002
  2.452024440374E-001 -5.041906778821E-001 -8.536461672421E+000  1.179675134105E+002
  2.471429402963E-001 -5.205344376265E-001 -8.308926907383E+000  1.165429874163E+002
  2.490941326418E-001 -5.365258165687E-001 -8.082933129479E+000  1.151026448408E+002
  2.510560738180E-001 -5.521634610215E-001 -7.858534790780E+000  1.136476933759E+002
  2.530288169732E-001 -5.674461411295E-001 -7.635784665487E+000  1.121793097157E+002
  2.550124156627E-001 -5.823727500460E-001 -7.414733866044E+000  1.106986400100E+002
  2.570069238527E-001 -5.969423030853E-001 -7.195431859447E+000  1.092068003249E+002
  2.590123959233E-001 -6.111539368466E-001 -6.977926483732E+000  1.077048771118E+002
  2.610288866721E-001 -6.250069083139E-001 -6.762263964611E+000  1.061939276806E+002
  2.630564513176E-001 -6.385005939290E-001 -6.548488932237E+000  1.046749806775E+002
  2.650951455027E-001 -6.516344886412E-001 -6.336644438065E+000  1.031490365667E+002
  2.671450252982E-001 -6.644082049310E-001 -6.126771971795E+000  1.016170681130E+002
  2.692061472063E-001 -6.768214718110E-001 -5.918911478377E+000  1.000800208656E+002
  2.712785681644E-001 -6.888741338026E-001 -5.713101375055E+000  9.853881364196E+001
  2.733623455485E-001 -7.005661498888E-001 -5.509378568441E+000  9.699433901039E+001
  2.754575371771E-001 -7.118975924454E-001 -5.307778471600E+000  9.544746377047E+001
  2.775642013146E-001 -7.228686461475E-001 -5.108335021135E+000  9.389902943079E+001
  2.796823966754E-001 -7.334796068550E-001 -4.911080694261E+000  9.234985268297E+001
  2.818121824272E-001 -7.437308804749E-001 -4.716046525861E+000  9.080072587134E+001
  2.839536181956E-001 -7.536229818021E-001 -4.523262125507E+000  8.925241745763E+001
  2.861067640671E-001 -7.631565333377E-001 -4.332755694456E+000  8.770567248002E+001
  2.882716805935E-001 -7.723322640861E-001 -4.144554042598E+000  8.616121300607E+001
  2.904484287958E-001 -7.811510083306E-001 -3.958682605367E+000  8.461973857904E+001
  2.926370701682E-001 -7.896137043871E-001 -3.775165460597E+000  8.308192665716E+001
  2.948376666818E-001 -7.977213933373E-001 -3.594025345344E+000  8.154843304548E+001
  2.970502807892E-001 -8.054752177410E-001 -3.415283672644E+000  8.001989232000E+001
  2.992749754281E-001 -8.128764203267E-001 -3.238960548237E+000  7.849691824384E+001
  3.015118140259E-001 -8.199263426626E-001 -3.065074787239E+000  7.698010417512E+001
  3.037608605035E-001 -8.266264238064E-001 -2.893643930770E+000  7.547002346658E+001
  3.060221792797E-001 -8.329781989357E-001 -2.724684262545E+000  7.396722985659E+001
  3.082958352758E-001 -8.389832979573E-001 -2.558210825427E+000  7.247225785167E+001
  3.105818939192E-001 -8.446434440973E-001 -2.394237437945E+000  7.098562310035E+001
  3.128804211487E-001 -8.499604524719E-001 -2.232776710792E+000  6.950782275840E+001
  3.151914834180E-001 -8.549362286377E-001 -2.073840063292E+000  6.803933584550E+001
  3.175151477009E-001 -8.595727671238E-001 -1.917437739860E+000  6.658062359341E+001
  3.198514814953E-001 -8.638721499452E-001 -1.763578826443E+000  6.513212978569E+001
  3.222005528283E-001 -8.678365450964E-001 -1.612271266968E+000  6.369428108913E+001
  3.245624302601E-001 -8.714682050280E-001 -1.463521879781E+000  6.226748737713E+001
  3.269371828894E-001 -8.747694651048E-001 -1.317336374105E+000  6.085214204503E+001
  3.293248803576E-001 -8.777427420462E-001 -1.173719366508E+000  5.944862231779E+001
  3.317255928537E-001 -8.803905323496E-001 -1.032674397399E+000  5.805728955011E+001
  3.341393911192E-001 -8.827154106968E-001 -8.942039475431E-001  5.667848951924E+001
  3.365663464529E-001 -8.847200283442E-001 -7.583094546259E-001  5.531255271085E+001
  3.390065307159E-001 -8.864071114970E-001 -6.249913298473E-001  5.395979459812E+001
  3.414600163363E-001 -8.877794596676E-001 -4.942489745695E-001  5.262051591432E+001
  3.439268763145E-001 -8.888399440191E-001 -3.660807970156E-001  5.129500291926E+001
  3.464071842282E-001 -8.895915056950E-001 -2.404842290276E-001  4.998352765988E+001
  3.489010142374E-001 -8.900371541337E-001 -1.174557428877E-001  4.868634822518E+001
  3.514084410898E-001 -8.901799653710E-001  3.009131792677E-003  4.740370899600E+001
  3.539295401259E-001 -8.900230803289E-001  1.209157911114E-001  4.613584088976E+001
  3.564643872842E-001 -8.895697030925E-001  2.362705398382E-001  4.488296160054E+001
  3.590130591069E-001 -8.888230991756E-001  3.490805742984E-001  4.364527583489E+001
  3.615756327448E-001 -8.877865937758E-001  4.593539651746E-001  4.242297554356E+001
  3.641521859632E-001 -8.864635700182E-001  5.670996402251E-001  4.121624014945E+001
  3.667427971473E-001 -8.848574671914E-001  6.723273669161E-001  4.002523677222E+001
  3.693475453076E-001 -8.829717789739E-001  7.750477349672E-001  3.885012044965E+001
  3.719665100860E-001 -8.808100516526E-001  8.752721388112E-001  3.769103435616E+001
  3.745997717609E-001 -8.783758823343E-001  9.730127599651E-001  3.654811001878E+001
  3.772474112534E-001 -8.756729171516E-001  1.068282549316E+000  3.542146753065E+001
  3.799095101331E-001 -8.727048494622E-001  1.161095209322E+000  3.431121576260E+001
  3.825861506238E-001 -8.694754180442E-001  1.251465176128E+000  3.321745257272E+001
  3.852774156096E-001 -8.659884052879E-001  1.339407601604E+000  3.214026501441E+001
  3.879833886411E-001 -8.622476353842E-001  1.424938335305E+000  3.107972954298E+001
  3.907041539409E-001 -8.582569725111E-001  1.508073906349E+000  3.003591222107E+001
  3.934397964105E-001 -8.540203190196E-001  1.588831505239E+000  2.900886892301E+001
  3.961904016361E-001 -8.495416136182E-001  1.667228965607E+000  2.799864553839E+001
  3.989560558949E-001 -8.448248295601E-001  1.743284745901E+000  2.700527817490E+001
  4.017368461617E-001 -8.398739728296E-001  1.817017911021E+000  2.602879336069E+001
  4.045328601149E-001 -8.346930803334E-001  1.888448113903E+000  2.506920824627E+001
  4.073441861437E-001 -8.292862180938E-001  1.957595577057E+000  2.412653080618E+001
  4.101709133538E-001 -8.236574794474E-001  2.024481074081E+000  2.320076004044E+001
  4.130131315750E-001 -8.178109832483E-001  2.089125911133E+000  2.229188617595E+001
  4.158709313670E-001 -8.117508720784E-001  2.151551908394E+000  2.139989086781E+001
  4.187444040269E-001 -8.054813104648E-001  2.211781381519E+000  2.052474740081E+001
  4.216336415958E-001 -7.990064831053E-001  2.269837123073E+000  1.966642089088E+001
  4.245387368658E-001 -7.923305931030E-001  2.325742383991E+000  1.882486848677E+001
  4.274597833869E-001 -7.854578602114E-001  2.379520855035E+000  1.800003957189E+001
  4.303968754741E-001 -7.783925190902E-001  2.431196648290E+000  1.719187596624E+001
  4.333501082151E-001 -7.711388175729E-001  2.480794278686E+000  1.640031212862E+001
  4.363195774768E-001 -7.637010149481E-001  2.528338645562E+000  1.562527535889E+001
  4.393053799131E-001 -7.560833802533E-001  2.573855014291E+000  1.486668600048E+001
  4.423076129724E-001 -7.482901905842E-001  2.617368997968E+000  1.412445764288E+001
  4.453263749047E-001 -7.403257294196E-001  2.658906539162E+000  1.339849732428E+001
  4.483617647698E-001 -7.321942849618E-001  2.698493891768E+000  1.268870573420E+001
  4.514138824444E-001 -7.239001484951E-001  2.736157602944E+000  1.199497741602E+001
  4.544828286302E-001 -7.154476127616E-001  2.771924495158E+000  1.131720096942E+001
  4.575687048617E-001 -7.068409703567E-001  2.805821648346E+000  1.065525925263E+001
  4.606716135142E-001 -6.980845121429E-001  2.837876382206E+000  1.000902958439E+001
  4.637916578118E-001 -6.891825256852E-001  2.868116238621E+000  9.378383945493E+000
  4.669289418353E-001 -6.801392937068E-001  2.896568964231E+000  8.763189179901E+000
  4.700835705309E-001 -6.709590925669E-001  2.923262493166E+000  8.163307195290E+000
  4.732556497182E-001 -6.616461907611E-001  2.948224929945E+000  7.578595162893E+000
  4.764452860985E-001 -6.522048474445E-001  2.971484532551E+000  7.008905716565E+000
  4.796525872639E-001 -6.426393109792E-001  2.993069695696E+000  6.454087150954E+000
  4.828776617050E-001 -6.329538175055E-001  3.013008934286E+000  5.913983618648E+000
  4.861206188205E-001 -6.231525895390E-001  3.031330867086E+000  5.388435326190E+000
  4.893815689254E-001 -6.132398345923E-001  3.048064200606E+000  4.877278728847E+000
  4.926606232602E-001 -6.032197438235E-001  3.063237713211E+000  4.380346723986E+000
  4.959578939999E-001 -5.930964907111E-001  3.076880239466E+000  3.897468842976E+000
  4.992734942630E-001 -5.828742297557E-001  3.089020654721E+000  3.428471441451E+000
  5.026075381207E-001 -5.725570952093E-001  3.099687859946E+000  2.973177887849E+000
  5.059601406064E-001 -5.621491998333E-001  3.108910766830E+000  2.531408750080E+000
  5.093314177250E-001 -5.516546336834E-001  3.116718283135E+000  2.102981980214E+000
  5.127214864626E-001 -5.410774629245E-001  3.123139298333E+000  1.687713097080E+000
  5.161304647959E-001 -5.304217286738E-001  3.128202669519E+000  1.285415366635E+000
  5.195584717022E-001 -5.196914458736E-001  3.131937207609E+000  8.958999800140E-001
  5.230056271692E-001 -5.088906021935E-001  3.134371663832E+000  5.189762291371E-001
  5.264720522050E-001 -4.980231569624E-001  3.135534716519E+000  1.544516797664E-001
  5.299578688483E-001 -4.870930401304E-001  3.135454958199E+000 -1.978676580907E-001
  5.334632001783E-001 -4.761041512614E-001  3.134160882997E+000 -5.381771625338E-001
  5.369881703256E-001 -4.650603585554E-001  3.131680874352E+000 -8.666734349754E-001
  5.405329044823E-001 -4.539654979016E-001  3.128043193049E+000 -1.183554138295E+000
  5.440975289128E-001 -4.428233719621E-001  3.123275965571E+000 -1.489017838028E+000
  5.476821709641E-001 -4.316377492858E-001  3.117407172780E+000 -1.783263846682E+000
  5.512869590774E-001 -4.204123634533E-001  3.110464638924E+000 -2.066492071249E+000
  5.549120227985E-001 -4.091509122525E-001  3.102476020972E+000 -2.338902864004E+000
  5.585574927889E-001 -3.978570568844E-001  3.093468798284E+000 -2.600696876648E+000
  5.622235008375E-001 -3.865344211998E-001  3.083470262619E+000 -2.852074917871E+000
  5.659101798716E-001 -3.751865909664E-001  3.072507508472E+000 -3.093237814393E+000
  5.696176639685E-001 -3.638171131660E-001  3.060607423754E+000 -3.324386275536E+000
  5.733460883672E-001 -3.524294953226E-001  3.047796680811E+000 -3.545720761381E+000
  5.770955894803E-001 -3.410272048597E-001  3.034101727773E+000 -3.757441354560E+000
  5.808663049055E-001 -3.296136684880E-001  3.019548780257E+000 -3.959747635717E+000
  5.846583734383E-001 -3.181922716230E-001  3.004163813390E+000 -4.152838562674E+000
  5.884719350837E-001 -3.067663578315E-001  2.987972554186E+000 -4.336912353336E+000
  5.923071310690E-001 -2.953392283077E-001  2.971000474245E+000 -4.512166372360E+000
  5.961641038558E-001 -2.839141413781E-001  2.953272782803E+000 -4.678797021607E+000
  6.000429971532E-001 -2.724943120350E-001  2.934814420098E+000 -4.836999634387E+000
  6.039439559304E-001 -2.610829114987E-001  2.915650051085E+000 -4.986968373517E+000
  6.078671264295E-001 -2.496830668067E-001  2.895804059464E+000 -5.128896133193E+000
  6.118126561791E-001 -2.382978604320E-001  2.875300542045E+000 -5.262974444671E+000
  6.157806940069E-001 -2.269303299274E-001  2.854163303435E+000 -5.389393385761E+000
  6.197713900541E-001 -2.155834675972E-001  2.832415851040E+000 -5.508341494121E+000
  6.237848957880E-001 -2.042602201954E-001  2.810081390391E+000 -5.620005684338E+000
  6.278213640166E-001 -1.929634886502E-001  2.787182820776E+000 -5.724571168779E+000
  6.318809489022E-001 -1.816961278130E-001  2.763742731186E+000 -5.822221382190E+000
  6.359638059756E-001 -1.704609462343E-001  2.739783396565E+000 -5.913137910014E+000
  6.400700921502E-001 -1.592607059627E-001  2.715326774358E+000 -5.997500420406E+000
  6.441999657370E-001 -1.480981223692E-001  2.690394501354E+000 -6.075486599897E+000
  6.483535864586E-001 -1.369758639945E-001  2.665007890827E+000 -6.147272092689E+000
  6.525311154647E-001 -1.258965524205E-001  2.639187929950E+000 -6.213030443522E+000
  6.567327153465E-001 -1.148627621633E-001  2.612955277502E+000 -6.272933044072E+000
  6.609585501525E-001 -1.038770205897E-001  2.586330261839E+000 -6.327149082848E+000
  6.652087854034E-001 -9.294180785441E-002  2.559332879142E+000 -6.375845498513E+000
  6.694835881080E-001 -8.205955685901E-002  2.531982791925E+000 -6.419186936594E+000
  6.737831267789E-001 -7.123265323147E-002  2.504299327798E+000 -6.457335709516E+000
  6.781075714485E-001 -6.046343532566E-002  2.476301478486E+000 -6.490451759901E+000
  6.824570936852E-001 -4.975419424050E-002  2.448007899089E+000 -6.518692627079E+000
  6.868318666096E-001 -3.910717385815E-002  2.419436907585E+000 -6.542213416733E+000
  6.912320649114E-001 -2.852457090062E-002  2.390606484562E+000 -6.561166773623E+000
  6.956578648660E-001 -1.800853500437E-002  2.361534273175E+000 -6.575702857319E+000
  7.001094443516E-001 -7.561168812142E-003  2.332237579328E+000 -6.585969320875E+000
  7.045869828664E-001  2.815471918239E-003  2.302733372064E+000 -6.592111292361E+000
  7.090906615461E-001  1.311937818895E-002  2.273038284163E+000 -6.594271359201E+000
  7.136206631812E-001  2.334858762149E-002  2.243168612937E+000 -6.592589555224E+000
  7.181771722357E-001  3.350118430086E-002  2.213140321223E+000 -6.587203350364E+000
  7.227603748644E-001  4.357529860520E-002  2.182969038557E+000 -6.578247642927E+000
  7.273704589315E-001  5.356910702131E-002  2.152670062532E+000 -6.565854754353E+000
  7.320076140295E-001  6.348083194676E-002  2.122258360321E+000 -6.550154426385E+000
  7.366720314977E-001  7.330874147894E-002  2.091748570378E+000 -6.531273820587E+000
  7.413639044413E-001  8.305114919178E-002  2.061155004284E+000 -6.509337520101E+000
  7.460834277508E-001  9.270641390053E-002  2.030491648755E+000 -6.484467533599E+000
  7.508307981215E-001  1.022729394152E-001  1.999772167796E+000 -6.456783301320E+000
  7.556062140732E-001  1.117491742831E-001  1.969009904984E+000 -6.426401703130E+000
  7.604098759705E-001  1.211336115211E-001  1.938217885899E+000 -6.393437068522E+000
  7.652419860431E-001  1.304247883381E-001  1.907408820665E+000 -6.358001188475E+000
  7.701027484060E-001  1.396212858479E-001  1.876595106624E+000 -6.320203329089E+000
  7.749923690810E-001  1.487217287739E-001  1.845788831114E+000 -6.280150246928E+000
  7.799110560171E-001  1.577247851442E-001  1.815001774358E+000 -6.237946205978E+000
  7.848590191124E-001  1.666291659802E-001  1.784245412452E+000 -6.193692996160E+000
  7.898364702358E-001  1.754336249770E-001  1.753530920450E+000 -6.147489953304E+000
  7.948436232486E-001  1.841369581766E-001  1.722869175534E+000 -6.099433980515E+000
  7.998806940270E-001  1.927380036351E-001  1.692270760269E+000 -6.049619570865E+000
  8.049479004846E-001  2.012356410839E-001  1.661745965933E+000 -5.998138831313E+000
  8.100454625952E-001  2.096287915840E-001  1.631304795922E+000 -5.945081507809E+000
  8.151736024160E-001  2.179164171767E-001  1.600956969211E+000 -5.890535011480E+000
  8.203325441110E-001  2.260975205283E-001  1.570711923889E+000 -5.834584445855E+000
  8.255225139746E-001  2.341711445702E-001  1.540578820734E+000 -5.777312635036E+000
  8.307437404560E-001  2.421363721358E-001  1.510566546849E+000 -5.718800152762E+000
  8.359964541833E-001  2.499923255925E-001  1.480683719335E+000 -5.659125352290E+000
  8.412808879885E-001  2.577381664712E-001  1.450938689005E+000 -5.598364397029E+000
  8.465972769320E-001  2.653730950923E-001  1.421339544138E+000 -5.536591291867E+000
  8.519458583285E-001  2.728963501886E-001  1.391894114251E+000 -5.473877915127E+000
  8.573268717726E-001  2.803072085264E-001  1.362609973911E+000 -5.410294051081E+000
  8.627405591648E-001  2.876049845242E-001  1.333494446553E+000 -5.345907422980E+000
  8.681871647376E-001  2.947890298691E-001  1.304554608329E+000 -5.280783726524E+000
  8.736669350829E-001  3.018587331324E-001  1.275797291958E+000 -5.214986663731E+000
  8.791801191785E-001  3.088135193834E-001  1.247229090594E+000 -5.148577977139E+000
  8.847269684160E-001  3.156528498018E-001  1.218856361690E+000 -5.081617484296E+000
  8.903077366283E-001  3.223762212903E-001  1.190685230869E+000 -5.014163112481E+000
  8.959226801184E-001  3.289831660851E-001  1.162721595793E+000 -4.946270933612E+000
  9.015720576873E-001  3.354732513678E-001  1.134971130025E+000 -4.877995199288E+000
  9.072561306635E-001  3.418460788752E-001  1.107439286881E+000 -4.809388375927E+000
  9.129751629322E-001  3.481012845108E-001  1.080131303270E+000 -4.740501179943E+000
  9.187294209652E-001  3.542385379554E-001  1.053052203524E+000 -4.671382612937E+000
  9.245191738511E-001  3.602575422783E-001  1.026206803209E+000 -4.602079996844E+000
  9.303446933257E-001  3.661580335491E-001  9.995997129067E-001 -4.532639009014E+000
  9.362062538036E-001  3.719397804502E-001  9.732353419896E-001 -4.463103717177E+000
  9.421041324088E-001  3.776025838902E-001  9.471179023591E-001 -4.393516614262E+000
  9.480386090075E-001  3.831462766174E-001  9.212514121618E-001 -4.323918653038E+000
  9.540099662399E-001  3.885707228355E-001  8.956396994759E-001 -4.254349280546E+000
  9.600184895530E-001  3.938758178196E-001  8.702864059666E-001 -4.184846472288E+000
  9.660644672342E-001  3.990614875338E-001  8.451949905089E-001 -4.115446766144E+000
  9.721481904447E-001  4.041276882498E-001  8.203687327764E-001 -4.046185296003E+000
  9.782699532537E-001  4.090744061669E-001  7.958107367941E-001 -3.977095825064E+000
  9.844300526731E-001  4.139016570342E-001  7.715239344544E-001 -3.908210778801E+000
  9.906287886927E-001  4.186094857730E-001  7.475110889941E-001 -3.839561277560E+000
  9.968664643158E-001  4.231979661018E-001  7.237747984327E-001 -3.771177168772E+000
  1.003143385595E+000  4.276672001625E-001  7.003174989695E-001 -3.703087058761E+000
  1.009459861670E+000  4.320173181482E-001  6.771414683398E-001 -3.635318344136E+000
  1.015816204803E+000  4.362484779328E-001  6.542488291283E-001 -3.567897242748E+000
  1.022212730417E+000  4.403608647019E-001  6.316415520402E-001 -3.500848824187E+000
  1.028649757135E+000  4.443546905861E-001  6.093214591282E-001 -3.434197039833E+000
  1.035127606818E+000  4.482301942952E-001  5.872902269761E-001 -3.367964752421E+000
  1.041646604604E+000  4.519876407545E-001  5.655493898372E-001 -3.302173765127E+000
  1.048207078948E+000  4.556273207429E-001  5.441003427288E-001 -3.236844850163E+000
  1.054809361664E+000  4.591495505324E-001  5.229443444815E-001 -3.171997776871E+000
  1.061453787962E+000  4.625546715292E-001  5.020825207429E-001 -3.107651339308E+000
  1.068140696494E+000  4.658430499170E-001  4.815158669369E-001 -3.043823383330E+000
  1.074870429395E+000  4.690150763008E-001  4.612452511775E-001 -2.980530833144E+000
  1.081643332322E+000  4.720711653538E-001  4.412714171376E-001 -2.917789717362E+000
  1.088459754505E+000  4.750117554646E-001  4.215949868730E-001 -2.855615194516E+000
  1.095320048782E+000  4.778373083862E-001  4.022164636013E-001 -2.794021578066E+000
  1.102224571653E+000  4.805483088872E-001  3.831362344373E-001 -2.733022360874E+000
  1.109173683316E+000  4.831452644031E-001  3.643545730833E-001 -2.672630239172E+000
  1.116167747721E+000  4.856287046905E-001  3.458716424762E-001 -2.612857135995E+000
  1.123207132611E+000  4.879991814815E-001  3.276874973914E-001 -2.553714224110E+000
  1.130292209573E+000  4.902572681396E-001  3.098020870037E-001 -2.495211948421E+000
  1.137423354084E+000  4.924035593177E-001  2.922152574058E-001 -2.437360047872E+000
  1.144600945560E+000  4.944386706159E-001  2.749267540854E-001 -2.380167576839E+000
  1.151825367405E+000  4.963632382417E-001  2.579362243607E-001 -2.323642926021E+000
  1.159097007063E+000  4.981779186707E-001  2.412432197757E-001 -2.267793842839E+000
  1.166416256069E+000  4.998833883081E-001  2.248471984552E-001 -2.212627451344E+000
  1.173783510095E+000  5.014803431518E-001  2.087475274208E-001 -2.158150271639E+000
  1.181199169012E+000  5.029694984562E-001  1.929434848685E-001 -2.104368238828E+000
  1.188663636935E+000  5.043515883965E-001  1.774342624073E-001 -2.051286721499E+000
  1.196177322279E+000  5.056273657344E-001  1.622189672626E-001 -1.998910539736E+000
  1.203740637818E+000  5.067976014843E-001  1.472966244406E-001 -1.947243982693E+000
  1.211354000735E+000  5.078630845802E-001  1.326661788594E-001 -1.896290825705E+000
  1.219017832681E+000  5.088246215431E-001  1.183264974432E-001 -1.846054346980E+000
  1.226732559833E+000  5.096830361497E-001  1.042763711832E-001 -1.796537343850E+000
  1.234498612950E+000  5.104391691009E-001  9.051451716494E-002 -1.747742148608E+000
  1.242316427433E+000  5.110938776912E-001  7.703958056217E-002 -1.699670643941E+000
  1.250186443388E+000  5.116480354787E-001  6.385013659941E-002 -1.652324277948E+000
  1.258109105679E+000  5.121025319551E-001  5.094469248267E-002 -1.605704078782E+000
  1.266084863999E+000  5.124582722165E-001  3.832168929974E-002 -1.559810668899E+000
  1.274114172926E+000  5.127161766347E-001  2.597950389051E-002 -1.514644278938E+000
  1.282197491990E+000  5.128771805282E-001  1.391645068804E-002 -1.470204761237E+000
  1.290335285734E+000  5.129422338338E-001  2.130783531158E-003 -1.426491602992E+000
  1.298528023786E+000  5.129123007790E-001 -9.379302550855E-003 -1.383503939077E+000
  1.306776180919E+000  5.127883595537E-001 -2.061566958075E-002 -1.341240564521E+000
  1.315080237120E+000  5.125714019825E-001 -3.158023490236E-002 -1.299699946658E+000
  1.323440677664E+000  5.122624331975E-001 -4.227496947559E-002 -1.258880236967E+000
  1.331857993175E+000  5.118624713104E-001 -5.270189619674E-002 -1.218779282596E+000
  1.340332679704E+000  5.113725470859E-001 -6.286308824352E-002 -1.179394637582E+000
  1.348865238797E+000  5.107937036139E-001 -7.276066744429E-002 -1.140723573789E+000
  1.357456177571E+000  5.101269959827E-001 -8.239680267085E-002 -1.102763091559E+000
  1.366106008782E+000  5.093734909520E-001 -9.177370825438E-002 -1.065509930077E+000
  1.374815250909E+000  5.085342666256E-001 -1.008936424239E-001 -1.028960577491E+000
  1.383584428224E+000  5.076104121247E-001 -1.097589057669E-001 -9.931112807465E-001
  1.392414070872E+000  5.066030272609E-001 -1.183718397116E-001 -9.579580551927E-001
  1.401304714948E+000  5.055132222091E-001 -1.267348250299E-001 -9.234966939285E-001
  1.410256902580E+000  5.043421171808E-001 -1.348502803623E-001 -8.897227769186E-001
  1.419271182008E+000  5.030908420968E-001 -1.427206607616E-001 -8.566316798784E-001
  1.428348107668E+000  5.017605362605E-001 -1.503484562580E-001 -8.242185829352E-001
  1.437488240275E+000  5.003523480311E-001 -1.577361904425E-001 -7.924784790726E-001
  1.446692146911E+000  4.988674344961E-001 -1.648864190710E-001 -7.614061823652E-001
  1.455960401104E+000  4.973069611448E-001 -1.718017286858E-001 -7.309963360083E-001
  1.465293582927E+000  4.956721015413E-001 -1.784847352572E-001 -7.012434201501E-001
  1.474692279079E+000  4.939640369972E-001 -1.849380828425E-001 -6.721417595300E-001
  1.484157082978E+000  4.921839562452E-001 -1.911644422630E-001 -6.436855309305E-001
  1.493688594856E+000  4.903330551115E-001 -1.971665098000E-001 -6.158687704463E-001
  1.503287421848E+000  4.884125361895E-001 -2.029470059069E-001 -5.886853805766E-001
  1.512954178094E+000  4.864236085127E-001 -2.085086739400E-001 -5.621291371441E-001
  1.522689484827E+000  4.843674872276E-001 -2.138542789055E-001 -5.361936960471E-001
  1.532493970480E+000  4.822453932677E-001 -2.189866062242E-001 -5.108725998470E-001
  1.542368270780E+000  4.800585530261E-001 -2.239084605127E-001 -4.861592841962E-001
  1.552313028853E+000  4.778081980291E-001 -2.286226643813E-001 -4.620470841108E-001
  1.562328895326E+000  4.754955646101E-001 -2.331320572487E-001 -4.385292400905E-001
  1.572416528431E+000  4.731218935829E-001 -2.374394941725E-001 -4.155989040906E-001
  1.582576594115E+000  4.706884299155E-001 -2.415478446967E-001 -3.932491453485E-001
  1.592809766145E+000  4.681964224042E-001 -2.454599917147E-001 -3.714729560678E-001
  1.603116726218E+000  4.656471233475E-001 -2.491788303489E-001 -3.502632569637E-001
  1.613498164078E+000  4.630417882207E-001 -2.527072668454E-001 -3.296129026717E-001
  1.623954777622E+000  4.603816753502E-001 -2.560482174858E-001 -3.095146870233E-001
  1.634487273025E+000  4.576680455883E-001 -2.592046075132E-001 -2.899613481895E-001
  1.645096364848E+000  4.549021619880E-001 -2.621793700750E-001 -2.709455736969E-001
  1.655782776168E+000  4.520852894789E-001 -2.649754451810E-001 -2.524600053159E-001
  1.666547238688E+000  4.492186945418E-001 -2.675957786762E-001 -2.344972438260E-001
  1.677390492873E+000  4.463036448854E-001 -2.700433212304E-001 -2.170498536573E-001
  1.688313288066E+000  4.433414091218E-001 -2.723210273414E-001 -2.001103674130E-001
  1.699316382620E+000  4.403332564436E-001 -2.744318543551E-001 -1.836712902725E-001
  1.710400544029E+000  4.372804563005E-001 -2.763787614991E-001 -1.677251042777E-001
  1.721566549058E+000  4.341842780766E-001 -2.781647089329E-001 -1.522642725049E-001
  1.732815183877E+000  4.310459907682E-001 -2.797926568115E-001 -1.372812431223E-001
  1.744147244202E+000  4.278668626617E-001 -2.812655643653E-001 -1.227684533362E-001
  1.755563535430E+000  4.246481610128E-001 -2.825863889936E-001 -1.087183332263E-001
  1.767064872781E+000  4.213911517248E-001 -2.837580853736E-001 -9.512330947216E-002
  1.778652081442E+000  4.180970990289E-001 -2.847836045829E-001 -8.197580897206E-002
  1.790325996715E+000  4.147672651640E-001 -2.856658932380E-001 -6.926826235554E-002
  1.802087464166E+000  4.114029100575E-001 -2.864078926455E-001 -5.699310739107E-002
  1.813937339772E+000  4.080052910066E-001 -2.870125379684E-001 -4.514279229022E-002
  1.825876490081E+000  4.045756623602E-001 -2.874827574064E-001 -3.370977890958E-002
  1.837905792365E+000  4.011152752016E-001 -2.878214713900E-001 -2.268654585174E-002
  1.850026134778E+000  3.976253770317E-001 -2.880315917880E-001 -1.206559146677E-002
  1.862238416525E+000  3.941072114530E-001 -2.881160211297E-001 -1.839436755418E-003
  1.874543548019E+000  3.905620178543E-001 -2.880776518391E-001  7.999371824593E-003
  1.886942451054E+000  3.869910310965E-001 -2.879193654840E-001  1.745825964783E-002
  1.899436058973E+000  3.833954811984E-001 -2.876440320371E-001  2.654462130457E-002
  1.912025316845E+000  3.797765930247E-001 -2.872545091504E-001  3.526581807699E-002
  1.924711181638E+000  3.761355859737E-001 -2.867536414430E-001  4.362917550673E-002
  1.937494622402E+000  3.724736736665E-001 -2.861442598003E-001  5.164198105232E-002
  1.950376620452E+000  3.687920636372E-001 -2.854291806870E-001  5.931148183504E-002
  1.963358169552E+000  3.650919570240E-001 -2.846112054714E-001  6.664488247160E-002
  1.976440276109E+000  3.613745482619E-001 -2.836931197620E-001  7.364934299226E-002
  1.989623959360E+000  3.576410247758E-001 -2.826776927561E-001  8.033197684248E-002
  2.002910251577E+000  3.538925666755E-001 -2.815676766001E-001  8.669984896688E-002
  2.016300198259E+000  3.501303464518E-001 -2.803658057607E-001  9.275997397338E-002
  2.029794858340E+000  3.463555286738E-001 -2.790747964079E-001  9.851931437623E-002
  2.043395304396E+000  3.425692696880E-001 -2.776973458090E-001  1.039847789158E-001
  2.057102622856E+000  3.387727173187E-001 -2.762361317328E-001  1.091632209537E-001
  2.070917914217E+000  3.349670105702E-001 -2.746938118652E-001  1.140614369411E-001
  2.084842293261E+000  3.311532793305E-001 -2.730730232346E-001  1.186861649583E-001
  2.098876889283E+000  3.273326440767E-001 -2.713763816482E-001  1.230440833242E-001
  2.113022846310E+000  3.235062155832E-001 -2.696064811373E-001  1.271418092734E-001
  2.127281323341E+000  3.196750946305E-001 -2.677658934131E-001  1.309858976984E-001
  2.141653494575E+000  3.158403717172E-001 -2.658571673324E-001  1.345828399561E-001
  2.156140549656E+000  3.120031267739E-001 -2.638828283720E-001  1.379390627355E-001
  2.170743693911E+000  3.081644288797E-001 -2.618453781127E-001  1.410609269855E-001
  2.185464148607E+000  3.043253359802E-001 -2.597472937326E-001  1.439547268994E-001
  2.200303151197E+000  3.004868946098E-001 -2.575910275096E-001  1.466266889562E-001
  2.215261955581E+000  2.966501396153E-001 -2.553790063316E-001  1.490829710138E-001
  2.230341832367E+000  2.928160938831E-001 -2.531136312170E-001  1.513296614554E-001
  2.245544069142E+000  2.889857680692E-001 -2.507972768425E-001  1.533727783834E-001
  2.260869970742E+000  2.851601603329E-001 -2.484322910802E-001  1.552182688616E-001
  2.276320859530E+000  2.813402560733E-001 -2.460209945429E-001  1.568720082028E-001
  2.291898075679E+000  2.775270276694E-001 -2.435656801375E-001  1.583397992987E-001
  2.307602977460E+000  2.737214342245E-001 -2.410686126271E-001  1.596273719921E-001
  2.323436941540E+000  2.699244213143E-001 -2.385320282015E-001  1.607403824871E-001
  2.339401363274E+000  2.661369207385E-001 -2.359581340555E-001  1.616844127976E-001
  2.355497657016E+000  2.623598502774E-001 -2.333491079760E-001  1.624649702309E-001
  2.371727256428E+000  2.585941134532E-001 -2.307070979371E-001  1.630874869045E-001
  2.388091614797E+000  2.548405992951E-001 -2.280342217040E-001  1.635573192953E-001
  2.404592205358E+000  2.511001821103E-001 -2.253325664451E-001  1.638797478180E-001
  2.421230521622E+000  2.473737212596E-001 -2.226041883528E-001  1.640599764326E-001
  2.438008077714E+000  2.436620609383E-001 -2.198511122733E-001  1.641031322779E-001
  2.454926408713E+000  2.399660299635E-001 -2.170753313447E-001  1.640142653312E-001
  2.471987071003E+000  2.362864415662E-001 -2.142788066447E-001  1.637983480905E-001
  2.489191642624E+000  2.326240931902E-001 -2.114634668477E-001  1.634602752800E-001
  2.506541723641E+000  2.289797662969E-001 -2.086312078906E-001  1.630048635762E-001
  2.524038936507E+000  2.253542261770E-001 -2.057838926494E-001  1.624368513541E-001
  2.541684926444E+000  2.217482217690E-001 -2.029233506254E-001  1.617608984520E-001
  2.559481361827E+000  2.181624854841E-001 -2.000513776410E-001  1.609815859543E-001
  2.577429934572E+000  2.145977330395E-001 -1.971697355478E-001  1.601034159910E-001
  2.595532360540E+000  2.110546632983E-001 -1.942801519441E-001  1.591308115534E-001
  2.613790379943E+000  2.075339581174E-001 -1.913843199050E-001  1.580681163251E-001
  2.632205757760E+000  2.040362822041E-001 -1.884838977232E-001  1.569195945281E-001
  2.650780284158E+000  2.005622829800E-001 -1.855805086633E-001  1.556894307829E-001
  2.669515774928E+000  1.971125904544E-001 -1.826757407271E-001  1.543817299828E-001
  2.688414071925E+000  1.936878171054E-001 -1.797711464337E-001  1.530005171824E-001
  2.707477043518E+000  1.902885577711E-001 -1.768682426115E-001  1.515497374990E-001
  2.726706585047E+000  1.869153895494E-001 -1.739685102057E-001  1.500332560284E-001
  2.746104619295E+000  1.835688717074E-001 -1.710733940992E-001  1.484548577738E-001
  2.765673096964E+000  1.802495456007E-001 -1.681843029488E-001  1.468182475893E-001
  2.785413997161E+000  1.769579346020E-001 -1.653026090373E-001  1.451270501374E-001
  2.805329327899E+000  1.736945440409E-001 -1.624296481414E-001  1.433848098611E-001
  2.825421126601E+000  1.704598611530E-001 -1.595667194158E-001  1.415949909714E-001
  2.845691460623E+000  1.672543550398E-001 -1.567150852950E-001  1.397609774508E-001
  2.866142427776E+000  1.640784766397E-001 -1.538759714124E-001  1.378860730733E-001
  2.886776156875E+000  1.609326587091E-001 -1.510505665373E-001  1.359735014417E-001
  2.907594808280E+000  1.578173158152E-001 -1.482400225315E-001  1.340264060429E-001
  2.928600574467E+000  1.547328443395E-001 -1.454454543237E-001  1.320478503236E-001
  2.949795680597E+000  1.516796224929E-001 -1.426679399047E-001  1.300408177848E-001
  2.971182385105E+000  1.486580103415E-001 -1.399085203423E-001  1.280082120990E-001
  2.992762980296E+000  1.456683498449E-001 -1.371681998172E-001  1.259528572488E-001
  3.014539792958E+000  1.427109649049E-001 -1.344479456792E-001  1.238774976908E-001
  3.036515184988E+000  1.397861614268E-001 -1.317486885258E-001  1.217847985426E-001
  3.058691554023E+000  1.368942273914E-001 -1.290713223026E-001  1.196773457981E-001
  3.081071334099E+000  1.340354329398E-001 -1.264167044254E-001  1.175576465690E-001
  3.103656996309E+000  1.312100304683E-001 -1.237856559258E-001  1.154281293559E-001
  3.126451049484E+000  1.284182547366E-001 -1.211789616192E-001  1.132911443496E-001
  3.149456040888E+000  1.256603229862E-001 -1.185973702966E-001  1.111489637642E-001
  3.172674556926E+000  1.229364350710E-001 -1.160415949391E-001  1.090037822029E-001
  3.196109223865E+000  1.202467735996E-001 -1.135123129574E-001  1.068577170581E-001
  3.219762708576E+000  1.175915040879E-001 -1.110101664537E-001  1.047128089469E-001
  3.243637719289E+000  1.149707751239E-001 -1.085357625088E-001  1.025710221839E-001
  3.267737006362E+000  1.123847185429E-001 -1.060896734927E-001  1.004342452913E-001
  3.292063363076E+000  1.098334496137E-001 -1.036724373993E-001  9.830429154808E-002
  3.316619626434E+000  1.073170672358E-001 -1.012845582053E-001  9.618289957958E-002
  3.341408677987E+000  1.048356541462E-001 -9.892650625285E-002  9.407173398782E-002
  3.366433444679E+000  1.023892771369E-001 -9.659871865594E-002  9.197238602376E-002
  3.391696899702E+000  9.997798728225E-002 -9.430159973070E-002  8.988637430224E-002
  3.417202063379E+000  9.760182017552E-002 -9.203552144859E-002  8.781514556018E-002
  3.442952004065E+000  9.526079617504E-002 -8.980082391273E-002  8.576007545871E-002
  3.468949839059E+000  9.295492065897E-002 -8.759781585679E-002  8.372246942959E-002
  3.495198735552E+000  9.068418428862E-002 -8.542677516594E-002  8.170356356614E-002
  3.521701911582E+000  8.844856327995E-002 -8.328794941938E-002  7.970452555908E-002
  3.548462637020E+000  8.624801968260E-002 -8.118155645392E-002  7.772645567702E-002
  3.575484234572E+000  8.408250166628E-002 -7.910778494782E-002  7.577038779170E-002
  3.602770080809E+000  8.195194381393E-002 -7.706679502439E-002  7.383729044757E-002
  3.630323607217E+000  7.985626742111E-002 -7.505871887432E-002  7.192806797541E-002
  3.658148301271E+000  7.779538080127E-002 -7.308366139615E-002  7.004356164924E-002
  3.686247707537E+000  7.576917959634E-002 -7.114170085389E-002  6.818455088593E-002
  3.714625428793E+000  7.377754709204E-002 -6.923288955073E-002  6.635175448654E-002
  3.743285127184E+000  7.182035453749E-002 -6.735725451808E-002  6.454583191829E-002
  3.772230525397E+000  6.989746146852E-002 -6.551479821867E-002  6.276738463604E-002
  3.801465407866E+000  6.800871603405E-002 -6.370549926269E-002  6.101695744170E-002
  3.830993622005E+000  6.615395532516E-002 -6.192931313579E-002  5.929503988026E-002
  3.860819079470E+000  6.433300570609E-002 -6.018617293779E-002  5.760206767056E-002
  3.890945757450E+000  6.254568314666E-002 -5.847599013082E-002  5.593842416894E-002
  3.921377699988E+000  6.079179355563E-002 -5.679865529549E-002  5.430444186394E-002
  3.952119019336E+000  5.907113311422E-002 -5.515403889407E-002  5.270040389967E-002
  3.983173897337E+000  5.738348860942E-002 -5.354199203901E-002  5.112654562574E-002
  4.014546586845E+000  5.572863776638E-002 -5.196234726564E-002  4.958305617123E-002
  4.046241413173E+000  5.410634957938E-002 -5.041491930758E-002  4.807008004026E-002
  4.078262775585E+000  5.251638464080E-002 -4.889950587346E-002  4.658771872637E-002
  4.110615148813E+000  5.095849546754E-002 -4.741588842354E-002  4.513603234313E-002
  4.143303084620E+000  4.943242682441E-002 -4.596383294478E-002  4.371504126798E-002
  4.176331213391E+000  4.793791604383E-002 -4.454309072302E-002  4.232472779646E-002
  4.209704245774E+000  4.647469334157E-002 -4.315339911070E-002  4.096503780383E-002
  4.243426974351E+000  4.504248212781E-002 -4.179448228886E-002  3.963588241087E-002
  4.277504275353E+000  4.364099931325E-002 -4.046605202197E-002  3.833713965106E-002
  4.311941110423E+000  4.226995560968E-002 -3.916780840412E-002  3.706865613561E-002
  4.346742528412E+000  4.092905582473E-002 -3.789944059548E-002  3.583024871351E-002
  4.381913667228E+000  3.961799915042E-002 -3.666062754738E-002  3.462170612315E-002
  4.417459755726E+000  3.833647944495E-002 -3.545103871508E-002  3.344279063262E-002
  4.453386115645E+000  3.708418550778E-002 -3.427033475670E-002  3.229323966523E-002
  4.489698163598E+000  3.586080134735E-002 -3.311816821735E-002  3.117276740737E-002
  4.526401413105E+000  3.466600644141E-002 -3.199418419726E-002  3.008106639558E-002
  4.563501476684E+000  3.349947598973E-002 -3.089802100277E-002  2.901780907970E-002
  4.601004067991E+000  3.236088115892E-002 -2.982931077934E-002  2.798264935933E-002
  4.638915004011E+000  3.124988931930E-002 -2.878768012548E-002  2.697522409067E-002
  4.677240207311E+000  3.016616427370E-002 -2.777275068690E-002  2.599515456092E-002
  4.715985708351E+000  2.910936647818E-002 -2.678413972996E-002  2.504204792779E-002
  4.755157647843E+000  2.807915325460E-002 -2.582146069387E-002  2.411549862140E-002
  4.794762279187E+000  2.707517899501E-002 -2.488432372082E-002  2.321508970639E-002
  4.834805970953E+000  2.609709535817E-002 -2.397233616380E-002  2.234039420185E-002
  4.875295209443E+000  2.514455145801E-002 -2.308510307140E-002  2.149097635713E-002
  4.916236601308E+000  2.421719404436E-002 -2.222222764942E-002  2.066639288160E-002
  4.957636876237E+000  2.331466767613E-002 -2.138331169899E-002  1.986619412660E-002
  4.999502889720E+000  2.243661488710E-002 -2.056795603102E-002  1.908992521811E-002
  5.041841625875E+000  2.158267634469E-002 -1.977576085702E-002  1.833712713881E-002
  5.084660200360E+000  2.075249100192E-002 -1.900632615617E-002  1.760733775832E-002
  5.127965863354E+000  1.994569624292E-002 -1.825925201896E-002  1.690009281081E-002
  5.171766002619E+000  1.916192802249E-002 -1.753413896753E-002  1.621492681906E-002
  5.216068146649E+000  1.840082099989E-002 -1.683058825300E-002  1.555137396477E-002
  5.260879967894E+000  1.766200866753E-002 -1.614820213030E-002  1.490896890443E-002
  5.306209286078E+000  1.694512347487E-002 -1.548658411103E-002  1.428724753105E-002
  5.352064071605E+000  1.624979694808E-002 -1.484533919473E-002  1.368574768161E-002
  5.398452449055E+000  1.557565980595E-002 -1.422407407956E-002  1.310400979063E-002
  5.445382700775E+000  1.492234207257E-002 -1.362239735287E-002  1.254157749053E-002
  5.492863270572E+000  1.428947318737E-002 -1.303991966265E-002  1.199799815934E-002
  5.540902767504E+000  1.367668211298E-002 -1.247625387067E-002  1.147282341685E-002
  5.589509969774E+000  1.308359744158E-002 -1.193101518835E-002  1.096560957027E-002
  5.638693828737E+000  1.250984750018E-002 -1.140382129634E-002  1.047591801075E-002
  5.688463473008E+000  1.195506045546E-002 -1.089429244885E-002  1.000331556222E-002
  5.738828212699E+000  1.141886441878E-002 -1.040205156396E-002  9.547374784229E-003
  5.789797543759E+000  1.090088755179E-002 -9.926724300929E-003  9.107674230652E-003
  5.841381152447E+000  1.040075817317E-002 -9.467939125760E-003  8.683798666077E-003
  5.893588919926E+000  9.918104867200E-003 -9.025327366274E-003  8.275339242100E-003
  5.946430926988E+000  9.452556594427E-003 -8.598523257817E-003  7.881893635641E-003
  5.999917458910E+000  9.003742805015E-003 -8.187163980908E-003  7.503066151603E-003
  6.054059010457E+000  8.571293555213E-003 -7.790889692026E-003  7.138467792254E-003
  6.108866291020E+000  8.154839627319E-003 -7.409343548772E-003  6.787716295790E-003
  6.164350229902E+000  7.754012653526E-003 -7.042171730599E-003  6.450436146577E-003
  6.220521981762E+000  7.368445243956E-003 -6.689023456303E-003  6.126258559634E-003
  6.277392932215E+000  6.997771119199E-003 -6.349550999414E-003  5.814821441911E-003
  6.334974703589E+000  6.641625247559E-003 -6.023409702589E-003  5.515769332958E-003
  6.393279160860E+000  6.299643987206E-003 -5.710257992080E-003  5.228753327533E-003
  6.452318417752E+000  5.971465233376E-003 -5.409757393268E-003  4.953430982709E-003
  6.512104843026E+000  5.656728570671E-003 -5.121572548210E-003  4.689466211964E-003
  6.572651066946E+000  5.355075430504E-003 -4.845371236068E-003  4.436529168717E-003
  6.633969987942E+000  5.066149253632E-003 -4.580824397222E-003  4.194296121661E-003
  6.696074779472E+000  4.789595657684E-003 -4.327606161792E-003  3.962449324206E-003
  6.758978897091E+000  4.525062609526E-003 -4.085393883185E-003  3.740676880199E-003
  6.822696085726E+000  4.272200602238E-003 -3.853868177239E-003  3.528672608021E-003
  6.887240387180E+000  4.030662836414E-003 -3.632712967399E-003  3.326135904995E-003
  6.952626147859E+000  3.800105405463E-003 -3.421615536287E-003  3.132771613946E-003
  7.018868026732E+000  3.580187484486E-003 -3.220266583937E-003  2.948289893587E-003
  7.085981003543E+000  3.370571522278E-003 -3.028360292855E-003  2.772406094262E-003
  7.153980387268E+000  3.170923435947E-003 -2.845594399960E-003  2.604840640413E-003
  7.222881824836E+000  2.980912807569E-003 -2.671670275382E-003  2.445318920995E-003
  7.292701310121E+000  2.800213082266E-003 -2.506293007988E-003  2.293571188866E-003
  7.363455193219E+000  2.628501767042E-003 -2.349171497394E-003  2.149332470034E-003
  7.435160190001E+000  2.465460629667E-003 -2.200018552157E-003  2.012342483461E-003
  7.507833391988E+000  2.310775896861E-003 -2.058550993723E-003  1.882345571950E-003
  7.581492276516E+000  2.164138451000E-003 -1.924489765647E-003  1.759090644477E-003
  7.656154717242E+000  2.025244024529E-003 -1.797560047493E-003  1.642331130159E-003
  7.731838994973E+000  1.893793391260E-003 -1.677491372774E-003  1.531824943889E-003
  7.808563808847E+000  1.769492553691E-003 -1.564017750192E-003  1.427334463504E-003
  7.886348287874E+000  1.652052925503E-003 -1.456877787415E-003  1.328626518215E-003
  7.965212002848E+000  1.541191508347E-003 -1.355814816530E-003  1.235472387866E-003
  8.045174978646E+000  1.436631062081E-003 -1.260577020291E-003  1.147647812472E-003
  8.126257706932E+000  1.338100267584E-003 -1.170917558247E-003  1.064933011353E-003
  8.208481159274E+000  1.245333881309E-003 -1.086594691773E-003  9.871127110675E-004
  8.291866800694E+000  1.158072880773E-003 -1.007371907045E-003  9.139761812582E-004
  8.376436603664E+000  1.076064600162E-003 -9.330180349617E-004  8.453172774138E-004
  8.462213062574E+000  9.990628553338E-004 -8.633073670163E-004  7.809344894996E-004
  8.549219208676E+000  9.268280574742E-004 -7.980197661476E-004  7.206309953283E-004
  8.637478625536E+000  8.591273147653E-004 -7.369407715888E-004  6.642147175027E-004
  8.727015464999E+000  7.957345214405E-004 -6.798616967780E-004  6.114983827276E-004
  8.817854463709E+000  7.364304336854E-004 -6.265797194219E-004  5.622995822650E-004
  8.910020960175E+000  6.810027318963E-004 -5.768979628471E-004  5.164408323037E-004
  9.003540912431E+000  6.292460688828E-004 -5.306255678273E-004  4.737496330204E-004
  9.098440916308E+000  5.809621036769E-004 -4.875777541339E-004  4.340585251307E-004
  9.194748224321E+000  5.359595206855E-004 -4.475758711242E-004  3.972051427619E-004
  9.292490765233E+000  4.940540340101E-004 -4.104474367570E-004  3.630322615277E-004
  9.391697164283E+000  4.550683768395E-004 -3.760261645028E-004  3.313878407412E-004
  9.492396764138E+000  4.188322759064E-004 -3.441519777057E-004  3.021250587705E-004
  9.594619646576E+000  3.851824110920E-004 -3.146710110394E-004  2.751023406233E-004
  9.698396654938E+000  3.539623603444E-004 -2.874355987973E-004  2.501833769298E-004
  9.803759417385E+000  3.250225301696E-004 -2.623042498518E-004  2.272371335935E-004
  9.910740370981E+000  2.982200720402E-004 -2.391416092166E-004  2.061378514752E-004
  1.001937278665E+001  2.734187851486E-004 -2.178184062455E-004  1.867650355892E-004
  1.012969079502E+001  2.504890060200E-004 -1.982113896014E-004  1.690034333970E-004
  1.024172941323E+001  2.293074855744E-004 -1.802032492261E-004  1.527430019004E-004
  1.035552457272E+001  2.097572543047E-004 -1.636825256394E-004  1.378788633517E-004
  1.047111314798E+001  1.917274763078E-004 -1.485435069900E-004  1.243112495132E-004
  1.058853298647E+001  1.751132929695E-004 -1.346861143680E-004  1.119454345148E-004
  1.070782293953E+001  1.598156571627E-004 -1.220157759767E-004  1.006916564706E-004
  1.082902289454E+001  1.457411588695E-004 -1.104432908381E-004  9.046502812432E-005
  1.095217380826E+001  1.328018431831E-004 -9.988468278138E-005  8.118543689861E-005
  1.107731774137E+001  1.209150216786E-004 -9.026104552733E-005  7.277743482213E-005
  1.120449789442E+001  1.100030781735E-004 -8.149837974083E-005  6.517011889972E-005
  1.133375864507E+001  9.999326991428E-005 -7.352742297236E-005  5.829700257650E-005
  1.146514558681E+001  9.081752523830E-005 -6.628347344938E-005  5.209587902208E-005
  1.159870556913E+001  8.241223875983E-005 -5.970620871018E-005  4.650867702798E-005
  1.173448673928E+001  7.471806512264E-005 -5.373950009371E-005  4.148131036837E-005
  1.187253858566E+001  6.767971234411E-005 -4.833122411064E-005  3.696352152099E-005
  1.201291198287E+001  6.124573575062E-005 -4.343307172261E-005  3.290872068068E-005
  1.215565923859E+001  5.536833347011E-005 -3.900035654867E-005  2.927382102380E-005
  1.230083414231E+001  5.000314440540E-005 -3.499182299983E-005  2.601907119513E-005
  1.244849201595E+001  4.510904956231E-005 -3.136945531588E-005  2.310788599275E-005
  1.259868976657E+001  4.064797754958E-005 -2.809828844228E-005  2.050667621851E-005
  1.275148594119E+001  3.658471500469E-005 -2.514622164052E-005  1.818467864394E-005
  1.290694078384E+001  3.288672263054E-005 -2.248383567289E-005  1.611378701331E-005
  1.306511629490E+001  2.952395745458E-005 -2.008421434303E-005  1.426838496865E-005
  1.322607629292E+001  2.646870184444E-005 -1.792277110791E-005  1.262518173502E-005
  1.338988647898E+001  2.369539973365E-005 -1.597708140560E-005  1.116305135053E-005
  1.355661450375E+001  2.118050042894E-005 -1.422672126737E-005  9.862876164736E-006
  1.372633003727E+001  1.890231028727E-005 -1.265311270372E-005  8.707395261492E-006
  1.389910484176E+001  1.684085246806E-005 -1.123937627225E-005  7.681058390555E-006
  1.407501284743E+001  1.497773488419E-005 -9.970191152614E-006  6.769885915840E-006
  1.425413023161E+001  1.329602639596E-005 -8.831662970691E-006  5.961335209366E-006
  1.443653550117E+001  1.178014121613E-005 -7.811199532154E-006  5.244173839289E-006
  1.462230957852E+001  1.041573142207E-005 -6.897394545438E-006  4.608359819251E-006
  1.481153589140E+001  9.189587404170E-006 -6.079919337030E-006  4.044929105752E-006
  1.500430046649E+001  8.089546018464E-006 -5.349422488841E-006  3.545890451507E-006
  1.520069202718E+001  7.104406157025E-006 -4.697437259150E-006  3.104127646677E-006
  1.540080209569E+001  6.223851401820E-006 -4.116296585914E-006  2.713309107723E-006
  1.560472509963E+001  5.438379387926E-006 -3.599055414948E-006  2.367804706028E-006
  1.581255848342E+001  4.739237469524E-006 -3.139420045978E-006  2.062609666397E-006
  1.602440282470E+001  4.118364257836E-006 -2.731684147525E-006  1.793275309610E-006
  1.624036195599E+001  3.568336583685E-006 -2.370671057010E-006  1.555846364040E-006
  1.646054309190E+001  3.082321428780E-006 -2.051681955829E-006  1.346804529266E-006
  1.668505696224E+001  2.654032368760E-006 -1.770449490171E-006  1.163017940000E-006
  1.691401795117E+001  2.277690077026E-006 -1.523096397111E-006  1.001696151556E-006
  1.714754424293E+001  1.947986451063E-006 -1.306098691619E-006  8.603502485675E-007
  1.738575797433E+001  1.660051941468E-006 -1.116252973216E-006  7.367576665209E-007
  1.762878539445E+001  1.409425687655E-006 -9.506474205350E-007  6.289313106404E-007
  1.787675703191E+001  1.192028092291E-006 -8.066360574306E-007  5.350925583346E-007
  1.812980787015E+001  1.004135498103E-006 -6.818158947222E-007  4.536477392342E-007
  1.838807753110E+001  8.423566648024E-007 -5.740065764133E-007  3.831677002311E-007
  1.865171046781E+001  7.036107796323E-007 -4.812321874628E-007  3.223700811272E-007
  1.892085616642E+001  5.851067715031E-007 -4.017049109861E-007  2.701039487729E-007
  1.919566935809E+001  4.843237349370E-007 -3.338102552847E-007  2.253364631000E-007
  1.947631024137E+001  3.989923053092E-007 -2.760936044717E-007  1.871412764031E-007
  1.976294471571E+001  3.270768603533E-007 -2.272478798544E-007  1.546883967827E-007
  2.005574462663E+001  2.667584539575E-007 -1.861021318854E-007  1.272352770150E-007
  2.035488802332E+001  2.164184163559E-007 -1.516109137206E-007  1.041189205173E-007
  2.066055942930E+001  1.746225794842E-007 -1.228443166156E-007  8.474882582473E-008
  2.097295012706E+001  1.401061072235E-007 -9.897857407279E-008  6.860061947634E-008
  2.129225845729E+001  1.117589273176E-007 -7.928716542635E-008  5.521025389079E-008
  2.161869013374E+001  8.861177488592E-008 -6.313237016388E-008  4.416867127373E-008
  2.195245857462E+001  6.982286673541E-008 -4.995724158532E-008  3.511685651167E-008
  2.229378525140E+001  5.466523129495E-008 -3.927798235571E-008  2.774122116028E-008
  2.264290005632E+001  4.251472125574E-008 -3.067671519633E-008  2.176927691599E-008
  2.300004168951E+001  3.283873526434E-008 -2.379464954746E-008  1.696557036123E-008
  2.336545806705E+001  2.518567173543E-008 -1.832564977950E-008  1.312786137653E-008
  2.373940675129E+001  1.917513250657E-008 -1.401021274771E-008  1.008353558026E-008
  2.412215540475E+001  1.448888716233E-008 -1.062986254780E-008  7.686246717749E-009
  2.451398226921E+001  1.086260091903E-008 -8.001968637465E-009  5.812788357080E-009
  2.491517667142E+001  8.078320482690E-009 -5.974990454348E-009  4.360195874477E-009
  2.532603955735E+001  5.957703729918E-009 -4.424147694606E-009  3.243079864398E-009
  2.574688405660E+001  4.355970827838E-009 -3.247510905885E-009  2.391191127190E-009
  2.617803607920E+001  3.156546851924E-009 -2.362502349742E-009  1.747215600133E-009
  2.661983494664E+001  2.266359360552E-009 -1.702792510713E-009  1.264795312628E-009
  2.707263405971E+001  1.611748945135E-009 -1.215573429500E-009  9.067689369590E-010
  2.753680160532E+001  1.134946624036E-009 -8.591864150843E-010  6.436230064474E-010
  2.801272130518E+001  7.910691421528E-010 -6.010787847981E-010  4.521425713935E-010
  2.850079320900E+001  5.455817647207E-010 -4.160621742867E-010  3.142481017218E-010
  2.900143453541E+001  3.721779430037E-010 -2.848436788881E-010  2.160039187722E-010
  2.951508056378E+001  2.510261630343E-010 -1.928006146736E-010  1.467823986111E-010
  3.004218558064E+001  1.673362115090E-010 -1.289699622273E-010  9.856764801426E-011
  3.058322388437E+001  1.101998266882E-010 -8.522448959364E-011  6.538229146675E-011
  3.113869085248E+001  7.166405571144E-011 -5.560903212993E-011  4.282137683914E-011
  3.170910407585E+001  4.599942128362E-011 -3.581231388482E-011  2.767814410337E-011
  3.229500456485E+001  2.912902713570E-011 -2.275190210216E-011  1.764742955852E-011
  3.289695803249E+001  1.818883658131E-011 -1.425227232085E-011  1.109371708784E-011
  3.351555626047E+001  1.119339800503E-011 -8.798415504162E-012  6.872218791680E-012
  3.415141855403E+001  6.785147562555E-012 -5.349844695774E-012  4.192796781941E-012
  3.480519329257E+001  4.049002965227E-012 -3.202178506829E-012  2.517962271538E-012
  3.547755958299E+001  2.377210809954E-012 -1.885632792060E-012  1.487555260298E-012
  3.616922902393E+001  1.372287183290E-012 -1.091699370869E-012  8.639786120718E-013
  3.688094758921E+001  7.783837254655E-013 -6.210081760130E-013  4.930071668918E-013
  3.761349763993E+001  4.335245222945E-013 -3.468485712936E-013  2.762003725042E-013
  3.836770007534E+001  2.369134510919E-013 -1.900710870718E-013  1.518104700037E-013
  3.914441663347E+001  1.269378531978E-013 -1.021163538350E-013  8.180043298959E-014
  3.994455235367E+001  6.663011357881E-014 -5.374406633739E-014  4.317568441665E-014
  4.076905821405E+001  3.423441007265E-014 -2.768579163817E-014  2.230428375004E-014
  4.161893395835E+001  1.720220717779E-014 -1.394732811945E-014  1.126729487221E-014
  4.249523112779E+001  8.445604049365E-015 -6.864821325241E-015  5.560711018075E-015
  4.339905631520E+001  4.047412317755E-015 -3.297971464667E-015  2.678526984751E-015
  4.433157466006E+001  1.891371199005E-015 -1.544886945182E-015  1.257968995116E-015
  4.529401360538E+001  8.609086208803E-016 -7.048672919661E-016  5.754150377913E-016
  4.628766693861E+001  3.812598584184E-016 -3.128829917466E-016  2.560550737473E-016
  4.731389914191E+001  1.640757294007E-016 -1.349572775542E-016  1.107140491694E-016
  4.837415007871E+001  6.852881738407E-017 -5.649332433495E-017  4.645542210111E-017
  4.946994004686E+001  2.774106316572E-017 -2.291923285105E-017  1.889080670252E-017
  5.060287523143E+001  1.086866247011E-017 -8.998862664057E-018  7.434091895301E-018
  5.177465359367E+001  4.115086321053E-018 -3.414340211483E-018  2.826936922228E-018
  5.298707123650E+001  1.503281915022E-018 -1.249875277895E-018  1.037109454880E-018
  5.424202929116E+001  5.289672032892E-019 -4.406926188689E-019  3.664563554075E-019
  5.554154137419E+001  1.789652043022E-019 -1.493960443127E-019  1.244900158328E-019
  5.688774166961E+001  5.810828933767E-020 -4.860209964337E-020  4.058262798923E-020
  5.828289369667E+001  1.807029708691E-020 -1.514300070271E-020  1.266974703887E-020
  5.972939983075E+001  5.370621879243E-021 -4.509044126254E-021  3.780009429323E-021
  6.122981165190E+001  1.522062867705E-021 -1.280234682557E-021  1.075306524093E-021
  6.278684120462E+001  4.103400404814E-022 -3.457658422771E-022  2.909653893107E-022
  6.440337326150E+001  1.049654116972E-022 -8.860331519515E-023  7.469789728527E-023
  6.608247869451E+001  2.540710787064E-023 -2.148370576637E-023  1.814469665039E-023
  6.782742906960E+001  5.802417218203E-024 -4.914711405997E-024  4.158186200128E-024
  6.964171259434E+001  1.246411671525E-024 -1.057476754263E-024  8.962429386622E-025
  7.152905156377E+001  2.510015369552E-025 -2.133002462397E-025  1.810836365201E-025
  7.349342146763E+001  4.721924175028E-026 -4.019067320152E-026  3.417671372276E-026
  7.553907194217E+001  8.267013466287E-027 -7.047451445949E-027  6.002591910986E-027
  7.767054977292E+001  1.341557951881E-027 -1.145397345787E-027  9.771234475753E-028
  7.989272418113E+001  2.009188202100E-028 -1.717975553260E-028  1.467850731299E-028
  8.221081465675E+001  2.764176087151E-029 -2.366999964203E-029  2.025443855176E-029
  8.463042163523E+001  3.476006598994E-030 -2.980822390308E-030  2.554469745609E-030
  8.715756035520E+001  3.974114863078E-031 -3.412760972170E-031  2.928863726914E-031
  8.979869827958E+001  4.107192207740E-032 -3.531893711729E-032  3.035398595823E-032
  9.256079651532E+001  3.813317105957E-033 -3.283598550774E-033  2.825916956491E-033
  9.545135572765E+001  3.159463986143E-034 -2.724160353463E-034  2.347631416495E-034
  9.847846711487E+001  2.319246084504E-035 -2.002285471386E-035  1.727818211664E-035
  1.016508690915E+002  1.496657948172E-036 -1.293747703696E-036  1.117850122611E-036
  1.049780104220E+002  8.419464352684E-038 -7.286978982318E-038  6.304211709125E-038
  1.084701206579E+002  4.091415589548E-039 -3.545365322588E-039  3.071009179921E-039
  1.121382888606E+002  1.700582079528E-040 -1.475359417077E-040  1.279506737802E-040
  1.159945517414E+002  5.981312362305E-042 -5.195151520480E-042  4.510820639528E-042
  1.200519925308E+002  1.759560638336E-043 -1.530017152171E-043  1.330008468323E-043
  1.243248520934E+002  4.274700298231E-045 -3.721148847160E-045  3.238353656639E-045
  1.288286540551E+002  8.458392084350E-047 -7.371020697018E-047  6.421737304706E-047
  1.335803459987E+002  1.342718799629E-048 -1.171339049653E-048  1.021583624073E-048
  1.385984591287E+002  1.681965974402E-050 -1.468797502852E-050  1.282355737420E-050
  1.439032892205E+002  1.632747579802E-052 -1.427251506072E-052  1.247358992866E-052
  1.495171021587E+002  1.204094679126E-054 -1.053582509069E-054  9.217074382628E-055
  1.554643679592E+002  6.600187935703E-057 -5.780701123816E-057  5.062068652631E-057
  1.617720278763E+002  2.625190851411E-059 -2.301396086977E-059  2.017211337647E-059
  1.684698000514E+002  7.378209160208E-062 -6.474076491875E-062  5.679891771236E-062
  1.755905301928E+002  1.422946610646E-064 -1.249689348603E-064  1.097378226835E-064
  1.831705950299E+002  1.822907222471E-067 -1.602341088984E-067  1.408287255520E-067
  1.912503678195E+002  1.496295543792E-070 -1.316361539227E-070  1.157933397438E-070
  1.998747570544E+002  7.560038608688E-074 -6.656405688647E-074  5.860174275417E-074
  2.090938318328E+002  2.248313006474E-077 -1.981167464061E-077  1.745599676893E-077
  2.189635501945E+002  3.743693096714E-081 -3.301445098630E-081  2.911191326125E-081
  2.295466102647E+002  3.300049141286E-085 -2.912423713580E-085  2.570129670097E-085
  2.409134484547E+002  1.446027887184E-089 -1.277121195959E-089  1.127864989920E-089
  2.531434144886E+002  2.934033203915E-094 -2.593181047799E-094  2.291781438330E-094
  2.663261599835E+002  2.544358251870E-099 -2.250347646991E-099  1.990197910782E-099
  2.805632861191E+002  8.611233638820E-105 -7.621343330557E-105  6.744899879047E-105
  2.959703071532E+002  1.025812897177E-110 -9.084906316218E-111  8.045497486608E-111
  3.126790009236E+002  3.823026447500E-117 -3.387951415325E-117  3.002267105993E-117
  3.308402360200E+002  3.894781724539E-124 -3.453679851742E-124  3.062423596991E-124
  3.506273893903E+002  9.288522232305E-132 -8.241499706276E-132  7.312264306326E-132
  3.722404996260E+002  4.335952015622E-140 -3.849429948879E-140  3.417401491981E-140
  3.959113426415E+002  3.219920607174E-149 -2.860231478451E-149  2.540658547367E-149
  4.219096715122E+002  2.988219349797E-159 -2.655855002337E-159  2.360405847211E-159
  4.505509359373E+002  2.613384330541E-170 -2.323929289007E-170  2.066494117826E-170
  4.822058963204E+002  1.545711803744E-182 -1.375206209942E-182  1.223488374658E-182
  5.173126831536E+002  4.177369758137E-196 -3.718381037755E-196  3.309775664977E-196
  5.563920392209E+002  3.236805733219E-211 -2.882513410874E-211  2.566968869146E-211
  6.000667421536E+002  4.117947238492E-228 -3.668861538971E-228  3.268716118434E-228
  6.490865708786E+002  4.396592966637E-247 -3.918815485901E-247  3.492926093269E-247
  7.043607010442E+002  1.745631899597E-268 -1.556580034486E-268  1.387991720149E-268
  7.670001674974E+002  9.532587210121E-293 -8.503585352383E-293  7.585610357254E-293
  8.383741345464E+002  0.000000000000E+000  0.000000000000E+000  0.000000000000E+000
  9.201853543213E+002  0.000000000000E+000  0.000000000000E+000  0.000000000000E+000
  1.014572672318E+003  0.000000000000E+000  0.000000000000E+000  0.000000000000E+000
  1.124252254996E+003  0.000000000000E+000  0.000000000000E+000  0.000000000000E+000
  1.252715205428E+003  0.000000000000E+000  0.000000000000E+000  0.000000000000E+000
  1.404508845568E+003  0.000000000000E+000  0.000000000000E+000  0.000000000000E+000
  1.585644739908E+003  0.000000000000E+000  0.000000000000E+000  0.000000000000E+000
  1.804203189488E+003  0.000000000000E+000  0.000000000000E+000  0.000000000000E+000
  2.071250249814E+003  0.000000000000E+000  0.000000000000E+000  0.000000000000E+000
  2.402266552340E+003  0.000000000000E+000  0.000000000000E+000  0.000000000000E+000
  2.819442449497E+003  0.000000000000E+000  0.000000000000E+000  0.000000000000E+000
  3.355496240167E+003  0.000000000000E+000  0.000000000000E+000  0.000000000000E+000
  4.060290442982E+003  0.000000000000E+000  0.000000000000E+000  0.000000000000E+000
  5.012860622227E+003  0.000000000000E+000  0.000000000000E+000  0.000000000000E+000
  6.344578802016E+003  0.000000000000E+000  0.000000000000E+000  0.000000000000E+000
  8.287000878586E+003  0.000000000000E+000  0.000000000000E+000  0.000000000000E+000
  1.127976970933E+004  0.000000000000E+000  0.000000000000E+000  0.000000000000E+000
  1.624316171036E+004  0.000000000000E+000  0.000000000000E+000  0.000000000000E+000
  2.538031516868E+004  0.000000000000E+000  0.000000000000E+000  0.000000000000E+000
  4.512107881524E+004  0.000000000000E+000  0.000000000000E+000  0.000000000000E+000
  1.015232606647E+005  0.000000000000E+000  0.000000000000E+000  0.000000000000E+000
  4.060950426526E+005  0.000000000000E+000  0.000000000000E+000  0.000000000000E+000
