# 1st line: number of mesh points
# abcissa wavefunction wavefunction_1st wavefunction_2nd
1000
# Principal QN=   4 , l=   0 , Occupation=   2.0000
  2.462477732966E-006  1.870686972733E+001 -7.500753174187E+002  2.658725177895E+004
  9.849959442330E-006  1.870132928507E+001 -7.498789340674E+002  2.657926982969E+004
  2.216259066178E-005  1.869209831668E+001 -7.495517551896E+002  2.656597264161E+004
  3.940061395432E-005  1.867918147218E+001 -7.490939706988E+002  2.654736929824E+004
  6.156436892224E-005  1.866258525546E+001 -7.485058461786E+002  2.652347250140E+004
  8.865429222131E-005  1.864231801824E+001 -7.477877225877E+002  2.649429855620E+004
  1.206709175794E-004  1.861838995218E+001 -7.469400158822E+002  2.645986735173E+004
  1.576148758184E-004  1.859081307935E+001 -7.459632165537E+002  2.642020233749E+004
  1.994868948811E-004  1.855960124103E+001 -7.448578890870E+002  2.637533049571E+004
  2.462877998613E-004  1.852477008473E+001 -7.436246713353E+002  2.632528230943E+004
  2.980185130383E-004  1.848633704962E+001 -7.422642738163E+002  2.627009172660E+004
  3.546800539158E-004  1.844432135030E+001 -7.407774789281E+002  2.620979612001E+004
  4.162735392647E-004  1.839874395895E+001 -7.391651400884E+002  2.614443624335E+004
  4.828001831694E-004  1.834962758589E+001 -7.374281807967E+002  2.607405618336E+004
  5.542612970792E-004  1.829699665854E+001 -7.355675936217E+002  2.599870330805E+004
  6.306582898628E-004  1.824087729896E+001 -7.335844391155E+002  2.591842821132E+004
  7.119926678676E-004  1.818129729977E+001 -7.314798446565E+002  2.583328465382E+004
  7.982660349828E-004  1.811828609867E+001 -7.292550032221E+002  2.574332950030E+004
  8.894800927067E-004  1.805187475155E+001 -7.269111720939E+002  2.564862265344E+004
  9.856366402179E-004  1.798209590418E+001 -7.244496714975E+002  2.554922698443E+004
  1.086737574451E-003  1.790898376259E+001 -7.218718831786E+002  2.544520826013E+004
  1.192784890174E-003  1.783257406215E+001 -7.191792489176E+002  2.533663506730E+004
  1.303780680078E-003  1.775290403539E+001 -7.163732689857E+002  2.522357873362E+004
  1.419727134858E-003  1.767001237860E+001 -7.134555005439E+002  2.510611324596E+004
  1.540626543307E-003  1.758393921734E+001 -7.104275559891E+002  2.498431516580E+004
  1.666481292416E-003  1.749472607076E+001 -7.072911012477E+002  2.485826354207E+004
  1.797293867468E-003  1.740241581496E+001 -7.040478540210E+002  2.472803982143E+004
  1.933066852148E-003  1.730705264523E+001 -7.006995819844E+002  2.459372775631E+004
  2.073802928647E-003  1.720868203750E+001 -6.972481009438E+002  2.445541331055E+004
  2.219504877777E-003  1.710735070877E+001 -6.936952729513E+002  2.431318456317E+004
  2.370175579090E-003  1.700310657673E+001 -6.900430043832E+002  2.416713161005E+004
  2.525818010992E-003  1.689599871870E+001 -6.862932439837E+002  2.401734646395E+004
  2.686435250879E-003  1.678607732970E+001 -6.824479808775E+002  2.386392295283E+004
  2.852030475254E-003  1.667339368000E+001 -6.785092425528E+002  2.370695661676E+004
  3.022606959872E-003  1.655800007197E+001 -6.744790928197E+002  2.354654460349E+004
  3.198168079872E-003  1.643994979640E+001 -6.703596297456E+002  2.338278556286E+004
  3.378717309917E-003  1.631929708843E+001 -6.661529835716E+002  2.321577954025E+004
  3.564258224347E-003  1.619609708293E+001 -6.618613146121E+002  2.304562786912E+004
  3.754794497325E-003  1.607040576958E+001 -6.574868111415E+002  2.287243306294E+004
  3.950329902993E-003  1.594227994766E+001 -6.530316872711E+002  2.269629870659E+004
  4.150868315631E-003  1.581177718057E+001 -6.484981808178E+002  2.251732934734E+004
  4.356413709820E-003  1.567895575015E+001 -6.438885511705E+002  2.233563038571E+004
  4.566970160612E-003  1.554387461092E+001 -6.392050771536E+002  2.215130796621E+004
  4.782541843700E-003  1.540659334423E+001 -6.344500548946E+002  2.196446886825E+004
  5.003133035593E-003  1.526717211237E+001 -6.296257956951E+002  2.177522039726E+004
  5.228748113801E-003  1.512567161281E+001 -6.247346239108E+002  2.158367027629E+004
  5.459391557015E-003  1.498215303244E+001 -6.197788748421E+002  2.138992653811E+004
  5.695067945303E-003  1.483667800206E+001 -6.147608926389E+002  2.119409741814E+004
  5.935781960296E-003  1.468930855102E+001 -6.096830282213E+002  2.099629124812E+004
  6.181538385392E-003  1.454010706220E+001 -6.045476372207E+002  2.079661635086E+004
  6.432342105956E-003  1.438913622721E+001 -5.993570779424E+002  2.059518093619E+004
  6.688198109528E-003  1.423645900208E+001 -5.941137093530E+002  2.039209299813E+004
  6.949111486034E-003  1.408213856328E+001 -5.888198890956E+002  2.018746021351E+004
  7.215087428003E-003  1.392623826424E+001 -5.834779715345E+002  1.998138984216E+004
  7.486131230784E-003  1.376882159242E+001 -5.780903058324E+002  1.977398862883E+004
  7.762248292776E-003  1.360995212687E+001 -5.726592340619E+002  1.956536270685E+004
  8.043444115654E-003  1.344969349650E+001 -5.671870893544E+002  1.935561750380E+004
  8.329724304602E-003  1.328810933888E+001 -5.616761940879E+002  1.914485764916E+004
  8.621094568555E-003  1.312526325983E+001 -5.561288581158E+002  1.893318688422E+004
  8.917560720438E-003  1.296121879369E+001 -5.505473770390E+002  1.872070797413E+004
  9.219128677417E-003  1.279603936434E+001 -5.449340305229E+002  1.850752262247E+004
  9.525804461149E-003  1.262978824706E+001 -5.392910806616E+002  1.829373138816E+004
  9.837594198038E-003  1.246252853122E+001 -5.336207703903E+002  1.807943360504E+004
  1.015450411950E-002  1.229432308379E+001 -5.279253219479E+002  1.786472730400E+004
  1.047654056222E-002  1.212523451376E+001 -5.222069353907E+002  1.764970913792E+004
  1.080370996845E-002  1.195532513752E+001 -5.164677871604E+002  1.743447430936E+004
  1.113601888623E-002  1.178465694515E+001 -5.107100287047E+002  1.721911650117E+004
  1.147347396972E-002  1.161329156765E+001 -5.049357851541E+002  1.700372781002E+004
  1.181608197948E-002  1.144129024521E+001 -4.991471540555E+002  1.678839868291E+004
  1.216384978272E-002  1.126871379644E+001 -4.933462041616E+002  1.657321785680E+004
  1.251678435364E-002  1.109562258870E+001 -4.875349742805E+002  1.635827230125E+004
  1.287489277369E-002  1.092207650934E+001 -4.817154721823E+002  1.614364716429E+004
  1.323818223191E-002  1.074813493810E+001 -4.758896735662E+002  1.592942572141E+004
  1.360666002522E-002  1.057385672053E+001 -4.700595210868E+002  1.571568932779E+004
  1.398033355872E-002  1.039930014247E+001 -4.642269234415E+002  1.550251737379E+004
  1.435921034603E-002  1.022452290562E+001 -4.583937545174E+002  1.528998724359E+004
  1.474329800963E-002  1.004958210416E+001 -4.525618525995E+002  1.507817427727E+004
  1.513260428113E-002  9.874534202504E+000 -4.467330196394E+002  1.486715173596E+004
  1.552713700165E-002  9.699435014065E+000 -4.409090205840E+002  1.465699077046E+004
  1.592690412217E-002  9.524339681153E+000 -4.350915827660E+002  1.444776039298E+004
  1.633191370382E-002  9.349302655922E+000 -4.292823953528E+002  1.423952745227E+004
  1.674217391826E-002  9.174377682393E+000 -4.234831088562E+002  1.403235661187E+004
  1.715769304806E-002  8.999617779537E+000 -4.176953347006E+002  1.382631033168E+004
  1.757847948698E-002  8.825075225413E+000 -4.119206448510E+002  1.362144885273E+004
  1.800454174044E-002  8.650801542345E+000 -4.061605714969E+002  1.341783018506E+004
  1.843588842578E-002  8.476847483130E+000 -4.004166067956E+002  1.321551009880E+004
  1.887252827273E-002  8.303263018265E+000 -3.946902026697E+002  1.301454211831E+004
  1.931447012370E-002  8.130097324168E+000 -3.889827706617E+002  1.281497751939E+004
  1.976172293425E-002  7.957398772390E+000 -3.832956818412E+002  1.261686532946E+004
  2.021429577341E-002  7.785214919782E+000 -3.776302667666E+002  1.242025233075E+004
  2.067219782411E-002  7.613592499620E+000 -3.719878154977E+002  1.222518306631E+004
  2.113543838356E-002  7.442577413643E+000 -3.663695776596E+002  1.203169984887E+004
  2.160402686371E-002  7.272214725002E+000 -3.607767625557E+002  1.183984277248E+004
  2.207797279156E-002  7.102548652085E+000 -3.552105393283E+002  1.164964972683E+004
  2.255728580967E-002  6.933622563197E+000 -3.496720371662E+002  1.146115641416E+004
  2.304197567655E-002  6.765478972074E+000 -3.441623455566E+002  1.127439636873E+004
  2.353205226706E-002  6.598159534199E+000 -3.386825145807E+002  1.108940097877E+004
  2.402752557287E-002  6.431705043894E+000 -3.332335552510E+002  1.090619951074E+004
  2.452840570292E-002  6.266155432169E+000 -3.278164398882E+002  1.072481913596E+004
  2.503470288379E-002  6.101549765290E+000 -3.224321025367E+002  1.054528495937E+004
  2.554642746023E-002  5.937926244037E+000 -3.170814394169E+002  1.036762005043E+004
  2.606358989558E-002  5.775322203638E+000 -3.117653094112E+002  1.019184547605E+004
  2.658620077221E-002  5.613774114329E+000 -3.064845345845E+002  1.001798033541E+004
  2.711427079202E-002  5.453317582528E+000 -3.012399007340E+002  9.846041796623E+003
  2.764781077690E-002  5.293987352577E+000 -2.960321579702E+002  9.676045135121E+003
  2.818683166921E-002  5.135817309043E+000 -2.908620213230E+002  9.508003773653E+003
  2.873134453224E-002  4.978840479521E+000 -2.857301713756E+002  9.341929323830E+003
  2.928136055074E-002  4.823089037941E+000 -2.806372549201E+002  9.177831629080E+003
  2.983689103139E-002  4.668594308311E+000 -2.755838856356E+002  9.015718808929E+003
  3.039794740329E-002  4.515386768911E+000 -2.705706447866E+002  8.855597304500E+003
  3.096454121851E-002  4.363496056862E+000 -2.655980819380E+002  8.697471925127E+003
  3.153668415253E-002  4.212950973079E+000 -2.606667156873E+002  8.541345895986E+003
  3.211438800486E-002  4.063779487558E+000 -2.557770344103E+002  8.387220906632E+003
  3.269766469947E-002  3.916008744974E+000 -2.509294970195E+002  8.235097160351E+003
  3.328652628537E-002  3.769665070564E+000 -2.461245337329E+002  8.084973424211E+003
  3.388098493714E-002  3.624773976264E+000 -2.413625468513E+002  7.936847079726E+003
  3.448105295547E-002  3.481360167078E+000 -2.366439115425E+002  7.790714174020E+003
  3.508674276771E-002  3.339447547648E+000 -2.319689766313E+002  7.646569471407E+003
  3.569806692844E-002  3.199059229004E+000 -2.273380653921E+002  7.504406505269E+003
  3.631503812000E-002  3.060217535465E+000 -2.227514763439E+002  7.364217630158E+003
  3.693766915309E-002  2.922944011676E+000 -2.182094840454E+002  7.225994074014E+003
  3.756597296732E-002  2.787259429740E+000 -2.137123398884E+002  7.089725990405E+003
  3.819996263183E-002  2.653183796450E+000 -2.092602728886E+002  6.955402510715E+003
  3.883965134583E-002  2.520736360571E+000 -2.048534904717E+002  6.823011796171E+003
  3.948505243923E-002  2.389935620178E+000 -2.004921792540E+002  6.692541089633E+003
  4.013617937323E-002  2.260799330007E+000 -1.961765058151E+002  6.563976767065E+003
  4.079304574093E-002  2.133344508824E+000 -1.919066174629E+002  6.437304388604E+003
  4.145566526792E-002  2.007587446775E+000 -1.876826429878E+002  6.312508749144E+003
  4.212405181296E-002  1.883543712718E+000 -1.835046934065E+002  6.189573928364E+003
  4.279821936853E-002  1.761228161502E+000 -1.793728626935E+002  6.068483340130E+003
  4.347818206155E-002  1.640654941207E+000 -1.752872284986E+002  5.949219781185E+003
  4.416395415396E-002  1.521837500303E+000 -1.712478528513E+002  5.831765479088E+003
  4.485555004336E-002  1.404788594739E+000 -1.672547828485E+002  5.716102139307E+003
  4.555298426375E-002  1.289520294936E+000 -1.633080513270E+002  5.602210991430E+003
  4.625627148608E-002  1.176043992688E+000 -1.594076775184E+002  5.490072834419E+003
  4.696542651902E-002  1.064370407950E+000 -1.555536676867E+002  5.379668080865E+003
  4.768046430958E-002  9.545095955167E-001 -1.517460157466E+002  5.270976800187E+003
  4.840139994379E-002  8.464709515777E-001 -1.479847038632E+002  5.163978760728E+003
  4.912824864743E-002  7.402632201518E-001 -1.442697030318E+002  5.058653470703E+003
  4.986102578670E-002  6.358944993889E-001 -1.406009736378E+002  4.954980217965E+003
  5.059974686895E-002  5.333722477422E-001 -1.369784659951E+002  4.852938108541E+003
  5.134442754336E-002  4.327032900064E-001 -1.334021208642E+002  4.752506103909E+003
  5.209508360169E-002  3.338938232223E-001 -1.298718699486E+002  4.653663056993E+003
  5.285173097899E-002  2.369494224469E-001 -1.263876363699E+002  4.556387746837E+003
  5.361438575437E-002  1.418750463905E-001 -1.229493351201E+002  4.460658911936E+003
  5.438306415168E-002  4.867504292342E-002 -1.195568734937E+002  4.366455282215E+003
  5.515778254035E-002 -4.264684554540E-002 -1.162101514962E+002  4.273755609627E+003
  5.593855743605E-002 -1.320874768146E-001 -1.129090622314E+002  4.182538697357E+003
  5.672540550155E-002 -2.196443037559E-001 -1.096534922666E+002  4.092783427635E+003
  5.751834354743E-002 -3.053153692937E-001 -1.064433219762E+002  4.004468788131E+003
  5.831738853289E-002 -3.890993014939E-001 -1.032784258633E+002  3.917573896942E+003
  5.912255756656E-002 -4.709953087542E-001 -1.001586728599E+002  3.832078026167E+003
  5.993386790726E-002 -5.510031750878E-001 -9.708392660633E+001  3.747960624070E+003
  6.075133696481E-002 -6.291232554954E-001 -9.405404570955E+001  3.665201335837E+003
  6.157498230090E-002 -7.053564714133E-001 -9.106888398083E+001  3.583780022933E+003
  6.240482162984E-002 -7.797043062317E-001 -8.812829065368E+001  3.503676781074E+003
  6.324087281946E-002 -8.521688008722E-001 -8.523211058197E+001  3.424871956826E+003
  6.408315389190E-002 -9.227525494150E-001 -8.238018441904E+001  3.347346162837E+003
  6.493168302447E-002 -9.914586947656E-001 -7.957234877817E+001  3.271080291743E+003
  6.578647855056E-002 -1.058290924351E+000 -7.680843637500E+001  3.196055528736E+003
  6.664755896041E-002 -1.123253465832E+000 -7.408827615264E+001  3.122253362857E+003
  6.751494290207E-002 -1.186351082828E+000 -7.141169338986E+001  3.049655596994E+003
  6.838864918226E-002 -1.247589070633E+000 -6.877850979326E+001  2.978244356655E+003
  6.926869676725E-002 -1.306973251915E+000 -6.618854357392E+001  2.908002097516E+003
  7.015510478375E-002 -1.364509972399E+000 -6.364160950935E+001  2.838911611784E+003
  7.104789251987E-002 -1.420206096499E+000 -6.113751899143E+001  2.770956033411E+003
  7.194707942599E-002 -1.474069002913E+000 -5.867608006107E+001  2.704118842190E+003
  7.285268511573E-002 -1.526106580149E+000 -5.625709743037E+001  2.638383866767E+003
  7.376472936684E-002 -1.576327221983E+000 -5.388037249306E+001  2.573735286608E+003
  7.468323212221E-002 -1.624739822840E+000 -5.154570332401E+001  2.510157632962E+003
  7.560821349078E-002 -1.671353773070E+000 -4.925288466853E+001  2.447635788849E+003
  7.653969374850E-002 -1.716178954134E+000 -4.700170792239E+001  2.386154988127E+003
  7.747769333938E-002 -1.759225733665E+000 -4.479196110329E+001  2.325700813668E+003
  7.842223287637E-002 -1.800504960416E+000 -4.262342881448E+001  2.266259194695E+003
  7.937333314243E-002 -1.840027959062E+000 -4.049589220159E+001  2.207816403305E+003
  8.033101509154E-002 -1.877806524876E+000 -3.840912890315E+001  2.150359050248E+003
  8.129529984966E-002 -1.913852918239E+000 -3.636291299592E+001  2.093874079975E+003
  8.226620871580E-002 -1.948179859000E+000 -3.435701493548E+001  2.038348765022E+003
  8.324376316303E-002 -1.980800520667E+000 -3.239120149318E+001  1.983770699761E+003
  8.422798483957E-002 -2.011728524420E+000 -3.046523568990E+001  1.930127793569E+003
  8.521889556978E-002 -2.040977932951E+000 -2.857887672765E+001  1.877408263452E+003
  8.621651735528E-002 -2.068563244109E+000 -2.673187991957E+001  1.825600626171E+003
  8.722087237602E-002 -2.094499384359E+000 -2.492399661901E+001  1.774693689915E+003
  8.823198299134E-002 -2.118801702035E+000 -2.315497414863E+001  1.724676545561E+003
  8.924987174107E-002 -2.141485960403E+000 -2.142455572984E+001  1.675538557564E+003
  9.027456134670E-002 -2.162568330508E+000 -1.973248041358E+001  1.627269354516E+003
  9.130607471240E-002 -2.182065383815E+000 -1.807848301283E+001  1.579858819428E+003
  9.234443492626E-002 -2.199994084644E+000 -1.646229403753E+001  1.533297079752E+003
  9.338966526132E-002 -2.216371782382E+000 -1.488363963253E+001  1.487574497206E+003
  9.444178917683E-002 -2.231216203494E+000 -1.334224151911E+001  1.442681657432E+003
  9.550083031933E-002 -2.244545443306E+000 -1.183781694048E+001  1.398609359515E+003
  9.656681252387E-002 -2.256377957584E+000 -1.037007861195E+001  1.355348605419E+003
  9.763975981519E-002 -2.266732553892E+000 -8.938734676081E+000  1.312890589359E+003
  9.871969640891E-002 -2.275628382747E+000 -7.543488663286E+000  1.271226687154E+003
  9.980664671274E-002 -2.283084928553E+000 -6.184039458358E+000  1.230348445587E+003
  1.009006353277E-001 -2.289122000339E+000 -4.860081273210E+000  1.190247571812E+003
  1.020016870494E-001 -2.293759722285E+000 -3.571303626207E+000  1.150915922830E+003
  1.031098268692E-001 -2.297018524057E+000 -2.317391328407E+000  1.112345495074E+003
  1.042250799756E-001 -2.298919130937E+000 -1.098024476976E+000  1.074528414120E+003
  1.053474717553E-001 -2.299482553778E+000  8.712154397495E-002  1.037456924558E+003
  1.064770277946E-001 -2.298730078759E+000  1.238376054913E+000  1.001123380051E+003
  1.076137738809E-001 -2.296683256978E+000  2.356073064584E+000  9.655202335915E+002
  1.087577360036E-001 -2.293363893867E+000  3.440551245741E+000  9.306400279997E+002
  1.099089403557E-001 -2.288794038447E+000  4.492153902784E+000  8.964753866650E+002
  1.110674133350E-001 -2.282995972429E+000  5.511228931222E+000  8.630190045609E+002
  1.122331815458E-001 -2.275992199166E+000  6.498128768890E+000  8.302636395486E+002
  1.134062717995E-001 -2.267805432478E+000  7.453210338909E+000  7.982021039853E+002
  1.145867111168E-001 -2.258458585336E+000  8.376834984374E+000  7.668272566532E+002
  1.157745267286E-001 -2.247974758438E+000  9.269368394815E+000  7.361319950225E+002
  1.169697460775E-001 -2.236377228677E+000  1.013118052448E+001  7.061092478602E+002
  1.181723968193E-001 -2.223689437508E+000  1.096264550252E+001  6.767519681961E+002
  1.193825068243E-001 -2.209934979230E+000  1.176414153520E+001  6.480531266550E+002
  1.206001041787E-001 -2.195137589197E+000  1.253605080026E+001  6.200057051622E+002
  1.218252171865E-001 -2.179321131962E+000  1.327875933361E+001  5.926026910300E+002
  1.230578743703E-001 -2.162509589364E+000  1.399265690850E+001  5.658370714297E+002
  1.242981044731E-001 -2.144727048589E+000  1.467813690739E+001  5.397018282528E+002
  1.255459364600E-001 -2.125997690184E+000  1.533559618681E+001  5.141899333640E+002
  1.268013995194E-001 -2.106345776071E+000  1.596543493531E+001  4.892943442472E+002
  1.280645230647E-001 -2.085795637546E+000  1.656805652493E+001  4.650080000449E+002
  1.293353367356E-001 -2.064371663289E+000  1.714386735633E+001  4.413238179893E+002
  1.306138704000E-001 -2.042098287395E+000  1.769327669803E+001  4.182346902231E+002
  1.319001541553E-001 -2.018999977434E+000  1.821669651987E+001  3.957334810060E+002
  1.331942183303E-001 -1.995101222562E+000  1.871454132124E+001  3.738130243045E+002
  1.344960934863E-001 -1.970426521679E+000  1.918722795426E+001  3.524661217561E+002
  1.358058104191E-001 -1.945000371662E+000  1.963517544231E+001  3.316855410049E+002
  1.371234001607E-001 -1.918847255675E+000  2.005880479427E+001  3.114640143998E+002
  1.384488939805E-001 -1.891991631572E+000  2.045853881489E+001  2.917942380464E+002
  1.397823233874E-001 -1.864457920405E+000  2.083480191152E+001  2.726688712055E+002
  1.411237201313E-001 -1.836270495041E+000  2.118801989780E+001  2.540805360274E+002
  1.424731162050E-001 -1.807453668913E+000  2.151861979440E+001  2.360218176117E+002
  1.438305438454E-001 -1.778031684900E+000  2.182702962756E+001  2.184852643816E+002
  1.451960355357E-001 -1.748028704356E+000  2.211367822549E+001  2.014633887621E+002
  1.465696240072E-001 -1.717468796301E+000  2.237899501318E+001  1.849486681483E+002
  1.479513422405E-001 -1.686375926773E+000  2.262340980608E+001  1.689335461528E+002
  1.493412234681E-001 -1.654773948360E+000  2.284735260282E+001  1.534104341181E+002
  1.507393011753E-001 -1.622686589916E+000  2.305125337759E+001  1.383717128819E+002
  1.521456091027E-001 -1.590137446478E+000  2.323554187240E+001  1.238097347796E+002
  1.535601812478E-001 -1.557149969373E+000  2.340064738967E+001  1.097168258727E+002
  1.549830518669E-001 -1.523747456552E+000  2.354699858556E+001  9.608528838653E+001
  1.564142554766E-001 -1.489953043130E+000  2.367502326424E+001  8.290740334443E+001
  1.578538268564E-001 -1.455789692162E+000  2.378514817371E+001  7.017543338350E+001
  1.593018010499E-001 -1.421280185641E+000  2.387779880330E+001  5.788162573742E+001
  1.607582133673E-001 -1.386447115745E+000  2.395339918324E+001  4.601821537186E+001
  1.622230993867E-001 -1.351312876322E+000  2.401237168680E+001  3.457742825798E+001
  1.636964949568E-001 -1.315899654629E+000  2.405513683502E+001  2.355148476950E+001
  1.651784361984E-001 -1.280229423319E+000  2.408211310459E+001  1.293260318911E+001
  1.666689595063E-001 -1.244323932697E+000  2.409371673907E+001  2.713003309971E+000
  1.681681015517E-001 -1.208204703232E+000  2.409036156375E+001 -7.115089881689E+000
  1.696758992842E-001 -1.171893018333E+000  2.407245880439E+001 -1.655944245669E+001
  1.711923899335E-001 -1.135409917405E+000  2.404041691012E+001 -2.562780773925E+001
  1.727176110118E-001 -1.098776189162E+000  2.399464138080E+001 -3.432792246279E+001
  1.742516003158E-001 -1.062012365226E+000  2.393553459890E+001 -4.266750289821E+001
  1.757943959287E-001 -1.025138713993E+000  2.386349566635E+001 -5.065424096713E+001
  1.773460362227E-001 -9.881752347792E-001  2.377892024628E+001 -5.829580035242E+001
  1.789065598608E-001 -9.511416522407E-001  2.368220041015E+001 -6.559981261772E+001
  1.804760057990E-001 -9.140574110717E-001  2.357372449007E+001 -7.257387334753E+001
  1.820544132889E-001 -8.769416709777E-001  2.345387693681E+001 -7.922553831861E+001
  1.836418218792E-001 -8.398133019242E-001  2.332303818340E+001 -8.556231971348E+001
  1.852382714189E-001 -8.026908796597E-001  2.318158451455E+001 -9.159168238576E+001
  1.868438020586E-001 -7.655926815105E-001  2.302988794191E+001 -9.732104018724E+001
  1.884584542535E-001 -7.285366824465E-001  2.286831608536E+001 -1.027577523654E+002
  1.900822687655E-001 -6.915405514145E-001  2.269723206035E+001 -1.079091200401E+002
  1.917152866652E-001 -6.546216479366E-001  2.251699437131E+001 -1.127823827678E+002
  1.933575493349E-001 -6.177970189709E-001  2.232795681123E+001 -1.173847151996E+002
  1.950090984705E-001 -5.810833960306E-001  2.213046836743E+001 -1.217232238423E+002
  1.966699760840E-001 -5.444971925574E-001  2.192487313350E+001 -1.258049439261E+002
  1.983402245061E-001 -5.080545015459E-001  2.171151022746E+001 -1.296368363875E+002
  2.000198863884E-001 -4.717710934141E-001  2.149071371606E+001 -1.332257849706E+002
  2.017090047061E-001 -4.356624141154E-001  2.126281254524E+001 -1.365785934540E+002
  2.034076227605E-001 -3.997435834873E-001  2.102813047676E+001 -1.397019830046E+002
  2.051157841813E-001 -3.640293938313E-001  2.078698603076E+001 -1.426025896652E+002
  2.068335329293E-001 -3.285343087193E-001  2.053969243443E+001 -1.452869619769E+002
  2.085609132993E-001 -2.932724620201E-001  2.028655757654E+001 -1.477615587404E+002
  2.102979699219E-001 -2.582576571413E-001  2.002788396780E+001 -1.500327469178E+002
  2.120447477670E-001 -2.235033664799E-001  1.976396870694E+001 -1.521067996770E+002
  2.138012921459E-001 -1.890227310755E-001  1.949510345249E+001 -1.539898945800E+002
  2.155676487143E-001 -1.548285604613E-001  1.922157439991E+001 -1.556881119160E+002
  2.173438634747E-001 -1.209333327043E-001  1.894366226428E+001 -1.572074331792E+002
  2.191299827795E-001 -8.734919463112E-002  1.866164226811E+001 -1.585537396926E+002
  2.209260533334E-001 -5.408796223095E-002  1.837578413433E+001 -1.597328113752E+002
  2.227321221965E-001 -2.116112123015E-002  1.808635208416E+001 -1.607503256547E+002
  2.245482367870E-001  1.142017216805E-002  1.779360483990E+001 -1.616118565212E+002
  2.263744448840E-001  4.364509038522E-002  1.749779563226E+001 -1.623228737232E+002
  2.282107946304E-001  7.550313341742E-002  1.719917221223E+001 -1.628887421023E+002
  2.300573345358E-001  1.069841276390E-001  1.689797686725E+001 -1.633147210645E+002
  2.319141134796E-001  1.380782244673E-001  1.659444644153E+001 -1.636059641864E+002
  2.337811807137E-001  1.687758988938E-001  1.628881236028E+001 -1.637675189524E+002
  2.356585858657E-001  1.990679478896E-001  1.598130065784E+001 -1.638043266205E+002
  2.375463789419E-001  2.289454886888E-001  1.567213200928E+001 -1.637212222133E+002
  2.394446103301E-001  2.583999569592E-001  1.536152176554E+001 -1.635229346298E+002
  2.413533308032E-001  2.874231048628E-001  1.504967999175E+001 -1.632140868751E+002
  2.432725915217E-001  3.160069990148E-001  1.473681150860E+001 -1.627991964040E+002
  2.452024440374E-001  3.441440183454E-001  1.442311593664E+001 -1.622826755730E+002
  2.471429402963E-001  3.718268518700E-001  1.410878774320E+001 -1.616688321987E+002
  2.490941326418E-001  3.990484963736E-001  1.379401629190E+001 -1.609618702156E+002
  2.510560738180E-001  4.258022540151E-001  1.347898589444E+001 -1.601658904306E+002
  2.530288169732E-001  4.520817298550E-001  1.316387586451E+001 -1.592848913684E+002
  2.550124156627E-001  4.778808293140E-001  1.284886057381E+001 -1.583227702041E+002
  2.570069238527E-001  5.031937555642E-001  1.253410950972E+001 -1.572833237769E+002
  2.590123959233E-001  5.280150068602E-001  1.221978733469E+001 -1.561702496811E+002
  2.610288866721E-001  5.523393738128E-001  1.190605394714E+001 -1.549871474296E+002
  2.630564513176E-001  5.761619366102E-001  1.159306454354E+001 -1.537375196835E+002
  2.650951455027E-001  5.994780621902E-001  1.128096968180E+001 -1.524247735448E+002
  2.671450252982E-001  6.222834013681E-001  1.096991534554E+001 -1.510522219067E+002
  2.692061472063E-001  6.445738859220E-001  1.066004300928E+001 -1.496230848558E+002
  2.712785681644E-001  6.663457256420E-001  1.035148970431E+001 -1.481404911229E+002
  2.733623455485E-001  6.875954053426E-001  1.004438808517E+001 -1.466074795763E+002
  2.754575371771E-001  7.083196818448E-001  9.738866496481E+000 -1.450270007542E+002
  2.775642013146E-001  7.285155809281E-001  9.435049040240E+000 -1.434019184305E+002
  2.796823966754E-001  7.481803942569E-001  9.133055643168E+000 -1.417350112108E+002
  2.818121824272E-001  7.673116762821E-001  8.833002124218E+000 -1.400289741528E+002
  2.839536181956E-001  7.859072411211E-001  8.535000262035E+000 -1.382864204081E+002
  2.861067640671E-001  8.039651594178E-001  8.239157862282E+000 -1.365098828808E+002
  2.882716805935E-001  8.214837551843E-001  7.945578824747E+000 -1.347018158990E+002
  2.904484287958E-001  8.384616026265E-001  7.654363210130E+000 -1.328645968948E+002
  2.926370701682E-001  8.548975229542E-001  7.365607306433E+000 -1.310005280904E+002
  2.948376666818E-001  8.707905811776E-001  7.079403694871E+000 -1.291118381855E+002
  2.970502807892E-001  8.861400828912E-001  6.795841315234E+000 -1.272006840432E+002
  2.992749754281E-001  9.009455710461E-001  6.515005530638E+000 -1.252691523710E+002
  3.015118140259E-001  9.152068227107E-001  6.236978191597E+000 -1.233192613942E+002
  3.037608605035E-001  9.289238458221E-001  5.961837699375E+000 -1.213529625183E+002
  3.060221792797E-001  9.420968759273E-001  5.689659068558E+000 -1.193721419776E+002
  3.082958352758E-001  9.547263729151E-001  5.420513988815E+000 -1.173786224686E+002
  3.105818939192E-001  9.668130177389E-001  5.154470885801E+000 -1.153741647639E+002
  3.128804211487E-001  9.783577091312E-001  4.891594981182E+000 -1.133604693061E+002
  3.151914834180E-001  9.893615603083E-001  4.631948351749E+000 -1.113391777789E+002
  3.175151477009E-001  9.998258956674E-001  4.375589987599E+000 -1.093118746531E+002
  3.198514814953E-001  1.009752247473E+000  4.122575849383E+000 -1.072800887070E+002
  3.222005528283E-001  1.019142352539E+000  3.872958924582E+000 -1.052452945181E+002
  3.245624302601E-001  1.027998148890E+000  3.626789282840E+000 -1.032089139266E+002
  3.269371828894E-001  1.036321772431E+000  3.384114130313E+000 -1.011723174668E+002
  3.293248803576E-001  1.044115553588E+000  3.144977863077E+000 -9.913682576879E+001
  3.317255928537E-001  1.051382013952E+000  2.909422119565E+000 -9.710371092610E+001
  3.341393911192E-001  1.058123862906E+000  2.677485832066E+000 -9.507419783084E+001
  3.365663464529E-001  1.064343994239E+000  2.449205277290E+000 -9.304946547473E+001
  3.390065307159E-001  1.070045482756E+000  2.224614126019E+000 -9.103064821571E+001
  3.414600163363E-001  1.075231580866E+000  2.003743491855E+000 -8.901883700982E+001
  3.439268763145E-001  1.079905715163E+000  1.786621979099E+000 -8.701508060803E+001
  3.464071842282E-001  1.084071482994E+000  1.573275729778E+000 -8.502038671803E+001
  3.489010142374E-001  1.087732649011E+000  1.363728469848E+000 -8.303572313081E+001
  3.514084410898E-001  1.090893141707E+000  1.158001554602E+000 -8.106201881238E+001
  3.539295401259E-001  1.093557049944E+000  9.561140133142E-001 -7.910016496068E+001
  3.564643872842E-001  1.095728619458E+000  7.580825931510E-001 -7.715101602806E+001
  3.590130591069E-001  1.097412249355E+000  5.639218023842E-001 -7.521539070972E+001
  3.615756327448E-001  1.098612488589E+000  3.736439529384E-001 -7.329407289877E+001
  3.641521859632E-001  1.099334032422E+000  1.872592023105E-001 -7.138781260823E+001
  3.667427971473E-001  1.099581718870E+000  4.775594895452E-003 -6.949732686086E+001
  3.693475453076E-001  1.099360525133E+000 -1.738008972452E-001 -6.762330054747E+001
  3.719665100860E-001  1.098675564012E+000 -3.484663341335E-001 -6.576638725446E+001
  3.745997717609E-001  1.097532080299E+000 -5.192187681102E-001 -6.392721006155E+001
  3.772474112534E-001  1.095935447164E+000 -6.860582045149E-001 -6.210636231046E+001
  3.799095101331E-001  1.093891162516E+000 -8.489865627773E-001 -6.030440834561E+001
  3.825861506238E-001  1.091404845354E+000 -1.008007637883E+000 -5.852188422780E+001
  3.852774156096E-001  1.088482232100E+000 -1.163127062178E+000 -5.675929842174E+001
  3.879833886411E-001  1.085129172921E+000 -1.314352267480E+000 -5.501713245877E+001
  3.907041539409E-001  1.081351628025E+000 -1.461692447455E+000 -5.329584157552E+001
  3.934397964105E-001  1.077155663960E+000 -1.605158520243E+000 -5.159585532981E+001
  3.961904016361E-001  1.072547449886E+000 -1.744763091281E+000 -4.991757819475E+001
  3.989560558949E-001  1.067533253840E+000 -1.880520416309E+000 -4.826139013234E+001
  4.017368461617E-001  1.062119438992E+000 -2.012446364529E+000 -4.662764714736E+001
  4.045328601149E-001  1.056312459882E+000 -2.140558381876E+000 -4.501668182294E+001
  4.073441861437E-001  1.050118858654E+000 -2.264875454395E+000 -4.342880383883E+001
  4.101709133538E-001  1.043545261285E+000 -2.385418071690E+000 -4.186430047335E+001
  4.130131315750E-001  1.036598373794E+000 -2.502208190418E+000 -4.032343709019E+001
  4.158709313670E-001  1.029284978455E+000 -2.615269197824E+000 -3.880645761116E+001
  4.187444040269E-001  1.021611930007E+000 -2.724625875284E+000 -3.731358497578E+001
  4.216336415958E-001  1.013586151851E+000 -2.830304361839E+000 -3.584502158887E+001
  4.245387368658E-001  1.005214632252E+000 -2.932332117726E+000 -3.440094975702E+001
  4.274597833869E-001  9.965044205418E-001 -3.030737887862E+000 -3.298153211494E+001
  4.303968754741E-001  9.874626233207E-001 -3.125551665304E+000 -3.158691204266E+001
  4.333501082151E-001  9.780964006613E-001 -3.216804654644E+000 -3.021721407431E+001
  4.363195774768E-001  9.684129623206E-001 -3.304529235362E+000 -2.887254429959E+001
  4.393053799131E-001  9.584195639574E-001 -3.388758925108E+000 -2.755299075845E+001
  4.423076129724E-001  9.481235033589E-001 -3.469528342935E+000 -2.625862383004E+001
  4.453263749047E-001  9.375321166780E-001 -3.546873172450E+000 -2.498949661645E+001
  4.483617647698E-001  9.266527746835E-001 -3.620830124924E+000 -2.374564532202E+001
  4.514138824444E-001  9.154928790255E-001 -3.691436902324E+000 -2.252708962898E+001
  4.544828286302E-001  9.040598585174E-001 -3.758732160306E+000 -2.133383306981E+001
  4.575687048617E-001  8.923611654380E-001 -3.822755471155E+000 -2.016586339704E+001
  4.606716135142E-001  8.804042718532E-001 -3.883547286681E+000 -1.902315295104E+001
  4.637916578118E-001  8.681966659633E-001 -3.941148901100E+000 -1.790565902618E+001
  4.669289418353E-001  8.557458484745E-001 -3.995602413880E+000 -1.681332423582E+001
  4.700835705309E-001  8.430593289989E-001 -4.046950692605E+000 -1.574607687659E+001
  4.732556497182E-001  8.301446224846E-001 -4.095237335828E+000 -1.470383129225E+001
  4.764452860985E-001  8.170092456782E-001 -4.140506635969E+000 -1.368648823749E+001
  4.796525872639E-001  8.036607136217E-001 -4.182803542246E+000 -1.269393524182E+001
  4.828776617050E-001  7.901065361867E-001 -4.222173623673E+000 -1.172604697401E+001
  4.861206188205E-001  7.763542146469E-001 -4.258663032145E+000 -1.078268560696E+001
  4.893815689254E-001  7.624112382923E-001 -4.292318465615E+000 -9.863701183426E+000
  4.926606232602E-001  7.482850810864E-001 -4.323187131409E+000 -8.968931982556E+000
  4.959578939999E-001  7.339831983693E-001 -4.351316709681E+000 -8.098204887339E+000
  4.992734942630E-001  7.195130236080E-001 -4.376755317037E+000 -7.251335753037E+000
  5.026075381207E-001  7.048819651963E-001 -4.399551470361E+000 -6.428129776569E+000
  5.059601406064E-001  6.900974033067E-001 -4.419754050856E+000 -5.628381866850E+000
  5.093314177250E-001  6.751666867954E-001 -4.437412268326E+000 -4.851877015994E+000
  5.127214864626E-001  6.600971301630E-001 -4.452575625737E+000 -4.098390671326E+000
  5.161304647959E-001  6.448960105729E-001 -4.465293884062E+000 -3.367689108061E+000
  5.195584717022E-001  6.295705649284E-001 -4.475617027458E+000 -2.659529802528E+000
  5.230056271692E-001  6.141279870109E-001 -4.483595228783E+000 -1.973661805758E+000
  5.264720522050E-001  5.985754246805E-001 -4.489278815489E+000 -1.309826117258E+000
  5.299578688483E-001  5.829199771413E-001 -4.492718235917E+000 -6.677560587603E-001
  5.334632001783E-001  5.671686922714E-001 -4.493964026011E+000 -4.717764771181E-002
  5.369881703256E-001  5.513285640211E-001 -4.493066776493E+000  5.521900297338E-001
  5.405329044823E-001  5.354065298789E-001 -4.490077100504E+000  1.130634446487E+000
  5.440975289128E-001  5.194094684072E-001 -4.485045601752E+000  1.688449263333E+000
  5.476821709641E-001  5.033441968495E-001 -4.478022843186E+000  2.225933959062E+000
  5.512869590774E-001  4.872174688093E-001 -4.469059316219E+000  2.743393462231E+000
  5.549120227985E-001  4.710359720020E-001 -4.458205410524E+000  3.241137784849E+000
  5.585574927889E-001  4.548063260808E-001 -4.445511384425E+000  3.719481658312E+000
  5.622235008375E-001  4.385350805377E-001 -4.431027335910E+000  4.178744171898E+000
  5.659101798716E-001  4.222287126799E-001 -4.414803174278E+000  4.619248414155E+000
  5.696176639685E-001  4.058936256820E-001 -4.396888592449E+000  5.041321117504E+000
  5.733460883672E-001  3.895361467157E-001 -4.377333039950E+000  5.445292306380E+000
  5.770955894803E-001  3.731625251560E-001 -4.356185696604E+000  5.831494949251E+000
  5.808663049055E-001  3.567789308651E-001 -4.333495446925E+000  6.200264614827E+000
  5.846583734383E-001  3.403914525544E-001 -4.309310855253E+000  6.551939132790E+000
  5.884719350837E-001  3.240060962236E-001 -4.283680141631E+000  6.886858259362E+000
  5.923071310690E-001  3.076287836789E-001 -4.256651158439E+000  7.205363348019E+000
  5.961641038558E-001  2.912653511280E-001 -4.228271367812E+000  7.507797025669E+000
  6.000429971532E-001  2.749215478535E-001 -4.198587819836E+000  7.794502874571E+000
  6.039439559304E-001  2.586030349638E-001 -4.167647131541E+000  8.065825120316E+000
  6.078671264295E-001  2.423153842208E-001 -4.135495466701E+000  8.322108326116E+000
  6.118126561791E-001  2.260640769450E-001 -4.102178516450E+000  8.563697093695E+000
  6.157806940069E-001  2.098545029962E-001 -4.067741480717E+000  8.790935771036E+000
  6.197713900541E-001  1.936919598301E-001 -4.032229050484E+000  9.004168167216E+000
  6.237848957880E-001  1.775816516302E-001 -3.995685390886E+000  9.203737274579E+000
  6.278213640166E-001  1.615286885132E-001 -3.958154125134E+000  9.389984998460E+000
  6.318809489022E-001  1.455380858083E-001 -3.919678319280E+000  9.563251894661E+000
  6.359638059756E-001  1.296147634087E-001 -3.880300467819E+000  9.723876914883E+000
  6.400700921502E-001  1.137635451939E-001 -3.840062480128E+000  9.872197160270E+000
  6.441999657370E-001  9.798915852322E-002 -3.799005667735E+000  1.000854764325E+001
  6.483535864586E-001  8.229623379780E-002 -3.757170732428E+000  1.013326105780E+001
  6.525311154647E-001  6.668930409026E-002 -3.714597755186E+000  1.024666755828E+001
  6.567327153465E-001  5.117280484140E-002 -3.671326185932E+000  1.034909454689E+001
  6.609585501525E-001  3.575107362176E-002 -3.627394834104E+000  1.044086647001E+001
  6.652087854034E-001  2.042834995697E-002 -3.582841860034E+000  1.052230462324E+001
  6.694835881080E-001  5.208775215407E-003 -3.537704767127E+000  1.059372696551E+001
  6.737831267789E-001 -9.903607443462E-003 -3.492020394827E+000  1.065544794201E+001
  6.781075714485E-001 -2.490485306160E-002 -3.445824912363E+000  1.070777831622E+001
  6.824570936852E-001 -3.979111481738E-002 -3.399153813265E+000  1.075102501090E+001
  6.868318666096E-001 -5.455864390475E-002 -3.352041910629E+000  1.078549095813E+001
  6.912320649114E-001 -6.920378935821E-002 -3.304523333126E+000  1.081147495829E+001
  6.956578648660E-001 -8.372299782548E-002 -3.256631521739E+000  1.082927154807E+001
  7.001094443516E-001 -9.811281328942E-002 -3.208399227203E+000  1.083917087736E+001
  7.045869828664E-001 -1.123698767412E-001 -3.159858508149E+000  1.084145859498E+001
  7.090906615461E-001 -1.264909258065E-001 -3.111040729918E+000  1.083641574328E+001
  7.136206631812E-001 -1.404727943262E-001 -3.061976564038E+000  1.082431866135E+001
  7.181771722357E-001 -1.543124118943E-001 -3.012695988345E+000  1.080543889685E+001
  7.227603748644E-001 -1.680068033540E-001 -2.963228287722E+000  1.078004312633E+001
  7.273704589315E-001 -1.815530882539E-001 -2.913602055443E+000  1.074839308392E+001
  7.320076140295E-001 -1.949484802671E-001 -2.863845195103E+000  1.071074549817E+001
  7.366720314977E-001 -2.081902865740E-001 -2.813984923111E+000  1.066735203705E+001
  7.413639044413E-001 -2.212759072111E-001 -2.764047771717E+000  1.061845926071E+001
  7.460834277508E-001 -2.342028343877E-001 -2.714059592577E+000  1.056430858213E+001
  7.508307981215E-001 -2.469686517723E-001 -2.664045560798E+000  1.050513623518E+001
  7.556062140732E-001 -2.595710337507E-001 -2.614030179479E+000  1.044117325013E+001
  7.604098759705E-001 -2.720077446568E-001 -2.564037284695E+000  1.037264543624E+001
  7.652419860431E-001 -2.842766379791E-001 -2.514090050924E+000  1.029977337140E+001
  7.701027484060E-001 -2.963756555438E-001 -2.464210996885E+000  1.022277239838E+001
  7.749923690810E-001 -3.083028266764E-001 -2.414421991757E+000  1.014185262772E+001
  7.799110560171E-001 -3.200562673441E-001 -2.364744261782E+000  1.005721894682E+001
  7.848590191124E-001 -3.316341792792E-001 -2.315198397201E+000  9.969071035166E+000
  7.898364702358E-001 -3.430348490871E-001 -2.265804359515E+000  9.877603385289E+000
  7.948436232486E-001 -3.542566473385E-001 -2.216581489057E+000  9.783005329401E+000
  7.998806940270E-001 -3.652980276495E-001 -2.167548512832E+000  9.685461071313E+000
  8.049479004846E-001 -3.761575257487E-001 -2.118723552627E+000  9.585149723478E+000
  8.100454625952E-001 -3.868337585347E-001 -2.070124133346E+000  9.482245348866E+000
  8.151736024160E-001 -3.973254231248E-001 -2.021767191574E+000  9.376917007454E+000
  8.203325441110E-001 -4.076312958956E-001 -1.973669084326E+000  9.269328807054E+000
  8.255225139746E-001 -4.177502315177E-001 -1.925845597978E+000  9.159639958254E+000
  8.307437404560E-001 -4.276811619857E-001 -1.878311957352E+000  9.048004833200E+000
  8.359964541833E-001 -4.374230956439E-001 -1.831082834933E+000  8.934573027988E+000
  8.412808879885E-001 -4.469751162099E-001 -1.784172360208E+000  8.819489428412E+000
  8.465972769320E-001 -4.563363817961E-001 -1.737594129102E+000  8.702894278816E+000
  8.519458583285E-001 -4.655061239315E-001 -1.691361213493E+000  8.584923253828E+000
  8.573268717726E-001 -4.744836465831E-001 -1.645486170787E+000  8.465707532706E+000
  8.627405591648E-001 -4.832683251797E-001 -1.599981053550E+000  8.345373876092E+000
  8.681871647376E-001 -4.918596056368E-001 -1.554857419154E+000  8.224044704918E+000
  8.736669350829E-001 -5.002570033861E-001 -1.510126339450E+000  8.101838181246E+000
  8.791801191785E-001 -5.084601024071E-001 -1.465798410432E+000  7.978868290820E+000
  8.847269684160E-001 -5.164685542647E-001 -1.421883761890E+000  7.855244927105E+000
  8.903077366283E-001 -5.242820771512E-001 -1.378392067031E+000  7.731073976605E+000
  8.959226801184E-001 -5.319004549338E-001 -1.335332552055E+000  7.606457405252E+000
  9.015720576873E-001 -5.393235362091E-001 -1.292714005680E+000  7.481493345666E+000
  9.072561306635E-001 -5.465512333638E-001 -1.250544788602E+000  7.356276185086E+000
  9.129751629322E-001 -5.535835216419E-001 -1.208832842865E+000  7.230896653788E+000
  9.187294209652E-001 -5.604204382208E-001 -1.167585701159E+000  7.105441913808E+000
  9.245191738511E-001 -5.670620812932E-001 -1.126810496005E+000  6.979995647794E+000
  9.303446933257E-001 -5.735086091589E-001 -1.086513968841E+000  6.854638147822E+000
  9.362062538036E-001 -5.797602393229E-001 -1.046702478988E+000  6.729446404006E+000
  9.421041324088E-001 -5.858172476030E-001 -1.007382012495E+000  6.604494192769E+000
  9.480386090075E-001 -5.916799672453E-001 -9.685581908524E-001  6.479852164602E+000
  9.540099662399E-001 -5.973487880478E-001 -9.302362795655E-001  6.355587931201E+000
  9.600184895530E-001 -6.028241554928E-001 -8.924211965892E-001  6.231766151835E+000
  9.660644672342E-001 -6.081065698872E-001 -8.551175206125E-001  6.108448618820E+000
  9.721481904447E-001 -6.131965855113E-001 -8.183294991908E-001  5.985694342002E+000
  9.782699532537E-001 -6.180948097756E-001 -7.820610567229E-001  5.863559632119E+000
  9.844300526731E-001 -6.228019023852E-001 -7.463158022672E-001  5.742098182964E+000
  9.906287886927E-001 -6.273185745122E-001 -7.110970371970E-001  5.621361152239E+000
  9.968664643158E-001 -6.316455879756E-001 -6.764077626914E-001  5.501397241028E+000
  1.003143385595E+000 -6.357837544278E-001 -6.422506870608E-001  5.382252771805E+000
  1.009459861670E+000 -6.397339345488E-001 -6.086282329051E-001  5.263971764916E+000
  1.015816204803E+000 -6.434970372458E-001 -5.755425441070E-001  5.146596013457E+000
  1.022212730417E+000 -6.470740188604E-001 -5.429954926562E-001  5.030165156510E+000
  1.028649757135E+000 -6.504658823803E-001 -5.109886853095E-001  4.914716750681E+000
  1.035127606818E+000 -6.536736766567E-001 -4.795234700848E-001  4.800286339891E+000
  1.041646604604E+000 -6.566984956275E-001 -4.486009425917E-001  4.686907523408E+000
  1.048207078948E+000 -6.595414775437E-001 -4.182219522004E-001  4.574612022055E+000
  1.054809361664E+000 -6.622038042012E-001 -3.883871080514E-001  4.463429742614E+000
  1.061453787962E+000 -6.646867001752E-001 -3.590967849085E-001  4.353388840376E+000
  1.068140696494E+000 -6.669914320581E-001 -3.303511288580E-001  4.244515779840E+000
  1.074870429395E+000 -6.691193077008E-001 -3.021500628576E-001  4.136835393560E+000
  1.081643332322E+000 -6.710716754550E-001 -2.744932921387E-001  4.030370939132E+000
  1.088459754505E+000 -6.728499234182E-001 -2.473803094655E-001  3.925144154332E+000
  1.095320048782E+000 -6.744554786798E-001 -2.208104002561E-001  3.821175310408E+000
  1.102224571653E+000 -6.758898065675E-001 -1.947826475688E-001  3.718483263556E+000
  1.109173683316E+000 -6.771544098949E-001 -1.692959369589E-001  3.617085504576E+000
  1.116167747721E+000 -6.782508282082E-001 -1.443489612104E-001  3.516998206754E+000
  1.123207132611E+000 -6.791806370327E-001 -1.199402249477E-001  3.418236271984E+000
  1.130292209573E+000 -6.799454471185E-001 -9.606804913245E-002  3.320813375165E+000
  1.137423354084E+000 -6.805469036844E-001 -7.273057544983E-002  3.224742006898E+000
  1.144600945560E+000 -6.809866856600E-001 -4.992577059097E-002  3.130033514542E+000
  1.151825367405E+000 -6.812665049259E-001 -2.765143043519E-002  3.036698141639E+000
  1.159097007063E+000 -6.813881055509E-001 -5.905184138399E-003  2.944745065770E+000
  1.166416256069E+000 -6.813532630262E-001  1.531550186744E-002  2.854182434887E+000
  1.173783510095E+000 -6.811637834971E-001  3.601331995843E-002  2.765017402151E+000
  1.181199169012E+000 -6.808215029894E-001  5.619111748108E-002  2.677256159341E+000
  1.188663636935E+000 -6.803282866341E-001  7.585189298773E-002  2.590903968876E+000
  1.196177322279E+000 -6.796860278857E-001  9.499879253980E-002  2.505965194496E+000
  1.203740637818E+000 -6.788966477376E-001  1.136351060738E-001  2.422443330669E+000
  1.211354000735E+000 -6.779620939322E-001  1.317642638253E-001  2.340341030760E+000
  1.219017832681E+000 -6.768843401664E-001  1.493898328051E-001  2.259660134017E+000
  1.226732559833E+000 -6.756653852915E-001  1.665155133246E-001  2.180401691449E+000
  1.234498612950E+000 -6.743072525088E-001  1.831451355638E-001  2.102565990612E+000
  1.242316427433E+000 -6.728119885595E-001  1.992826561783E-001  2.026152579398E+000
  1.250186443388E+000 -6.711816629092E-001  2.149321549419E-001  1.951160288842E+000
  1.258109105679E+000 -6.694183669271E-001  2.300978314185E-001  1.877587255035E+000
  1.266084863999E+000 -6.675242130598E-001  2.447840016619E-001  1.805430940165E+000
  1.274114172926E+000 -6.655013339999E-001  2.589950949378E-001  1.734688152759E+000
  1.282197491990E+000 -6.633518818490E-001  2.727356504648E-001  1.665355067173E+000
  1.290335285734E+000 -6.610780272753E-001  2.860103141729E-001  1.597427242365E+000
  1.298528023786E+000 -6.586819586667E-001  2.988238354730E-001  1.530899640022E+000
  1.306776180919E+000 -6.561658812778E-001  3.111810640383E-001  1.465766642073E+000
  1.315080237120E+000 -6.535320163733E-001  3.230869465913E-001  1.402022067644E+000
  1.323440677664E+000 -6.507826003653E-001  3.345465236976E-001  1.339659189486E+000
  1.331857993175E+000 -6.479198839475E-001  3.455649265607E-001  1.278670749938E+000
  1.340332679704E+000 -6.449461312241E-001  3.561473738190E-001  1.219048976447E+000
  1.348865238797E+000 -6.418636188352E-001  3.662991683408E-001  1.160785596707E+000
  1.357456177571E+000 -6.386746350787E-001  3.760256940177E-001  1.103871853428E+000
  1.366106008782E+000 -6.353814790285E-001  3.853324125541E-001  1.048298518796E+000
  1.374815250909E+000 -6.319864596499E-001  3.942248602514E-001  9.940559086453E-001
  1.383584428224E+000 -6.284918949122E-001  4.027086447878E-001  9.411338963740E-001
  1.392414070872E+000 -6.249001108996E-001  4.107894419912E-001  8.895219266444E-001
  1.401304714948E+000 -6.212134409193E-001  4.184729926059E-001  8.392090288839E-001
  1.410256902580E+000 -6.174342246094E-001  4.257650990534E-001  7.901838306215E-001
  1.419271182008E+000 -6.135648070448E-001  4.326716221858E-001  7.424345706806E-001
  1.428348107668E+000 -6.096075378435E-001  4.391984780338E-001  6.959491122515E-001
  1.437488240275E+000 -6.055647702721E-001  4.453516345490E-001  6.507149558652E-001
  1.446692146911E+000 -6.014388603527E-001  4.511371083414E-001  6.067192522844E-001
  1.455960401104E+000 -5.972321659700E-001  4.565609614121E-001  5.639488153319E-001
  1.465293582927E+000 -5.929470459807E-001  4.616292978843E-001  5.223901346679E-001
  1.474692279079E+000 -5.885858593242E-001  4.663482607317E-001  4.820293885313E-001
  1.484157082978E+000 -5.841509641370E-001  4.707240285068E-001  4.428524564545E-001
  1.493688594856E+000 -5.796447168690E-001  4.747628120705E-001  4.048449319626E-001
  1.503287421848E+000 -5.750694714048E-001  4.784708513243E-001  3.679921352625E-001
  1.512954178094E+000 -5.704275781885E-001  4.818544119481E-001  3.322791259300E-001
  1.522689484827E+000 -5.657213833536E-001  4.849197821437E-001  2.976907155970E-001
  1.532493970480E+000 -5.609532278585E-001  4.876732693872E-001  2.642114806428E-001
  1.542368270780E+000 -5.561254466281E-001  4.901211971930E-001  2.318257748908E-001
  1.552313028853E+000 -5.512403677014E-001  4.922699018904E-001  2.005177423088E-001
  1.562328895326E+000 -5.463003113869E-001  4.941257294154E-001  1.702713297136E-001
  1.572416528431E+000 -5.413075894258E-001  4.956950321213E-001  1.410702994748E-001
  1.582576594115E+000 -5.362645041627E-001  4.969841656088E-001  1.128982422155E-001
  1.592809766145E+000 -5.311733477258E-001  4.979994855791E-001  8.573858950328E-002
  1.603116726218E+000 -5.260364012162E-001  4.987473447131E-001  5.957462652654E-002
  1.613498164078E+000 -5.208559339075E-001  4.992340895778E-001  3.438950474765E-002
  1.623954777622E+000 -5.156342024551E-001  4.994660575634E-001  1.016625452601E-002
  1.634487273025E+000 -5.103734501168E-001  4.994495738541E-001 -1.311220229860E-002
  1.645096364848E+000 -5.050759059855E-001  4.991909484343E-001 -3.546303987187E-002
  1.655782776168E+000 -4.997437842324E-001  4.986964731329E-001 -5.690351585008E-002
  1.666547238688E+000 -4.943792833636E-001  4.979724187091E-001 -7.745095899555E-002
  1.677390492873E+000 -4.889845854898E-001  4.970250319815E-001 -9.712275685366E-002
  1.688313288066E+000 -4.835618556079E-001  4.958605330028E-001 -1.159363435231E-001
  1.699316382620E+000 -4.781132408978E-001  4.944851122837E-001 -1.339091875316E-001
  1.710400544029E+000 -4.726408700325E-001  4.929049280662E-001 -1.510587798292E-001
  1.721566549058E+000 -4.671468525025E-001  4.911261036518E-001 -1.674026219118E-001
  1.732815183877E+000 -4.616332779560E-001  4.891547247835E-001 -1.829582140874E-001
  1.744147244202E+000 -4.561022155526E-001  4.869968370861E-001 -1.977430438980E-001
  1.755563535430E+000 -4.505557133345E-001  4.846584435659E-001 -2.117745747093E-001
  1.767064872781E+000 -4.449957976117E-001  4.821455021718E-001 -2.250702344813E-001
  1.778652081442E+000 -4.394244723646E-001  4.794639234203E-001 -2.376474047318E-001
  1.790325996715E+000 -4.338437186617E-001  4.766195680850E-001 -2.495234097049E-001
  1.802087464166E+000 -4.282554940951E-001  4.736182449536E-001 -2.607155057569E-001
  1.813937339772E+000 -4.226617322315E-001  4.704657086532E-001 -2.712408709707E-001
  1.825876490081E+000 -4.170643420811E-001  4.671676575448E-001 -2.811165950104E-001
  1.837905792365E+000 -4.114652075833E-001  4.637297316903E-001 -2.903596692262E-001
  1.850026134778E+000 -4.058661871092E-001  4.601575108904E-001 -2.989869770205E-001
  1.862238416525E+000 -4.002691129820E-001  4.564565127966E-001 -3.070152844850E-001
  1.874543548019E+000 -3.946757910147E-001  4.526321910979E-001 -3.144612313179E-001
  1.886942451054E+000 -3.890880000650E-001  4.486899337813E-001 -3.213413220299E-001
  1.899436058973E+000 -3.835074916084E-001  4.446350614697E-001 -3.276719174469E-001
  1.912025316845E+000 -3.779359893283E-001  4.404728258344E-001 -3.334692265182E-001
  1.924711181638E+000 -3.723751887239E-001  4.362084080859E-001 -3.387492984341E-001
  1.937494622402E+000 -3.668267567359E-001  4.318469175400E-001 -3.435280150628E-001
  1.950376620452E+000 -3.612923313893E-001  4.273933902622E-001 -3.478210837089E-001
  1.963358169552E+000 -3.557735214545E-001  4.228527877884E-001 -3.516440301997E-001
  1.976440276109E+000 -3.502719061250E-001  4.182299959227E-001 -3.550121923031E-001
  1.989623959360E+000 -3.447890347129E-001  4.135298236116E-001 -3.579407134800E-001
  2.002910251577E+000 -3.393264263618E-001  4.087570018948E-001 -3.604445369745E-001
  2.016300198259E+000 -3.338855697764E-001  4.039161829312E-001 -3.625384002424E-001
  2.029794858340E+000 -3.284679229697E-001  3.990119391003E-001 -3.642368297207E-001
  2.043395304396E+000 -3.230749130267E-001  3.940487621775E-001 -3.655541359367E-001
  2.057102622856E+000 -3.177079358848E-001  3.890310625836E-001 -3.665044089578E-001
  2.070917914217E+000 -3.123683561308E-001  3.839631687054E-001 -3.671015141797E-001
  2.084842293261E+000 -3.070575068146E-001  3.788493262893E-001 -3.673590884522E-001
  2.098876889283E+000 -3.017766892789E-001  3.736936979039E-001 -3.672905365391E-001
  2.113022846310E+000 -2.965271730043E-001  3.685003624719E-001 -3.669090279103E-001
  2.127281323341E+000 -2.913101954713E-001  3.632733148701E-001 -3.662274938606E-001
  2.141653494575E+000 -2.861269620370E-001  3.580164655946E-001 -3.652586249521E-001
  2.156140549656E+000 -2.809786458276E-001  3.527336404918E-001 -3.640148687754E-001
  2.170743693911E+000 -2.758663876457E-001  3.474285805514E-001 -3.625084280221E-001
  2.185464148607E+000 -2.707912958930E-001  3.421049417622E-001 -3.607512588647E-001
  2.200303151197E+000 -2.657544465071E-001  3.367662950261E-001 -3.587550696359E-001
  2.215261955581E+000 -2.607568829135E-001  3.314161261319E-001 -3.565313198002E-001
  2.230341832367E+000 -2.557996159910E-001  3.260578357840E-001 -3.540912192111E-001
  2.245544069142E+000 -2.508836240517E-001  3.206947396862E-001 -3.514457276441E-001
  2.260869970742E+000 -2.460098528349E-001  3.153300686784E-001 -3.486055545999E-001
  2.276320859530E+000 -2.411792155138E-001  3.099669689237E-001 -3.455811593654E-001
  2.291898075679E+000 -2.363925927166E-001  3.046085021443E-001 -3.423827513266E-001
  2.307602977460E+000 -2.316508325598E-001  2.992576459052E-001 -3.390202905229E-001
  2.323436941540E+000 -2.269547506951E-001  2.939172939418E-001 -3.355034884321E-001
  2.339401363274E+000 -2.223051303687E-001  2.885902565323E-001 -3.318418089778E-001
  2.355497657016E+000 -2.177027224934E-001  2.832792609103E-001 -3.280444697492E-001
  2.371727256428E+000 -2.131482457326E-001  2.779869517172E-001 -3.241204434220E-001
  2.388091614797E+000 -2.086423865971E-001  2.727158914930E-001 -3.200784593707E-001
  2.404592205358E+000 -2.041857995533E-001  2.674685612018E-001 -3.159270054632E-001
  2.421230521622E+000 -1.997791071439E-001  2.622473607927E-001 -3.116743300254E-001
  2.438008077714E+000 -1.954229001199E-001  2.570546097920E-001 -3.073284439671E-001
  2.454926408713E+000 -1.911177375838E-001  2.518925479267E-001 -3.028971230583E-001
  2.471987071003E+000 -1.868641471453E-001  2.467633357771E-001 -2.983879103457E-001
  2.489191642624E+000 -1.826626250872E-001  2.416690554561E-001 -2.938081186998E-001
  2.506541723641E+000 -1.785136365433E-001  2.366117113153E-001 -2.891648334818E-001
  2.524038936507E+000 -1.744176156866E-001  2.315932306748E-001 -2.844649153220E-001
  2.541684926444E+000 -1.703749659295E-001  2.266154645763E-001 -2.797150029981E-001
  2.559481361827E+000 -1.663860601342E-001  2.216801885577E-001 -2.749215164066E-001
  2.577429934572E+000 -1.624512408339E-001  2.167891034482E-001 -2.700906596156E-001
  2.595532360540E+000 -1.585708204654E-001  2.119438361817E-001 -2.652284239925E-001
  2.613790379943E+000 -1.547450816116E-001  2.071459406293E-001 -2.603405913960E-001
  2.632205757760E+000 -1.509742772557E-001  2.023968984474E-001 -2.554327374257E-001
  2.650780284158E+000 -1.472586310450E-001  1.976981199425E-001 -2.505102347213E-001
  2.669515774928E+000 -1.435983375659E-001  1.930509449503E-001 -2.455782563024E-001
  2.688414071925E+000 -1.399935626293E-001  1.884566437288E-001 -2.406417789436E-001
  2.707477043518E+000 -1.364444435668E-001  1.839164178646E-001 -2.357055865769E-001
  2.726706585047E+000 -1.329510895371E-001  1.794314011918E-001 -2.307742737150E-001
  2.746104619295E+000 -1.295135818427E-001  1.750026607225E-001 -2.258522488899E-001
  2.765673096964E+000 -1.261319742581E-001  1.706311975878E-001 -2.209437381007E-001
  2.785413997161E+000 -1.228062933672E-001  1.663179479906E-001 -2.160527882659E-001
  2.805329327899E+000 -1.195365389123E-001  1.620637841674E-001 -2.111832706740E-001
  2.825421126601E+000 -1.163226841527E-001  1.578695153607E-001 -2.063388844295E-001
  2.845691460623E+000 -1.131646762342E-001  1.537358887997E-001 -2.015231598893E-001
  2.866142427776E+000 -1.100624365691E-001  1.496635906910E-001 -1.967394620853E-001
  2.886776156875E+000 -1.070158612261E-001  1.456532472177E-001 -1.919909941312E-001
  2.907594808280E+000 -1.040248213314E-001  1.417054255471E-001 -1.872808006095E-001
  2.928600574467E+000 -1.010891634792E-001  1.378206348466E-001 -1.826117709359E-001
  2.949795680597E+000 -9.820871015305E-002  1.339993273084E-001 -1.779866426997E-001
  2.971182385105E+000 -9.538326015758E-002  1.302418991824E-001 -1.734080049782E-001
  2.992762980296E+000 -9.261258905979E-002  1.265486918163E-001 -1.688783016222E-001
  3.014539792958E+000 -8.989644964100E-002  1.229199927055E-001 -1.643998345135E-001
  3.036515184988E+000 -8.723457235852E-002  1.193560365496E-001 -1.599747667908E-001
  3.058691554023E+000 -8.462666581731E-002  1.158570063182E-001 -1.556051260464E-001
  3.081071334099E+000 -8.207241725141E-002  1.124230343239E-001 -1.512928074902E-001
  3.103656996309E+000 -7.957149301492E-002  1.090542033045E-001 -1.470395770828E-001
  3.126451049484E+000 -7.712353908264E-002  1.057505475127E-001 -1.428470746374E-001
  3.149456040888E+000 -7.472818155981E-002  1.025120538144E-001 -1.387168168899E-001
  3.172674556926E+000 -7.238502720114E-002  9.933866279529E-002 -1.346502005389E-001
  3.196109223865E+000 -7.009366393862E-002  9.623026987569E-002 -1.306485052553E-001
  3.219762708576E+000 -6.785366141804E-002  9.318672643368E-002 -1.267128966622E-001
  3.243637719289E+000 -6.566457154395E-002  9.020784093661E-002 -1.228444292867E-001
  3.267737006362E+000 -6.352592903266E-002  8.729338008076E-002 -1.190440494843E-001
  3.292063363076E+000 -6.143725197313E-002  8.444306993916E-002 -1.153125983361E-001
  3.316619626434E+000 -5.939804239534E-002  8.165659711746E-002 -1.116508145215E-001
  3.341408677987E+000 -5.740778684576E-002  7.893360991768E-002 -1.080593371662E-001
  3.366433444679E+000 -5.546595696962E-002  7.627371950961E-002 -1.045387086671E-001
  3.391696899702E+000 -5.357201009957E-002  7.367650110968E-002 -1.010893774962E-001
  3.417202063379E+000 -5.172538985021E-002  7.114149516700E-002 -9.771170098270E-002
  3.442952004065E+000 -4.992552671818E-002  6.866820855626E-002 -9.440594807678E-002
  3.468949839059E+000 -4.817183868721E-002  6.625611577700E-002 -9.117230209414E-002
  3.495198735552E+000 -4.646373183774E-002  6.390466015896E-002 -8.801086344373E-002
  3.521701911582E+000 -4.480060096056E-002  6.161325507292E-002 -8.492165233896E-002
  3.548462637020E+000 -4.318183017380E-002  5.938128514655E-002 -8.190461149334E-002
  3.575484234572E+000 -4.160679354299E-002  5.720810748454E-002 -7.895960880150E-002
  3.602770080809E+000 -4.007485570325E-002  5.509305289256E-002 -7.608644000606E-002
  3.630323607217E+000 -3.858537248338E-002  5.303542710413E-002 -7.328483135096E-002
  3.658148301271E+000 -3.713769153088E-002  5.103451200966E-002 -7.055444222160E-002
  3.686247707537E+000 -3.573115293748E-002  4.908956688705E-002 -6.789486777204E-002
  3.714625428793E+000 -3.436508986450E-002  4.719982963257E-002 -6.530564153940E-002
  3.743285127184E+000 -3.303882916729E-002  4.536451799145E-002 -6.278623804534E-002
  3.772230525397E+000 -3.175169201806E-002  4.358283078700E-002 -6.033607538444E-002
  3.801465407866E+000 -3.050299452655E-002  4.185394914721E-002 -5.795451779913E-002
  3.830993622005E+000 -2.929204835767E-002  4.017703772791E-002 -5.564087824060E-002
  3.860819079470E+000 -2.811816134547E-002  3.855124593108E-002 -5.339442091499E-002
  3.890945757450E+000 -2.698063810269E-002  3.697570911747E-002 -5.121436381409E-002
  3.921377699988E+000 -2.587878062528E-002  3.544954981204E-002 -4.909988122945E-002
  3.952119019336E+000 -2.481188889091E-002  3.397187890112E-002 -4.705010624885E-002
  3.983173897337E+000 -2.377926145107E-002  3.254179682004E-002 -4.506413323367E-002
  4.014546586845E+000 -2.278019601578E-002  3.115839472987E-002 -4.314102027595E-002
  4.046241413173E+000 -2.181399003029E-002  2.982075568191E-002 -4.127979163335E-002
  4.078262775585E+000 -2.087994124308E-002  2.852795576878E-002 -3.947944014047E-002
  4.110615148813E+000 -1.997734826442E-002  2.727906526059E-002 -3.773892959467E-002
  4.143303084620E+000 -1.910551111480E-002  2.607314972492E-002 -3.605719711442E-002
  4.176331213391E+000 -1.826373176260E-002  2.490927112929E-002 -3.443315546833E-002
  4.209704245774E+000 -1.745131465021E-002  2.378648892471E-002 -3.286569537261E-002
  4.243426974351E+000 -1.666756720820E-002  2.270386110910E-002 -3.135368775492E-002
  4.277504275353E+000 -1.591180035659E-002  2.166044526913E-002 -2.989598598236E-002
  4.311941110423E+000 -1.518332899297E-002  2.065529959924E-002 -2.849142805139E-002
  4.346742528412E+000 -1.448147246661E-002  1.968748389676E-002 -2.713883873728E-002
  4.381913667228E+000 -1.380555503814E-002  1.875606053151E-002 -2.583703170099E-002
  4.417459755726E+000 -1.315490632437E-002  1.786009538916E-002 -2.458481155100E-002
  4.453386115645E+000 -1.252886172753E-002  1.699865878682E-002 -2.338097585793E-002
  4.489698163598E+000 -1.192676284869E-002  1.617082635999E-002 -2.222431711961E-002
  4.526401413105E+000 -1.134795788487E-002  1.537567991979E-002 -2.111362467450E-002
  4.563501476684E+000 -1.079180200943E-002  1.461230827942E-002 -2.004768656111E-002
  4.601004067991E+000 -1.025765773540E-002  1.387980804901E-002 -1.902529132157E-002
  4.638915004011E+000 -9.744895261478E-003  1.317728439803E-002 -1.804522974708E-002
  4.677240207311E+000 -9.252892800438E-003  1.250385178434E-002 -1.710629656362E-002
  4.715985708351E+000 -8.781036889668E-003  1.185863464941E-002 -1.620729205578E-002
  4.755157647843E+000 -8.328722683695E-003  1.124076807889E-002 -1.534702362729E-002
  4.794762279187E+000 -7.895354228560E-003  1.064939842813E-002 -1.452430729658E-002
  4.834805970953E+000 -7.480344717932E-003  1.008368391211E-002 -1.373796912595E-002
  4.875295209443E+000 -7.083116730922E-003  9.542795159464E-003 -1.298684658301E-002
  4.916236601308E+000 -6.703102451578E-003  9.025915730340E-003 -1.226978983350E-002
  4.957636876237E+000 -6.339743870106E-003  8.532242597885E-003 -1.158566296423E-002
  4.999502889720E+000 -5.992492965891E-003  8.060986593277E-003 -1.093334513561E-002
  5.041841625875E+000 -5.660811872444E-003  7.611372814317E-003 -1.031173166312E-002
  5.084660200360E+000 -5.344173024436E-003  7.182640997679E-003 -9.719735027146E-003
  5.127965863354E+000 -5.042059287032E-003  6.774045855008E-003 -9.156285811210E-003
  5.171766002619E+000 -4.753964067767E-003  6.384857373152E-003 -8.620333568347E-003
  5.216068146649E+000 -4.479391411249E-003  6.014361078910E-003 -8.110847615886E-003
  5.260879967894E+000 -4.217856077025E-003  5.661858268757E-003 -7.626817758960E-003
  5.306209286078E+000 -3.968883600955E-003  5.326666204097E-003 -7.167254943266E-003
  5.352064071605E+000 -3.732010340509E-003  5.008118272702E-003 -6.731191837818E-003
  5.398452449055E+000 -3.506783504393E-003  4.705564117034E-003 -6.317683348611E-003
  5.445382700775E+000 -3.292761166990E-003  4.418369730266E-003 -5.925807064267E-003
  5.492863270572E+000 -3.089512268079E-003  4.145917520876E-003 -5.554663634973E-003
  5.540902767504E+000 -2.896616598363E-003  3.887606346757E-003 -5.203377086133E-003
  5.589509969774E+000 -2.713664771337E-003  3.642851519858E-003 -4.871095068360E-003
  5.638693828737E+000 -2.540258182061E-003  3.411084782430E-003 -4.556989045577E-003
  5.688463473008E+000 -2.376008953399E-003  3.191754256006E-003 -4.260254423150E-003
  5.738828212699E+000 -2.220539870343E-003  2.984324364307E-003 -3.980110618110E-003
  5.789797543759E+000 -2.073484303009E-003  2.788275731281E-003 -3.715801073661E-003
  5.841381152447E+000 -1.934486118922E-003  2.603105055566E-003 -3.466593220280E-003
  5.893588919926E+000 -1.803199585226E-003  2.428324962661E-003 -3.231778385824E-003
  5.946430926988E+000 -1.679289261433E-003  2.263463836137E-003 -3.010671657164E-003
  5.999917458910E+000 -1.562429883355E-003  2.108065629237E-003 -2.802611695930E-003
  6.054059010457E+000 -1.452306238828E-003  1.961689658233E-003 -2.606960511047E-003
  6.108866291020E+000 -1.348613035871E-003  1.823910378904E-003 -2.423103190762E-003
  6.164350229902E+000 -1.251054763890E-003  1.694317147511E-003 -2.250447596951E-003
  6.220521981762E+000 -1.159345548529E-003  1.572513967646E-003 -2.088424024481E-003
  6.277392932215E+000 -1.073209000777E-003  1.458119224305E-003 -1.936484828448E-003
  6.334974703589E+000 -9.923780609024E-004  1.350765406536E-003 -1.794104022103E-003
  6.393279160860E+000 -9.165948377878E-004  1.250098819981E-003 -1.660776848267E-003
  6.452318417752E+000 -8.456104442072E-004  1.155779290603E-003 -1.536019327013E-003
  6.512104843026E+000 -7.791848285778E-004  1.067479860864E-003 -1.419367782375E-003
  6.572651066946E+000 -7.170866036875E-004  9.848864795827E-004 -1.310378350751E-003
  6.633969987942E+000 -6.590928728826E-004  9.076976866414E-004 -1.208626473666E-003
  6.696074779472E+000 -6.049890541702E-004  8.356242936880E-004 -1.113706377446E-003
  6.758978897091E+000 -5.545687026675E-004  7.683890619157E-004 -1.025230542286E-003
  6.822696085726E+000 -5.076333318018E-004  7.057263779506E-004 -9.428291631204E-004
  6.887240387180E+000 -4.639922336374E-004  6.473819288250E-004 -8.661496045688E-004
  6.952626147859E+000 -4.234622986788E-004  5.931123769509E-004 -7.948558521723E-004
  7.018868026732E+000 -3.858678354715E-004  5.426850359494E-004 -7.286279619715E-004
  7.085981003543E+000 -3.510403902913E-004  4.958775481295E-004 -6.671615103928E-004
  7.153980387268E+000 -3.188185671910E-004  4.524775643442E-004 -6.101670462672E-004
  7.222881824836E+000 -2.890478486395E-004  4.122824268894E-004 -5.573695466834E-004
  7.292701310121E+000 -2.615804169673E-004  3.750988560468E-004 -5.085078782407E-004
  7.363455193219E+000 -2.362749768044E-004  3.407426408065E-004 -4.633342651368E-004
  7.435160190001E+000 -2.129965786721E-004  3.090383342446E-004 -4.216137653887E-004
  7.507833391988E+000 -1.916164438697E-004  2.798189539674E-004 -3.831237563490E-004
  7.581492276516E+000 -1.720117907720E-004  2.529256879746E-004 -3.476534305487E-004
  7.656154717242E+000 -1.540656626365E-004  2.282076062378E-004 -3.150033027624E-004
  7.731838994973E+000 -1.376667569991E-004  2.055213782319E-004 -2.849847290656E-004
  7.808563808847E+000 -1.227092567224E-004  1.847309966078E-004 -2.574194385260E-004
  7.886348287874E+000 -1.090926627450E-004  1.657075071456E-004 -2.321390780515E-004
  7.965212002848E+000 -9.672162856728E-005  1.483287450776E-004 -2.089847708013E-004
  8.045174978646E+000 -8.550579650085E-005  1.324790778351E-004 -1.878066884559E-004
  8.126257706932E+000 -7.535963569810E-005  1.180491542278E-004 -1.684636375409E-004
  8.208481159274E+000 -6.620228197319E-005  1.049356600348E-004 -1.508226599003E-004
  8.291866800694E+000 -5.795737942088E-005  9.304107995405E-005 -1.347586473278E-004
  8.376436603664E+000 -5.055292383722E-005  8.227346583096E-005 -1.201539702840E-004
  8.462213062574E+000 -4.392110794544E-005  7.254621106441E-005 -1.068981205517E-004
  8.549219208676E+000 -3.799816843137E-005  6.377783107135E-005 -9.488736761838E-005
  8.637478625536E+000 -3.272423479539E-005  5.589174967543E-005 -8.402442851768E-005
  8.727015464999E+000 -2.804318003216E-005  4.881609127564E-005 -7.421815081160E-005
  8.817854463709E+000 -2.390247315461E-005  4.248347864371E-005 -6.538320835538E-005
  8.910020960175E+000 -2.025303358556E-005  3.683083619577E-005 -5.743980945317E-005
  9.003540912431E+000 -1.704908744756E-005  3.179919858356E-005 -5.031341698747E-005
  9.098440916308E+000 -1.424802579002E-005  2.733352445297E-005 -4.393448008659E-005
  9.194748224321E+000 -1.181026480162E-005  2.338251522349E-005 -3.823817688286E-005
  9.292490765233E+000 -9.699108064957E-006  1.989843874929E-005 -3.316416790923E-005
  9.391697164283E+000 -7.880610919762E-006  1.683695773269E-005 -2.865635968216E-005
  9.492396764138E+000 -6.323447010458E-006  1.415696277179E-005 -2.466267802483E-005
  9.594619646576E+000 -4.998777102416E-006  1.182040993688E-005 -2.113485069507E-005
  9.698396654938E+000 -3.880120259950E-006  9.792162783367E-006 -1.802819889709E-005
  9.803759417385E+000 -2.943227486724E-006  8.039838723545E-006 -1.530143727431E-005
  9.910740370981E+000 -2.165957936125E-006  6.533659693415E-006 -1.291648200154E-005
  1.001937278665E+001 -1.528157804981E-006  5.246307065366E-006 -1.083826661786E-005
  1.012969079502E+001 -1.011542028620E-006  4.152780771238E-006 -9.034565266784E-006
  1.024172941323E+001 -5.995788985618E-007  3.230262613513E-006 -7.475823035679E-006
  1.035552457272E+001 -2.773777260036E-007  2.457983754615E-006 -6.134993113415E-006
  1.047111314798E+001 -3.157967454991E-008  1.817096385326E-006 -4.987380511064E-006
  1.058853298647E+001  1.497481156036E-007  1.290549582941E-006 -4.010492116633E-006
  1.070782293953E+001  2.772149927685E-007  8.629693777975E-007 -3.183892879499E-006
  1.082902289454E+001  3.602057334464E-007  5.205430531359E-007 -2.489067943751E-006
  1.095217380826E+001  4.069758481336E-007  2.509077076626E-007 -1.909290571409E-006
  1.107731774137E+001  4.247431526319E-007  4.304311271764E-008 -1.429495716208E-006
  1.120449789442E+001  4.197755136585E-007 -1.128311034806E-007 -1.036159126211E-006
  1.133375864507E+001  3.974746884338E-007 -2.253539134439E-007 -7.171818685761E-007
  1.146514558681E+001  3.624561901796E-007 -3.021169621236E-007 -4.617801824135E-007
  1.159870556913E+001  3.186251249625E-007 -3.497542301474E-007 -2.603805756571E-007
  1.173448673928E+001  2.692479599096E-007 -3.740272729490E-007 -1.045200892451E-007
  1.187253858566E+001  2.170201983515E-007 -3.799060287201E-007  1.324834324424E-008
  1.201291198287E+001  1.641299537229E-007 -3.716451981617E-007  9.944551000677E-008
  1.215565923859E+001  1.123174308843E-007 -3.528562103433E-007  1.597505789582E-007
  1.230083414231E+001  6.293034071572E-008 -3.265748014165E-007  1.990808708363E-007
  1.244849201595E+001  1.697529116378E-008 -2.953242462457E-007  2.216668231968E-007
  1.259868976657E+001 -2.483478481430E-008 -2.611742969850E-007  2.311222268793E-007
  1.275148594119E+001 -6.203708698848E-008 -2.257958970218E-007  2.305098238401E-007
  1.290694078384E+001 -9.437919737052E-008 -1.905117532697E-007  2.224023637728E-007
  1.306511629490E+001 -1.217830118163E-007 -1.563428642986E-007  2.089392263893E-007
  1.322607629292E+001 -1.443122291373E-007 -1.240511159912E-007  1.918787263196E-007
  1.338988647898E+001 -1.621432593324E-007 -9.417807009426E-008  1.726462280306E-007
  1.355661450375E+001 -1.755393999840E-007 -6.708008396256E-008  1.523782086711E-007
  1.372633003727E+001 -1.848281186957E-007 -4.295991178555E-008  1.319624170606E-007
  1.389910484176E+001 -1.903812698004E-007 -2.189494844057E-008  1.120742868967E-007
  1.407501284743E+001 -1.925980655575E-007 -3.862286689429E-009  9.320977141520E-008
  1.425413023161E+001 -1.918906157547E-007  1.123923342586E-008  7.571477500562E-008
  1.443653550117E+001 -1.886718451026E-007  2.356979753095E-008  5.981136445362E-008
  1.462230957852E+001 -1.833455950806E-007  3.333202177836E-008  4.562094841060E-008
  1.481153589140E+001 -1.762987159638E-007  4.075679589094E-008  3.318461824436E-008
  1.500430046649E+001 -1.678949556171E-007  4.609136907766E-008  2.248084650899E-008
  1.520069202718E+001 -1.584704542182E-007  4.958948363170E-008  1.344074082532E-008
  1.540080209569E+001 -1.483306583084E-007  5.150336281968E-008  5.961050954312E-009
  1.560472509963E+001 -1.377484733481E-007  5.207736309015E-008 -8.487472458487E-011
  1.581255848342E+001 -1.269634811694E-007  5.154310558418E-008 -4.837990217082E-009
  1.602440282470E+001 -1.161820572115E-007  5.011590831524E-008 -8.446121854015E-009
  1.624036195599E+001 -1.055782320503E-007  4.799234806958E-008 -1.105802457044E-008
  1.646054309190E+001 -9.529515230478E-008  4.534878991578E-008 -1.281874914479E-008
  1.668505696224E+001 -8.544700734911E-008  4.234073203976E-008 -1.386615337531E-008
  1.691401795117E+001 -7.612130017395E-008  3.910282426470E-008 -1.432839951561E-008
  1.714754424293E+001 -6.738135304336E-008  3.574942989251E-008 -1.432229046237E-008
  1.738575797433E+001 -5.926895107999E-008  3.237561222620E-008 -1.395230801268E-008
  1.762878539445E+001 -5.180703939667E-008  2.905843911401E-008 -1.331022780869E-008
  1.787675703191E+001 -4.500240169373E-008  2.585851091291E-008 -1.247519718341E-008
  1.812980787015E+001 -3.884826018742E-008  2.282162922197E-008 -1.151417383600E-008
  1.838807753110E+001 -3.332674817095E-008  1.998053542029E-008 -1.048263492681E-008
  1.865171046781E+001 -2.841121729639E-008  1.735665930522E-008 -9.425477628574E-009
  1.892085616642E+001 -2.406835168504E-008  1.496182882746E-008 -8.378043253191E-009
  1.919566935809E+001 -2.026007012799E-008  1.279990194269E-008 -7.367207657365E-009
  1.947631024137E+001 -1.694520585331E-008  1.086829084560E-008 -6.412490600243E-009
  1.976294471571E+001 -1.408096056057E-008  9.159357245894E-009 -5.527145984683E-009
  2.005574462663E+001 -1.162413562922E-008  7.661664832337E-009 -4.719203384505E-009
  2.035488802332E+001 -9.532148591106E-009  6.361081618582E-009 -3.992438888200E-009
  2.066055942930E+001 -7.763847134778E-009  5.241730463048E-009 -3.347260041197E-009
  2.097295012706E+001 -6.280136119141E-009  4.286790715119E-009 -2.781495530710E-009
  2.129225845729E+001 -5.044435370599E-009  3.479157691033E-009 -2.291085236067E-009
  2.161869013374E+001 -4.022987492141E-009  2.801969571660E-009 -1.870670387676E-009
  2.195245857462E+001 -3.185035608138E-009  2.239013402077E-009 -1.514086880240E-009
  2.229378525140E+001 -2.502890997192E-009  1.775023232662E-009 -1.214767324807E-009
  2.264290005632E+001 -1.951910026106E-009  1.395884155234E-009 -9.660592653827E-010
  2.300004168951E+001 -1.510398792440E-009  1.088756143732E-009 -7.614682032313E-010
  2.336545806705E+001 -1.159462512747E-009  8.421312978629E-010 -5.948347452036E-010
  2.373940675129E+001 -8.828150567638E-010  6.458374013456E-010 -4.604554041060E-010
  2.412215540475E+001 -6.665622174456E-010  4.909997323149E-010 -3.531564119026E-010
  2.451398226921E+001 -4.989704076349E-010  3.699718858799E-010 -2.683294410209E-010
  2.491517667142E+001 -3.702305616911E-010  2.762450646880E-010 -2.019374413739E-010
  2.532603955735E+001 -2.722251590560E-010  2.043439310416E-010 -1.504979610268E-010
  2.574688405660E+001 -1.983045292379E-010  1.497157526107E-010 -1.110503892818E-010
  2.617803607920E+001 -1.430769849516E-010  1.086182618140E-010 -8.111259643221E-011
  2.661983494664E+001 -1.022158912420E-010  7.801042479566E-011 -5.863148958997E-011
  2.707263405971E+001 -7.228553131116E-011  5.544920769331E-011 -4.193109465425E-011
  2.753680160532E+001 -5.058658226800E-011  3.899445397215E-011 -2.966093751438E-011
  2.801272130518E+001 -3.502116499072E-011  2.712315661020E-011 -2.074675133676E-011
  2.850079320900E+001 -2.397677317143E-011  1.865372477485E-011 -1.434489198495E-011
  2.900143453541E+001 -1.622790292520E-011  1.268030184483E-011 -9.801304288053E-012
  2.951508056378E+001 -1.085387734383E-011  8.516780647935E-012 -6.615446474188E-012
  3.004218558064E+001 -7.171168572098E-012  5.649869360019E-012 -4.409242712465E-012
  3.058322388437E+001 -4.678440598066E-012  3.700372016961E-012 -2.900885244492E-012
  3.113869085248E+001 -3.012546163661E-012  2.391744219562E-012 -1.883136832272E-012
  3.170910407585E+001 -1.913789217548E-012  1.524950409656E-012 -1.205678915950E-012
  3.229500456485E+001 -1.198890188957E-012  9.586678271300E-013 -7.609984547459E-013
  3.289695803249E+001 -7.402475079727E-013  5.939390527937E-013 -4.732948882942E-013
  3.351555626047E+001 -4.502604408927E-013  3.624568512313E-013 -2.899069787391E-013
  3.415141855403E+001 -2.696535394180E-013  2.177608797298E-013 -1.747978114900E-013
  3.480519329257E+001 -1.589127436981E-013  1.287269201025E-013 -1.036868379948E-013
  3.547755958299E+001 -9.210099188868E-014  7.482892816249E-014 -6.047404916816E-014
  3.616922902393E+001 -5.246296685359E-014  4.274763692003E-014 -3.465825270679E-014
  3.688094758921E+001 -2.935221409478E-014  2.398365617104E-014 -1.950550317402E-014
  3.761349763993E+001 -1.611872408056E-014  1.320636446418E-014 -1.077275358989E-014
  3.836770007534E+001 -8.681793924790E-015  7.131888675348E-015 -5.834535296783E-015
  3.914441663347E+001 -4.582986809668E-015  3.774435194552E-015 -3.096496114586E-015
  3.994455235367E+001 -2.369204148768E-015  1.956056160195E-015 -1.609078329447E-015
  4.076905821405E+001 -1.198416070854E-015  9.918143960227E-016 -8.180234944191E-016
  4.161893395835E+001 -5.926271666531E-016  4.916069226926E-016 -4.064964088084E-016
  4.249523112779E+001 -2.862342828352E-016  2.379811688860E-016 -1.972650152708E-016
  4.339905631520E+001 -1.348974855771E-016  1.124038709346E-016 -9.339515717440E-017
  4.433157466006E+001 -6.196998043289E-017  5.174736480650E-017 -4.309582252245E-017
  4.529401360538E+001 -2.771935547367E-017  2.319495101572E-017 -1.936037523045E-017
  4.628766693861E+001 -1.205902916856E-017  1.011116162545E-017 -8.457957358087E-018
  4.731389914191E+001 -5.096179676830E-018  4.281417966741E-018 -3.588955742633E-018
  4.837415007871E+001 -2.089424709385E-018  1.758735261039E-018 -1.477304378793E-018
  4.946994004686E+001 -8.299912907520E-019  6.999315889983E-019 -5.890988606909E-019
  5.060287523143E+001 -3.189826170230E-019  2.694856366277E-019 -2.272512601284E-019
  5.177465359367E+001 -1.184277289390E-019  1.002276426199E-019 -8.467831839072E-020
  5.298707123650E+001 -4.240731957674E-020  3.595175576155E-020 -3.042955965360E-020
  5.424202929116E+001 -1.462165909650E-020  1.241656378400E-020 -1.052799082788E-020
  5.554154137419E+001 -4.845567085909E-021  4.121504916888E-021 -3.500635213876E-021
  5.688774166961E+001 -1.540499709112E-021  1.312383712211E-021 -1.116549625932E-021
  5.828289369667E+001 -4.688937278648E-022  4.000771688711E-022 -3.409314374280E-022
  5.972939983075E+001 -1.363502307374E-022  1.165139808257E-022 -9.944615693372E-023
  6.122981165190E+001 -3.779383340276E-023  3.234291338556E-023 -2.764757422775E-023
  6.278684120462E+001 -9.961444583100E-024  8.536901317223E-024 -7.308494980628E-024
  6.440337326150E+001 -2.490265717346E-024  2.137113405043E-024 -1.832261732190E-024
  6.608247869451E+001 -5.888497684326E-025  5.060285085123E-025 -4.344603957507E-025
  6.782742906960E+001 -1.313210566638E-025  1.130000251528E-025 -9.715218330136E-026
  6.964171259434E+001 -2.753510858082E-026  2.372412375678E-026 -2.042429536400E-026
  7.152905156377E+001 -5.410313976019E-027  4.667356752659E-027 -4.023419570943E-027
  7.349342146763E+001 -9.926675542636E-028  8.574006528463E-028 -7.400491683739E-028
  7.553907194217E+001 -1.694286726547E-028  1.465159922952E-028 -1.266192373640E-028
  7.767054977292E+001 -2.679245033397E-029  2.319614088979E-029 -2.007031471483E-029
  7.989272418113E+001 -3.908372830673E-030  3.387597898481E-030 -2.934542290638E-030
  8.221081465675E+001 -5.235006138890E-031  4.542483336382E-031 -3.939477411454E-031
  8.463042163523E+001 -6.406308295762E-032  5.564834960604E-032 -4.831493146932E-032
  8.715756035520E+001 -7.124242005125E-033  6.194977812463E-033 -5.384433925992E-033
  8.979869827958E+001 -7.158217594246E-034  6.230906681199E-034 -5.421388290077E-034
  9.256079651532E+001 -6.458179472603E-035  5.627177598609E-035 -4.901138077857E-035
  9.545135572765E+001 -5.196948507646E-036  4.532650752185E-036 -3.951791440111E-036
  9.847846711487E+001 -3.703263735376E-037  3.232966806302E-037 -2.821416113543E-037
  1.016508690915E+002 -2.318634724050E-038  2.026055675899E-038 -1.769825277351E-038
  1.049780104220E+002 -1.264821415678E-039  1.106217698947E-039 -9.672127268410E-040
  1.084701206579E+002 -5.956755741535E-041  5.214392064880E-041 -4.563278659443E-041
  1.121382888606E+002 -2.398141621385E-042  2.101075124808E-042 -1.840333697632E-042
  1.159945517414E+002 -8.165015818096E-044  7.159574761192E-044 -6.276448095194E-044
  1.200519925308E+002 -2.323713977826E-045  2.039234152049E-045 -1.789187217208E-045
  1.243248520934E+002 -5.457935291772E-047  4.793558330068E-047 -4.209196227324E-047
  1.288286540551E+002 -1.043452160732E-048  9.171461682040E-049 -8.059774329095E-049
  1.335803459987E+002 -1.599338499285E-050  1.406805759370E-050 -1.237235995661E-050
  1.385984591287E+002 -1.933045058579E-052  1.701590237830E-052 -1.497609516960E-052
  1.439032892205E+002 -1.809263503673E-054  1.593770527249E-054 -1.403737495182E-054
  1.495171021587E+002 -1.285520576444E-056  1.133198063696E-056 -9.987894068347E-057
  1.554643679592E+002 -6.783851378668E-059  5.984087809838E-059 -5.277955518483E-059
  1.617720278763E+002 -2.595590628245E-061  2.291104204477E-061 -2.022106919676E-061
  1.684698000514E+002 -7.011680319459E-064  6.193128344955E-064 -5.469565954656E-064
  1.755905301928E+002 -1.298620155245E-066  1.147735716836E-066 -1.014285819989E-066
  1.831705950299E+002 -1.596217805272E-069  1.411615067112E-069 -1.248253325983E-069
  1.912503678195E+002 -1.255957053504E-072  1.111363225954E-072 -9.833382224260E-073
  1.998747570544E+002 -6.077011185640E-076  5.380482397642E-076 -4.763445137006E-076
  2.090938318328E+002 -1.728988286368E-079  1.531673310566E-079 -1.356787675399E-079
  2.189635501945E+002 -2.751350845346E-083  2.438687023085E-083 -2.161426506019E-083
  2.295466102647E+002 -2.315245017440E-087  2.053223600886E-087 -1.820758337075E-087
  2.409134484547E+002 -9.673463842099E-092  8.583092696281E-092 -7.615258144832E-092
  2.531434144886E+002 -1.869274444294E-096  1.659398785984E-096 -1.473023214700E-096
  2.663261599835E+002 -1.541831749201E-101  1.369380380716E-101 -1.216169929962E-101
  2.805632861191E+002 -4.956724443053E-107  4.404381350762E-107 -3.913450619487E-107
  2.959703071532E+002 -5.600902261358E-113  4.979031248770E-113 -4.426068466918E-113
  3.126790009236E+002 -1.977035979567E-119  1.758295786836E-119 -1.563713522092E-119
  3.308402360200E+002 -1.904711768317E-126  1.694692874023E-126 -1.507793901073E-126
  3.506273893903E+002 -4.288588745246E-134  3.817283970904E-134 -3.397699790329E-134
  3.722404996260E+002 -1.886750511692E-142  1.680068172771E-142 -1.495997662884E-142
  3.959113426415E+002 -1.318050095495E-151  1.174115479492E-151 -1.045881072140E-151
  4.219096715122E+002 -1.148417975710E-161  1.023386132239E-161 -9.119532591911E-162
  4.505509359373E+002 -9.409792799238E-173  8.388310644337E-173 -7.477618085079E-173
  4.822058963204E+002 -5.202617771653E-185  4.639440191291E-185 -4.137178995130E-185
  5.173126831536E+002 -1.311211208188E-198  1.169660729953E-198 -1.043380940470E-198
  5.563920392209E+002 -9.450339064225E-214  8.432817167009E-214 -7.524788613988E-214
  6.000667421536E+002 -1.115253723414E-230  9.954776482353E-231 -8.885588511767E-231
  6.490865708786E+002 -1.101232511332E-249  9.832499859963E-250 -8.779023128642E-250
  7.043607010442E+002 -4.030770971989E-271  3.599935742541E-271 -3.215134214561E-271
  7.670001674974E+002 -2.022103853563E-295  1.806452078576E-295 -1.613791882770E-295
  8.383741345464E+002  0.000000000000E+000  0.000000000000E+000  0.000000000000E+000
  9.201853543213E+002  0.000000000000E+000  0.000000000000E+000  0.000000000000E+000
  1.014572672318E+003  0.000000000000E+000  0.000000000000E+000  0.000000000000E+000
  1.124252254996E+003  0.000000000000E+000  0.000000000000E+000  0.000000000000E+000
  1.252715205428E+003  0.000000000000E+000  0.000000000000E+000  0.000000000000E+000
  1.404508845568E+003  0.000000000000E+000  0.000000000000E+000  0.000000000000E+000
  1.585644739908E+003  0.000000000000E+000  0.000000000000E+000  0.000000000000E+000
  1.804203189488E+003  0.000000000000E+000  0.000000000000E+000  0.000000000000E+000
  2.071250249814E+003  0.000000000000E+000  0.000000000000E+000  0.000000000000E+000
  2.402266552340E+003  0.000000000000E+000  0.000000000000E+000  0.000000000000E+000
  2.819442449497E+003  0.000000000000E+000  0.000000000000E+000  0.000000000000E+000
  3.355496240167E+003  0.000000000000E+000  0.000000000000E+000  0.000000000000E+000
  4.060290442982E+003  0.000000000000E+000  0.000000000000E+000  0.000000000000E+000
  5.012860622227E+003  0.000000000000E+000  0.000000000000E+000  0.000000000000E+000
  6.344578802016E+003  0.000000000000E+000  0.000000000000E+000  0.000000000000E+000
  8.287000878586E+003  0.000000000000E+000  0.000000000000E+000  0.000000000000E+000
  1.127976970933E+004  0.000000000000E+000  0.000000000000E+000  0.000000000000E+000
  1.624316171036E+004  0.000000000000E+000  0.000000000000E+000  0.000000000000E+000
  2.538031516868E+004  0.000000000000E+000  0.000000000000E+000  0.000000000000E+000
  4.512107881524E+004  0.000000000000E+000  0.000000000000E+000  0.000000000000E+000
  1.015232606647E+005  0.000000000000E+000  0.000000000000E+000  0.000000000000E+000
  4.060950426526E+005  0.000000000000E+000  0.000000000000E+000  0.000000000000E+000
