# 1st line: number of mesh points
# abcissa wavefunction wavefunction_1st wavefunction_2nd
1000
# Principal QN=   3 , l=   1 , Occupation=   5.0000
  2.462477732966E-006  3.597609322958E-004  1.460894491709E+002 -6.239013800666E+003
  9.849959442330E-006  1.438823836408E-003  1.460433655406E+002 -6.237126941552E+003
  2.216259066178E-005  3.236529240799E-003  1.459665894497E+002 -6.233983666336E+003
  3.940061395432E-005  5.751778715096E-003  1.458591658011E+002 -6.229586207950E+003
  6.156436892224E-005  8.983035902167E-003  1.457211573865E+002 -6.223937688451E+003
  8.865429222131E-005  1.292832796077E-002  1.455526448130E+002 -6.217042114976E+003
  1.206709175794E-004  1.758524741650E-002  1.453537264107E+002 -6.208904374556E+003
  1.576148758184E-004  2.295095441792E-002  1.451245181185E+002 -6.199530227802E+003
  1.994868948811E-004  2.902217939451E-002  1.448651533510E+002 -6.188926301462E+003
  2.462877998613E-004  3.579522611204E-002  1.445757828448E+002 -6.177100079872E+003
  2.980185130383E-004  4.326597512063E-002  1.442565744849E+002 -6.164059895317E+003
  3.546800539158E-004  5.142988759004E-002  1.439077131125E+002 -6.149814917309E+003
  4.162735392647E-004  6.028200952607E-002  1.435294003131E+002 -6.134375140812E+003
  4.828001831694E-004  6.981697636142E-002  1.431218541867E+002 -6.117751373430E+003
  5.542612970792E-004  8.002901791403E-002  1.426853090987E+002 -6.099955221578E+003
  6.306582898628E-004  9.091196370464E-002  1.422200154143E+002 -6.080999075668E+003
  7.119926678676E-004  1.024592486259E-001  1.417262392144E+002 -6.060896094328E+003
  7.982660349828E-004  1.146639189537E-001  1.412042619957E+002 -6.039660187690E+003
  8.894800927067E-004  1.275186386914E-001  1.406543803535E+002 -6.017305999765E+003
  9.856366402179E-004  1.410156962377E-001  1.400769056494E+002 -5.993848889947E+003
  1.086737574451E-003  1.551470113673E-001  1.394721636640E+002 -5.969304913679E+003
  1.192784890174E-003  1.699041425136E-001  1.388404942342E+002 -5.943690802297E+003
  1.303780680078E-003  1.852782943430E-001  1.381822508772E+002 -5.917023942115E+003
  1.419727134858E-003  2.012603256085E-001  1.374978004011E+002 -5.889322352758E+003
  1.540626543307E-003  2.178407572716E-001  1.367875225029E+002 -5.860604664809E+003
  1.666481292416E-003  2.350097808787E-001  1.360518093541E+002 -5.830890096780E+003
  1.797293867468E-003  2.527572671823E-001  1.352910651757E+002 -5.800198431475E+003
  1.933066852148E-003  2.710727749906E-001  1.345057058020E+002 -5.768549991760E+003
  2.073802928647E-003  2.899455602355E-001  1.336961582356E+002 -5.735965615803E+003
  2.219504877777E-003  3.093645852445E-001  1.328628601919E+002 -5.702466631805E+003
  2.370175579090E-003  3.293185282022E-001  1.320062596367E+002 -5.668074832289E+003
  2.525818010992E-003  3.497957927897E-001  1.311268143157E+002 -5.632812447963E+003
  2.686435250879E-003  3.707845179856E-001  1.302249912768E+002 -5.596702121232E+003
  2.852030475254E-003  3.922725880178E-001  1.293012663871E+002 -5.559766879370E+003
  3.022606959872E-003  4.142476424487E-001  1.283561238448E+002 -5.522030107426E+003
  3.198168079872E-003  4.366970863820E-001  1.273900556860E+002 -5.483515520886E+003
  3.378717309917E-003  4.596081007771E-001  1.264035612884E+002 -5.444247138158E+003
  3.564258224347E-003  4.829676528550E-001  1.253971468721E+002 -5.404249252901E+003
  3.754794497325E-003  5.067625065841E-001  1.243713249984E+002 -5.363546406263E+003
  3.950329902993E-003  5.309792332299E-001  1.233266140674E+002 -5.322163359062E+003
  4.150868315631E-003  5.556042219560E-001  1.222635378148E+002 -5.280125063958E+003
  4.356413709820E-003  5.806236904620E-001  1.211826248097E+002 -5.237456637661E+003
  4.566970160612E-003  6.060236956448E-001  1.200844079524E+002 -5.194183333216E+003
  4.782541843700E-003  6.317901442695E-001  1.189694239755E+002 -5.150330512413E+003
  5.003133035593E-003  6.579088036371E-001  1.178382129461E+002 -5.105923618359E+003
  5.228748113801E-003  6.843653122357E-001  1.166913177725E+002 -5.060988148258E+003
  5.459391557015E-003  7.111451903618E-001  1.155292837139E+002 -5.015549626443E+003
  5.695067945303E-003  7.382338507002E-001  1.143526578958E+002 -4.969633577692E+003
  5.935781960296E-003  7.656166088493E-001  1.131619888300E+002 -4.923265500880E+003
  6.181538385392E-003  7.932786937798E-001  1.119578259413E+002 -4.876470842991E+003
  6.432342105956E-003  8.212052582159E-001  1.107407191004E+002 -4.829274973541E+003
  6.688198109528E-003  8.493813889271E-001  1.095112181646E+002 -4.781703159445E+003
  6.949111486034E-003  8.777921169194E-001  1.082698725262E+002 -4.733780540356E+003
  7.215087428003E-003  9.064224275159E-001  1.070172306694E+002 -4.685532104520E+003
  7.486131230784E-003  9.352572703166E-001  1.057538397367E+002 -4.636982665179E+003
  7.762248292776E-003  9.642815690267E-001  1.044802451042E+002 -4.588156837542E+003
  8.043444115654E-003  9.934802311459E-001  1.031969899678E+002 -4.539079016373E+003
  8.329724304602E-003  1.022838157508E+000  1.019046149396E+002 -4.489773354209E+003
  8.621094568555E-003  1.052340251662E+000  1.006036576554E+002 -4.440263740244E+003
  8.917560720438E-003  1.081971429091E+000  9.929465239393E+001 -4.390573779898E+003
  9.219128677417E-003  1.111716626254E+000  9.797812970756E+001 -4.340726775105E+003
  9.525804461149E-003  1.141560809454E+000  9.665461606582E+001 -4.290745705332E+003
  9.837594198038E-003  1.171488983510E+000  9.532463351108E+001 -4.240653209358E+003
  1.015450411950E-002  1.201486200246E+000  9.398869932738E+001 -4.190471567828E+003
  1.047654056222E-002  1.231537566778E+000  9.264732572239E+001 -4.140222686599E+003
  1.080370996845E-002  1.261628253598E+000  9.130101952288E+001 -4.089928080900E+003
  1.113601888623E-002  1.291743502449E+000  8.995028188375E+001 -4.039608860311E+003
  1.147347396972E-002  1.321868633993E+000  8.859560801105E+001 -3.989285714579E+003
  1.181608197948E-002  1.351989055258E+000  8.723748689896E+001 -3.938978900289E+003
  1.216384978272E-002  1.382090266872E+000  8.587640108088E+001 -3.888708228380E+003
  1.251678435364E-002  1.412157870073E+000  8.451282639485E+001 -3.838493052527E+003
  1.287489277369E-002  1.442177573498E+000  8.314723176322E+001 -3.788352258402E+003
  1.323818223191E-002  1.472135199743E+000  8.178007898672E+001 -3.738304253794E+003
  1.360666002522E-002  1.502016691709E+000  8.041182255284E+001 -3.688366959609E+003
  1.398033355872E-002  1.531808118705E+000  7.904290945861E+001 -3.638557801750E+003
  1.435921034603E-002  1.561495682341E+000  7.767377904761E+001 -3.588893703866E+003
  1.474329800963E-002  1.591065722186E+000  7.630486286125E+001 -3.539391080970E+003
  1.513260428113E-002  1.620504721200E+000  7.493658450413E+001 -3.490065833929E+003
  1.552713700165E-002  1.649799310945E+000  7.356935952336E+001 -3.440933344810E+003
  1.592690412217E-002  1.678936276577E+000  7.220359530176E+001 -3.392008473082E+003
  1.633191370382E-002  1.707902561606E+000  7.083969096467E+001 -3.343305552655E+003
  1.674217391826E-002  1.736685272448E+000  6.947803730012E+001 -3.294838389763E+003
  1.715769304806E-002  1.765271682758E+000  6.811901669234E+001 -3.246620261653E+003
  1.757847948698E-002  1.793649237547E+000  6.676300306807E+001 -3.198663916091E+003
  1.800454174044E-002  1.821805557094E+000  6.541036185565E+001 -3.150981571657E+003
  1.843588842578E-002  1.849728440650E+000  6.406144995640E+001 -3.103584918815E+003
  1.887252827273E-002  1.877405869938E+000  6.271661572814E+001 -3.056485121739E+003
  1.931447012370E-002  1.904826012463E+000  6.137619898032E+001 -3.009692820884E+003
  1.976172293425E-002  1.931977224616E+000  6.004053098065E+001 -2.963218136270E+003
  2.021429577341E-002  1.958848054604E+000  5.870993447258E+001 -2.917070671471E+003
  2.067219782411E-002  1.985427245185E+000  5.738472370356E+001 -2.871259518273E+003
  2.113543838356E-002  2.011703736231E+000  5.606520446336E+001 -2.825793261991E+003
  2.160402686371E-002  2.037666667116E+000  5.475167413229E+001 -2.780679987421E+003
  2.207797279156E-002  2.063305378933E+000  5.344442173878E+001 -2.735927285381E+003
  2.255728580967E-002  2.088609416555E+000  5.214372802590E+001 -2.691542259851E+003
  2.304197567655E-002  2.113568530537E+000  5.084986552637E+001 -2.647531535654E+003
  2.353205226706E-002  2.138172678865E+000  4.956309864565E+001 -2.603901266672E+003
  2.402752557287E-002  2.162412028561E+000  4.828368375263E+001 -2.560657144553E+003
  2.452840570292E-002  2.186276957155E+000  4.701186927741E+001 -2.517804407902E+003
  2.503470288379E-002  2.209758054014E+000  4.574789581579E+001 -2.475347851905E+003
  2.554642746023E-002  2.232846121553E+000  4.449199623995E+001 -2.433291838377E+003
  2.606358989558E-002  2.255532176320E+000  4.324439581481E+001 -2.391640306192E+003
  2.658620077221E-002  2.277807449969E+000  4.200531231971E+001 -2.350396782069E+003
  2.711427079202E-002  2.299663390120E+000  4.077495617479E+001 -2.309564391696E+003
  2.764781077690E-002  2.321091661119E+000  3.955353057173E+001 -2.269145871140E+003
  2.818683166921E-002  2.342084144703E+000  3.834123160834E+001 -2.229143578540E+003
  2.873134453224E-002  2.362632940561E+000  3.713824842644E+001 -2.189559506028E+003
  2.928136055074E-002  2.382730366828E+000  3.594476335278E+001 -2.150395291876E+003
  2.983689103139E-002  2.402368960479E+000  3.476095204230E+001 -2.111652232811E+003
  3.039794740329E-002  2.421541477659E+000  3.358698362350E+001 -2.073331296496E+003
  3.096454121851E-002  2.440240893940E+000  3.242302084537E+001 -2.035433134131E+003
  3.153668415253E-002  2.458460404510E+000  3.126922022539E+001 -1.997958093153E+003
  3.211438800486E-002  2.476193424305E+000  3.012573219844E+001 -1.960906230001E+003
  3.269766469947E-002  2.493433588081E+000  2.899270126583E+001 -1.924277322938E+003
  3.328652628537E-002  2.510174750436E+000  2.787026614442E+001 -1.888070884870E+003
  3.388098493714E-002  2.526410985787E+000  2.675855991522E+001 -1.852286176171E+003
  3.448105295547E-002  2.542136588298E+000  2.565771017117E+001 -1.816922217466E+003
  3.508674276771E-002  2.557346071773E+000  2.456783916375E+001 -1.781977802354E+003
  3.569806692844E-002  2.572034169509E+000  2.348906394809E+001 -1.747451510044E+003
  3.631503812000E-002  2.586195834120E+000  2.242149652620E+001 -1.713341717896E+003
  3.693766915309E-002  2.599826237326E+000  2.136524398807E+001 -1.679646613815E+003
  3.756597296732E-002  2.612920769717E+000  2.032040865031E+001 -1.646364208505E+003
  3.819996263183E-002  2.625475040495E+000  1.928708819205E+001 -1.613492347549E+003
  3.883965134583E-002  2.637484877188E+000  1.826537578789E+001 -1.581028723290E+003
  3.948505243923E-002  2.648946325346E+000  1.725536023757E+001 -1.548970886513E+003
  4.013617937323E-002  2.659855648221E+000  1.625712609220E+001 -1.517316257882E+003
  4.079304574093E-002  2.670209326421E+000  1.527075377684E+001 -1.486062139142E+003
  4.145566526792E-002  2.680004057561E+000  1.429631970920E+001 -1.455205724058E+003
  4.212405181296E-002  2.689236755883E+000  1.333389641431E+001 -1.424744109066E+003
  4.279821936853E-002  2.697904551877E+000  1.238355263504E+001 -1.394674303645E+003
  4.347818206155E-002  2.706004791877E+000  1.144535343822E+001 -1.364993240374E+003
  4.416395415396E-002  2.713535037647E+000  1.051936031644E+001 -1.335697784677E+003
  4.485555004336E-002  2.720493065955E+000  9.605631285221E+000 -1.306784744242E+003
  4.555298426375E-002  2.726876868129E+000  8.704220975583E+000 -1.278250878095E+003
  4.625627148608E-002  2.732684649600E+000  7.815180721953E+000 -1.250092905333E+003
  4.696542651902E-002  2.737914829434E+000  6.938558645328E+000 -1.222307513501E+003
  4.768046430958E-002  2.742566039842E+000  6.074399731678E+000 -1.194891366605E+003
  4.840139994379E-002  2.746637125671E+000  5.222745905574E+000 -1.167841112766E+003
  4.912824864743E-002  2.750127143890E+000  4.383636099049E+000 -1.141153391489E+003
  4.986102578670E-002  2.753035363038E+000  3.557106315706E+000 -1.114824840568E+003
  5.059974686895E-002  2.755361262663E+000  2.743189690112E+000 -1.088852102608E+003
  5.134442754336E-002  2.757104532734E+000  1.941916542528E+000 -1.063231831167E+003
  5.209508360169E-002  2.758265073029E+000  1.153314429034E+000 -1.037960696516E+003
  5.285173097899E-002  2.758842992492E+000  3.774081871418E-001 -1.013035391024E+003
  5.361438575437E-002  2.758838608563E+000 -3.857800230300E-001 -9.884526341553E+002
  5.438306415168E-002  2.758252446480E+000 -1.136230681897E+000 -9.642091770968E+002
  5.515778254035E-002  2.757085238541E+000 -1.873926877758E+000 -9.403018070055E+002
  5.593855743605E-002  2.755337923332E+000 -2.598854278221E+000 -9.167273508882E+002
  5.672540550155E-002  2.753011644918E+000 -3.311001105558E+000 -8.934826791136E+002
  5.751834354743E-002  2.750107751985E+000 -4.010358115857E+000 -8.705647085631E+002
  5.831738853289E-002  2.746627796952E+000 -4.696918581783E+000 -8.479704054276E+002
  5.912255756656E-002  2.742573535020E+000 -5.370678278811E+000 -8.256967876551E+002
  5.993386790726E-002  2.737946923180E+000 -6.031635474722E+000 -8.037409270582E+002
  6.075133696481E-002  2.732750119172E+000 -6.679790922209E+000 -7.820999510883E+002
  6.157498230090E-002  2.726985480379E+000 -7.315147854373E+000 -7.607710442862E+002
  6.240482162984E-002  2.720655562672E+000 -7.937711982937E+000 -7.397514494183E+002
  6.324087281946E-002  2.713763119194E+000 -8.547491498955E+000 -7.190384683067E+002
  6.408315389190E-002  2.706311099074E+000 -9.144497075830E+000 -6.986294623663E+002
  6.493168302447E-002  2.698302646089E+000 -9.728741874412E+000 -6.785218528560E+002
  6.578647855056E-002  2.689741097244E+000 -1.030024154998E+001 -6.587131208593E+002
  6.664755896041E-002  2.680629981290E+000 -1.085901426090E+001 -6.392008070015E+002
  6.751494290207E-002  2.670973017174E+000 -1.140508067866E+001 -6.199825109195E+002
  6.838864918226E-002  2.660774112403E+000 -1.193846399927E+001 -6.010558904926E+002
  6.926869676725E-002  2.650037361341E+000 -1.245918995552E+001 -5.824186608494E+002
  7.015510478375E-002  2.638767043425E+000 -1.296728683018E+001 -5.640685931625E+002
  7.104789251987E-002  2.626967621303E+000 -1.346278546966E+001 -5.460035132431E+002
  7.194707942599E-002  2.614643738881E+000 -1.394571929812E+001 -5.282212999495E+002
  7.285268511573E-002  2.601800219304E+000 -1.441612433174E+001 -5.107198834217E+002
  7.376472936684E-002  2.588442062835E+000 -1.487403919294E+001 -4.934972431558E+002
  7.468323212221E-002  2.574574444663E+000 -1.531950512430E+001 -4.765514059311E+002
  7.560821349078E-002  2.560202712611E+000 -1.575256600217E+001 -4.598804436021E+002
  7.653969374850E-002  2.545332384768E+000 -1.617326834951E+001 -4.434824707698E+002
  7.747769333938E-002  2.529969147028E+000 -1.658166134800E+001 -4.273556423448E+002
  7.842223287637E-002  2.514118850541E+000 -1.697779684913E+001 -4.114981510142E+002
  7.937333314243E-002  2.497787509075E+000 -1.736172938413E+001 -3.959082246261E+002
  8.033101509154E-002  2.480981296287E+000 -1.773351617253E+001 -3.805841235033E+002
  8.129529984966E-002  2.463706542916E+000 -1.809321712927E+001 -3.655241376995E+002
  8.226620871580E-002  2.445969733873E+000 -1.844089487014E+001 -3.507265842085E+002
  8.324376316303E-002  2.427777505251E+000 -1.877661471544E+001 -3.361898041402E+002
  8.422798483957E-002  2.409136641253E+000 -1.910044469174E+001 -3.219121598726E+002
  8.521889556978E-002  2.390054071021E+000 -1.941245553152E+001 -3.078920321936E+002
  8.621651735528E-002  2.370536865394E+000 -1.971272067075E+001 -2.941278174404E+002
  8.722087237602E-002  2.350592233569E+000 -2.000131624415E+001 -2.806179246500E+002
  8.823198299134E-002  2.330227519693E+000 -2.027832107802E+001 -2.673607727286E+002
  8.924987174107E-002  2.309450199367E+000 -2.054381668077E+001 -2.543547876513E+002
  9.027456134670E-002  2.288267876068E+000 -2.079788723076E+001 -2.415983996995E+002
  9.130607471240E-002  2.266688277505E+000 -2.104061956162E+001 -2.290900407474E+002
  9.234443492626E-002  2.244719251895E+000 -2.127210314490E+001 -2.168281416034E+002
  9.338966526132E-002  2.222368764160E+000 -2.149243006999E+001 -2.048111294165E+002
  9.444178917683E-002  2.199644892073E+000 -2.170169502131E+001 -1.930374251540E+002
  9.550083031933E-002  2.176555822318E+000 -2.189999525270E+001 -1.815054411577E+002
  9.656681252387E-002  2.153109846499E+000 -2.208743055903E+001 -1.702135787860E+002
  9.763975981519E-002  2.129315357080E+000 -2.226410324501E+001 -1.591602261470E+002
  9.871969640891E-002  2.105180843281E+000 -2.243011809112E+001 -1.483437559289E+002
  9.980664671274E-002  2.080714886899E+000 -2.258558231684E+001 -1.377625233324E+002
  1.009006353277E-001  2.055926158099E+000 -2.273060554102E+001 -1.274148641098E+002
  1.020016870494E-001  2.030823411147E+000 -2.286529973949E+001 -1.172990927158E+002
  1.031098268692E-001  2.005415480098E+000 -2.298977920002E+001 -1.074135005726E+002
  1.042250799756E-001  1.979711274452E+000 -2.310416047447E+001 -9.775635445247E+001
  1.053474717553E-001  1.953719774768E+000 -2.320856232842E+001 -8.832589498196E+001
  1.064770277946E-001  1.927450028248E+000 -2.330310568819E+001 -7.912033526830E+001
  1.076137738809E-001  1.900911144292E+000 -2.338791358533E+001 -7.013785965087E+001
  1.087577360036E-001  1.874112290032E+000 -2.346311109868E+001 -6.137662257872E+001
  1.099089403557E-001  1.847062685842E+000 -2.352882529412E+001 -5.283474761508E+001
  1.110674133350E-001  1.819771600834E+000 -2.358518516197E+001 -4.451032656944E+001
  1.122331815458E-001  1.792248348343E+000 -2.363232155229E+001 -3.640141875713E+001
  1.134062717995E-001  1.764502281407E+000 -2.367036710809E+001 -2.850605038624E+001
  1.145867111168E-001  1.736542788233E+000 -2.369945619648E+001 -2.082221407089E+001
  1.157745267286E-001  1.708379287680E+000 -2.371972483806E+001 -1.334786847005E+001
  1.169697460775E-001  1.680021224735E+000 -2.373131063450E+001 -6.080938050088E+000
  1.181723968193E-001  1.651478066000E+000 -2.373435269447E+001  9.806870304156E-001
  1.193825068243E-001  1.622759295196E+000 -2.372899155809E+001  7.839150916093E+000
  1.206001041787E-001  1.593874408686E+000 -2.371536911992E+001  1.449663193268E+001
  1.218252171865E-001  1.564832911010E+000 -2.369362855074E+001  2.095534235023E+001
  1.230578743703E-001  1.535644310454E+000 -2.366391421813E+001  2.721752803476E+001
  1.242981044731E-001  1.506318114649E+000 -2.362637160610E+001  3.328546799152E+001
  1.255459364600E-001  1.476863826193E+000 -2.358114723373E+001  3.916147380350E+001
  1.268013995194E-001  1.447290938327E+000 -2.352838857318E+001  4.484788896904E+001
  1.280645230647E-001  1.417608930631E+000 -2.346824396699E+001  5.034708814233E+001
  1.293353367356E-001  1.387827264782E+000 -2.340086254493E+001  5.566147628121E+001
  1.306138704000E-001  1.357955380351E+000 -2.332639414045E+001  6.079348770638E+001
  1.319001541553E-001  1.328002690652E+000 -2.324498920698E+001  6.574558507670E+001
  1.331942183303E-001  1.297978578645E+000 -2.315679873409E+001  7.052025828512E+001
  1.344960934863E-001  1.267892392901E+000 -2.306197416366E+001  7.512002327995E+001
  1.358058104191E-001  1.237753443621E+000 -2.296066730629E+001  7.954742081636E+001
  1.371234001607E-001  1.207570998722E+000 -2.285303025790E+001  8.380501514297E+001
  1.384488939805E-001  1.177354279989E+000 -2.273921531685E+001  8.789539262851E+001
  1.397823233874E-001  1.147112459298E+000 -2.261937490153E+001  9.182116033360E+001
  1.411237201313E-001  1.116854654902E+000 -2.249366146860E+001  9.558494453255E+001
  1.424731162050E-001  1.086589927800E+000 -2.236222743203E+001  9.918938919037E+001
  1.438305438454E-001  1.056327278178E+000 -2.222522508299E+001  1.026371544000E+002
  1.451960355357E-001  1.026075641928E+000 -2.208280651076E+001  1.059309147844E+002
  1.465696240072E-001  9.958438872431E-001 -2.193512352466E+001  1.090733578693E+002
  1.479513422405E-001  9.656408113021E-001 -2.178232757731E+001  1.120671824307E+002
  1.493412234681E-001  9.354751370293E-001 -2.162456968897E+001  1.149150968219E+002
  1.507393011753E-001  9.053555099434E-001 -2.146200037346E+001  1.176198172861E+002
  1.521456091027E-001  8.752904950898E-001 -2.129476956540E+001  1.201840662573E+002
  1.535601812478E-001  8.452885740614E-001 -2.112302654909E+001  1.226105706560E+002
  1.549830518669E-001  8.153581421057E-001 -2.094691988889E+001  1.249020601825E+002
  1.564142554766E-001  7.855075053222E-001 -2.076659736144E+001  1.270612656132E+002
  1.578538268564E-001  7.557448779477E-001 -2.058220588950E+001  1.290909171043E+002
  1.593018010499E-001  7.260783797326E-001 -2.039389147774E+001  1.309937425051E+002
  1.607582133673E-001  6.965160334070E-001 -2.020179915023E+001  1.327724656875E+002
  1.622230993867E-001  6.670657622373E-001 -2.000607289006E+001  1.344298048931E+002
  1.636964949568E-001  6.377353876741E-001 -1.980685558075E+001  1.359684711029E+002
  1.651784361984E-001  6.085326270900E-001 -1.960428894978E+001  1.373911664323E+002
  1.666689595063E-001  5.794650916085E-001 -1.939851351414E+001  1.387005825550E+002
  1.681681015517E-001  5.505402840233E-001 -1.918966852793E+001  1.398993991586E+002
  1.696758992842E-001  5.217655968069E-001 -1.897789193204E+001  1.409902824347E+002
  1.711923899335E-001  4.931483102094E-001 -1.876332030607E+001  1.419758836063E+002
  1.727176110118E-001  4.646955904454E-001 -1.854608882221E+001  1.428588374958E+002
  1.742516003158E-001  4.364144879696E-001 -1.832633120140E+001  1.436417611336E+002
  1.757943959287E-001  4.083119358393E-001 -1.810417967157E+001  1.443272524122E+002
  1.773460362227E-001  3.803947481634E-001 -1.787976492807E+001  1.449178887859E+002
  1.789065598608E-001  3.526696186368E-001 -1.765321609618E+001  1.454162260180E+002
  1.804760057990E-001  3.251431191593E-001 -1.742466069584E+001  1.458247969781E+002
  1.820544132889E-001  2.978216985368E-001 -1.719422460846E+001  1.461461104892E+002
  1.836418218792E-001  2.707116812659E-001 -1.696203204581E+001  1.463826502273E+002
  1.852382714189E-001  2.438192663972E-001 -1.672820552103E+001  1.465368736738E+002
  1.868438020586E-001  2.171505264796E-001 -1.649286582174E+001  1.466112111206E+002
  1.884584542535E-001  1.907114065813E-001 -1.625613198510E+001  1.466080647310E+002
  1.900822687655E-001  1.645077233873E-001 -1.601812127491E+001  1.465298076536E+002
  1.917152866652E-001  1.385451643720E-001 -1.577894916071E+001  1.463787831923E+002
  1.933575493349E-001  1.128292870449E-001 -1.553872929877E+001  1.461573040309E+002
  1.950090984705E-001  8.736551826779E-002 -1.529757351498E+001  1.458676515128E+002
  1.966699760840E-001  6.215915364230E-002 -1.505559178960E+001  1.455120749755E+002
  1.983402245061E-001  3.721535696565E-002 -1.481289224382E+001  1.450927911395E+002
  2.000198863884E-001  1.253915975313E-002 -1.456958112804E+001  1.446119835518E+002
  2.017090047061E-001 -1.186453917421E-002 -1.432576281189E+001  1.440718020817E+002
  2.034076227605E-001 -3.599097403860E-002 -1.408153977590E+001  1.434743624708E+002
  2.051157841813E-001 -5.983551239276E-002 -1.383701260478E+001  1.428217459334E+002
  2.068335329293E-001 -8.339365534714E-002 -1.359227998226E+001  1.421159988089E+002
  2.085609132993E-001 -1.066610377387E-001 -1.334743868738E+001  1.413591322636E+002
  2.102979699219E-001 -1.296334282432E-001 -1.310258359226E+001  1.405531220411E+002
  2.120447477670E-001 -1.523067294318E-001 -1.285780766129E+001  1.396999082604E+002
  2.138012921459E-001 -1.746769777752E-001 -1.261320195157E+001  1.388013952600E+002
  2.155676487143E-001 -1.967403435946E-001 -1.236885561466E+001  1.378594514871E+002
  2.173438634747E-001 -2.184931309640E-001 -1.212485589959E+001  1.368759094294E+002
  2.191299827795E-001 -2.399317775621E-001 -1.188128815693E+001  1.358525655895E+002
  2.209260533334E-001 -2.610528544780E-001 -1.163823584404E+001  1.347911804987E+002
  2.227321221965E-001 -2.818530659709E-001 -1.139578053137E+001  1.336934787702E+002
  2.245482367870E-001 -3.023292491855E-001 -1.115400190966E+001  1.325611491885E+002
  2.263744448840E-001 -3.224783738240E-001 -1.091297779815E+001  1.313958448345E+002
  2.282107946304E-001 -3.422975417774E-001 -1.067278415367E+001  1.301991832439E+002
  2.300573345358E-001 -3.617839867159E-001 -1.043349508053E+001  1.289727465976E+002
  2.319141134796E-001 -3.809350736404E-001 -1.019518284113E+001  1.277180819422E+002
  2.337811807137E-001 -3.997482983963E-001 -9.957917867408E+000  1.264367014386E+002
  2.356585858657E-001 -4.182212871508E-001 -9.721768772874E+000  1.251300826374E+002
  2.375463789419E-001 -4.363517958343E-001 -9.486802365262E+000  1.237996687789E+002
  2.394446103301E-001 -4.541377095484E-001 -9.253083659797E+000  1.224468691167E+002
  2.413533308032E-001 -4.715770419389E-001 -9.020675892967E+000  1.210730592624E+002
  2.432725915217E-001 -4.886679345383E-001 -8.789640536772E+000  1.196795815499E+002
  2.452024440374E-001 -5.054086560749E-001 -8.560037313429E+000  1.182677454181E+002
  2.471429402963E-001 -5.217976017531E-001 -8.331924210467E+000  1.168388278099E+002
  2.490941326418E-001 -5.378332925028E-001 -8.105357496178E+000  1.153940735862E+002
  2.510560738180E-001 -5.535143741998E-001 -7.880391735405E+000  1.139346959527E+002
  2.530288169732E-001 -5.688396168592E-001 -7.657079805598E+000  1.124618768993E+002
  2.550124156627E-001 -5.838079137994E-001 -7.435472913145E+000  1.109767676491E+002
  2.570069238527E-001 -5.984182807808E-001 -7.215620609905E+000  1.094804891168E+002
  2.590123959233E-001 -6.126698551176E-001 -6.997570809945E+000  1.079741323739E+002
  2.610288866721E-001 -6.265618947635E-001 -6.781369806437E+000  1.064587591211E+002
  2.630564513176E-001 -6.400937773730E-001 -6.567062288693E+000  1.049354021646E+002
  2.650951455027E-001 -6.532649993375E-001 -6.354691359310E+000  1.034050658971E+002
  2.671450252982E-001 -6.660751747972E-001 -6.144298551414E+000  1.018687267805E+002
  2.692061472063E-001 -6.785240346291E-001 -5.935923845969E+000  1.003273338304E+002
  2.712785681644E-001 -6.906114254121E-001 -5.729605689132E+000  9.878180910124E+001
  2.733623455485E-001 -7.023373083682E-001 -5.525381009657E+000  9.723304817056E+001
  2.754575371771E-001 -7.137017582814E-001 -5.323285236303E+000  9.568192062195E+001
  2.775642013146E-001 -7.247049623944E-001 -5.123352315259E+000  9.412927052565E+001
  2.796823966754E-001 -7.353472192824E-001 -4.925614727556E+000  9.257591691596E+001
  2.818121824272E-001 -7.456289377060E-001 -4.730103506461E+000  9.102265426490E+001
  2.839536181956E-001 -7.555506354413E-001 -4.536848254854E+000  8.947025295122E+001
  2.861067640671E-001 -7.651129380895E-001 -4.345877162559E+000  8.791945972431E+001
  2.882716805935E-001 -7.743165778649E-001 -4.157217023645E+000  8.637099816242E+001
  2.904484287958E-001 -7.831623923619E-001 -3.970893253678E+000  8.482556912452E+001
  2.926370701682E-001 -7.916513233011E-001 -3.786929906923E+000  8.328385119565E+001
  2.948376666818E-001 -7.997844152555E-001 -3.605349693504E+000  8.174650112511E+001
  2.970502807892E-001 -8.075628143547E-001 -3.426173996499E+000  8.021415425717E+001
  2.992749754281E-001 -8.149877669708E-001 -3.249422888994E+000  7.868742495422E+001
  3.015118140259E-001 -8.220606183829E-001 -3.075115151079E+000  7.716690701187E+001
  3.037608605035E-001 -8.287828114217E-001 -2.903268286794E+000  7.565317406587E+001
  3.060221792797E-001 -8.351558850957E-001 -2.733898541033E+000  7.414677999081E+001
  3.082958352758E-001 -8.411814731964E-001 -2.567020916390E+000  7.264825929035E+001
  3.105818939192E-001 -8.468613028850E-001 -2.402649189981E+000  7.115812747901E+001
  3.128804211487E-001 -8.521971932602E-001 -2.240795930212E+000  6.967688145539E+001
  3.151914834180E-001 -8.571910539066E-001 -2.081472513526E+000  6.820499986695E+001
  3.175151477009E-001 -8.618448834252E-001 -1.924689141116E+000  6.674294346631E+001
  3.198514814953E-001 -8.661607679447E-001 -1.770454855619E+000  6.529115545911E+001
  3.222005528283E-001 -8.701408796159E-001 -1.618777557796E+000  6.385006184369E+001
  3.245624302601E-001 -8.737874750873E-001 -1.469664023194E+000  6.242007174253E+001
  3.269371828894E-001 -8.771028939640E-001 -1.323119918810E+000  6.100157772572E+001
  3.293248803576E-001 -8.800895572490E-001 -1.179149819761E+000  5.959495612665E+001
  3.317255928537E-001 -8.827499657681E-001 -1.037757225947E+000  5.820056735001E+001
  3.341393911192E-001 -8.850866985783E-001 -8.989445787499E-001  5.681875617247E+001
  3.365663464529E-001 -8.871024113604E-001 -7.627132777332E-001  5.544985203614E+001
  3.390065307159E-001 -8.887998347955E-001 -6.290636973811E-001  5.409416933517E+001
  3.414600163363E-001 -8.901817729274E-001 -4.979952038651E-001  5.275200769564E+001
  3.439268763145E-001 -8.912511015091E-001 -3.695061718494E-001  5.142365224915E+001
  3.464071842282E-001 -8.920107663365E-001 -2.435940013401E-001  5.010937390023E+001
  3.489010142374E-001 -8.924637815676E-001 -1.202551345823E-001  4.880942958801E+001
  3.514084410898E-001 -8.926132280287E-001  5.149269888113E-004  4.752406254233E+001
  3.539295401259E-001 -8.924622515088E-001  1.187216057409E-001  4.625350253464E+001
  3.564643872842E-001 -8.920140610410E-001  2.343712307750E-001  4.499796612403E+001
  3.590130591069E-001 -8.912719271736E-001  3.474710207918E-001  4.375765689850E+001
  3.615756327448E-001 -8.902391802303E-001  4.580290668907E-001  4.253276571204E+001
  3.641521859632E-001 -8.889192085600E-001  5.660543152981E-001  4.132347091759E+001
  3.667427971473E-001 -8.873154567775E-001  6.715565500246E-001  4.012993859625E+001
  3.693475453076E-001 -8.854314239964E-001  7.745463754476E-001  3.895232278304E+001
  3.719665100860E-001 -8.832706620529E-001  8.750351988203E-001  3.779076568944E+001
  3.745997717609E-001 -8.808367737233E-001  9.730352127061E-001  3.664539792302E+001
  3.772474112534E-001 -8.781334109351E-001  1.068559377337E+000  3.551633870438E+001
  3.799095101331E-001 -8.751642729722E-001  1.161621402901E+000  3.440369608168E+001
  3.825861506238E-001 -8.719331046761E-001  1.252235731751E+000  3.330756714299E+001
  3.852774156096E-001 -8.684436946422E-001  1.340417520552E+000  3.222803822665E+001
  3.879833886411E-001 -8.646998734140E-001  1.426182622352E+000  3.116518512998E+001
  3.907041539409E-001 -8.607055116745E-001  1.509547568587E+000  3.011907331632E+001
  3.934397964105E-001 -8.564645184365E-001  1.590529551034E+000  2.908975812090E+001
  3.961904016361E-001 -8.519808392323E-001  1.669146403689E+000  2.807728495536E+001
  3.989560558949E-001 -8.472584543041E-001  1.745416584612E+000  2.708168951145E+001
  4.017368461617E-001 -8.423013767955E-001  1.819359157700E+000  2.610299796380E+001
  4.045328601149E-001 -8.371136509450E-001  1.890993774437E+000  2.514122717196E+001
  4.073441861437E-001 -8.316993502834E-001  1.960340655595E+000  2.419638488197E+001
  4.101709133538E-001 -8.260625758344E-001  2.027420572905E+000  2.326846992736E+001
  4.130131315750E-001 -8.202074543211E-001  2.092254830706E+000  2.235747242988E+001
  4.158709313670E-001 -8.141381363769E-001  2.154865247578E+000  2.146337399988E+001
  4.187444040269E-001 -8.078587947656E-001  2.215274137956E+000  2.058614793655E+001
  4.216336415958E-001 -8.013736226064E-001  2.273504293754E+000  1.972575942800E+001
  4.245387368658E-001 -7.946868316103E-001  2.329578965986E+000  1.888216575121E+001
  4.274597833869E-001 -7.878026503240E-001  2.383521846407E+000  1.805531647202E+001
  4.303968754741E-001 -7.807253223852E-001  2.435357049171E+000  1.724515364495E+001
  4.333501082151E-001 -7.734591047897E-001  2.485109092528E+000  1.645161201316E+001
  4.363195774768E-001 -7.660082661698E-001  2.532802880558E+000  1.567461920825E+001
  4.393053799131E-001 -7.583770850863E-001  2.578463684954E+000  1.491409595014E+001
  4.423076129724E-001 -7.505698483351E-001  2.622117126873E+000  1.416995624683E+001
  4.453263749047E-001 -7.425908492679E-001  2.663789158846E+000  1.344210759414E+001
  4.483617647698E-001 -7.344443861288E-001  2.703506046780E+000  1.273045117527E+001
  4.514138824444E-001 -7.261347604083E-001  2.741294352035E+000  1.203488206028E+001
  4.544828286302E-001 -7.176662752134E-001  2.777180913615E+000  1.135528940531E+001
  4.575687048617E-001 -7.090432336572E-001  2.811192830459E+000  1.069155665149E+001
  4.606716135142E-001 -7.002699372665E-001  2.843357443853E+000  1.004356172357E+001
  4.637916578118E-001 -6.913506844100E-001  2.873702319979E+000  9.411177228072E+000
  4.669289418353E-001 -6.822897687462E-001  2.902255232589E+000  8.794270650957E+000
  4.700835705309E-001 -6.730914776933E-001  2.929044145840E+000  8.192704554695E+000
  4.732556497182E-001 -6.637600909206E-001  2.954097197289E+000  7.606336774639E+000
  4.764452860985E-001 -6.542998788625E-001  2.977442681042E+000  7.035020614622E+000
  4.796525872639E-001 -6.447151012561E-001  2.999109031101E+000  6.478605041673E+000
  4.828776617050E-001 -6.350100057024E-001  3.019124804884E+000  5.936934879733E+000
  4.861206188205E-001 -6.251888262523E-001  3.037518666946E+000  5.409851002287E+000
  4.893815689254E-001 -6.152557820173E-001  3.054319372910E+000  4.897190523789E+000
  4.926606232602E-001 -6.052150758062E-001  3.069555753606E+000  4.398786989779E+000
  4.959578939999E-001 -5.950708927882E-001  3.083256699437E+000  3.914470565568E+000
  4.992734942630E-001 -5.848273991818E-001  3.095451144976E+000  3.444068223393E+000
  5.026075381207E-001 -5.744887409722E-001  3.106168053804E+000  2.987403927928E+000
  5.059601406064E-001 -5.640590426548E-001  3.115436403592E+000  2.544298820030E+000
  5.093314177250E-001 -5.535424060079E-001  3.123285171439E+000  2.114571398612E+000
  5.127214864626E-001 -5.429429088935E-001  3.129743319476E+000  1.698037700544E+000
  5.161304647959E-001 -5.322646040865E-001  3.134839780734E+000  1.294511478459E+000
  5.195584717022E-001 -5.215115181334E-001  3.138603445291E+000  9.038043763608E-001
  5.230056271692E-001 -5.106876502403E-001  3.141063146699E+000  5.257261029300E-001
  5.264720522050E-001 -4.997969711907E-001  3.142247648701E+000  1.600846024305E-001
  5.299578688483E-001 -4.888434222930E-001  3.142185632239E+000 -1.933137768951E-001
  5.334632001783E-001 -4.778309143579E-001  3.140905682765E+000 -5.346641170292E-001
  5.369881703256E-001 -4.667633267073E-001  3.138436277850E+000 -8.641627670797E-001
  5.405329044823E-001 -4.556445062119E-001  3.134805775104E+000 -1.182007182966E+000
  5.440975289128E-001 -4.444782663610E-001  3.130042400412E+000 -1.488395769981E+000
  5.476821709641E-001 -4.332683863621E-001  3.124174236480E+000 -1.783527728305E+000
  5.512869590774E-001 -4.220186102713E-001  3.117229211704E+000 -2.067602901561E+000
  5.549120227985E-001 -4.107326461552E-001  3.109235089363E+000 -2.340821628477E+000
  5.585574927889E-001 -3.994141652829E-001  3.100219457130E+000 -2.603384597731E+000
  5.622235008375E-001 -3.880668013490E-001  3.090209716926E+000 -2.855492706044E+000
  5.659101798716E-001 -3.766941497274E-001  3.079233075086E+000 -3.097346919582E+000
  5.696176639685E-001 -3.652997667561E-001  3.067316532867E+000 -3.329148138726E+000
  5.733460883672E-001 -3.538871690519E-001  3.054486877289E+000 -3.551097066261E+000
  5.770955894803E-001 -3.424598328567E-001  3.040770672303E+000 -3.763394079036E+000
  5.808663049055E-001 -3.310211934125E-001  3.026194250298E+000 -3.966239103126E+000
  5.846583734383E-001 -3.195746443683E-001  3.010783703944E+000 -4.159831492557E+000
  5.884719350837E-001 -3.081235372161E-001  2.994564878361E+000 -4.344369911608E+000
  5.923071310690E-001 -2.966711807562E-001  2.977563363630E+000 -4.520052220718E+000
  5.961641038558E-001 -2.852208405933E-001  2.959804487635E+000 -4.687075366050E+000
  6.000429971532E-001 -2.737757386605E-001  2.941313309230E+000 -4.845635272690E+000
  6.039439559304E-001 -2.623390527733E-001  2.922114611747E+000 -4.995926741536E+000
  6.078671264295E-001 -2.509139162115E-001  2.902232896823E+000 -5.138143349861E+000
  6.118126561791E-001 -2.395034173300E-001  2.881692378556E+000 -5.272477355568E+000
  6.157806940069E-001 -2.281105991974E-001  2.860516977990E+000 -5.399119605134E+000
  6.197713900541E-001 -2.167384592618E-001  2.838730317913E+000 -5.518259445246E+000
  6.237848957880E-001 -2.053899490446E-001  2.816355717978E+000 -5.630084638117E+000
  6.278213640166E-001 -1.940679738606E-001  2.793416190141E+000 -5.734781280470E+000
  6.318809489022E-001 -1.827753925647E-001  2.769934434402E+000 -5.832533726180E+000
  6.359638059756E-001 -1.715150173244E-001  2.745932834864E+000 -5.923524512552E+000
  6.400700921502E-001 -1.602896134183E-001  2.721433456090E+000 -6.007934290215E+000
  6.441999657370E-001 -1.491018990592E-001  2.696458039760E+000 -6.085941756597E+000
  6.483535864586E-001 -1.379545452419E-001  2.671028001627E+000 -6.157723592961E+000
  6.525311154647E-001 -1.268501756157E-001  2.645164428755E+000 -6.223454404965E+000
  6.567327153465E-001 -1.157913663793E-001  2.618888077053E+000 -6.283306666703E+000
  6.609585501525E-001 -1.047806462004E-001  2.592219369084E+000 -6.337450668198E+000
  6.652087854034E-001 -9.382049615619E-002  2.565178392149E+000 -6.386054466296E+000
  6.694835881080E-001 -8.291334969761E-002  2.537784896644E+000 -6.429283838912E+000
  6.737831267789E-001 -7.206159263374E-002  2.510058294676E+000 -6.467302242587E+000
  6.781075714485E-001 -6.126756313798E-002  2.482017658949E+000 -6.500270773303E+000
  6.824570936852E-001 -5.053355177441E-002  2.453681721888E+000 -6.528348130496E+000
  6.868318666096E-001 -3.986180154401E-002  2.425068875022E+000 -6.551690584214E+000
  6.912320649114E-001 -2.925450795031E-002  2.396197168606E+000 -6.570451945363E+000
  6.956578648660E-001 -1.871381908368E-002  2.367084311466E+000 -6.584783538977E+000
  7.001094443516E-001 -8.241835723857E-003  2.337747671095E+000 -6.594834180453E+000
  7.045869828664E-001  2.159388539910E-003  2.308204273946E+000 -6.600750154677E+000
  7.090906615461E-001  1.248784717171E-002  2.278470805960E+000 -6.602675197994E+000
  7.136206631812E-001  2.274158053535E-002  2.248563613295E+000 -6.600750482924E+000
  7.181771722357E-001  3.291867572483E-002  2.218498703255E+000 -6.595114605589E+000
  7.227603748644E-001  4.301726637956E-002  2.188291745424E+000 -6.585903575756E+000
  7.273704589315E-001  5.303553248479E-002  2.157958072976E+000 -6.573250809430E+000
  7.320076140295E-001  6.297170015792E-002  2.127512684183E+000 -6.557287123927E+000
  7.366720314977E-001  7.282404142121E-002  2.096970244087E+000 -6.538140735363E+000
  7.413639044413E-001  8.259087396149E-002  2.066345086347E+000 -6.515937258456E+000
  7.460834277508E-001  9.227056087737E-002  2.035651215246E+000 -6.490799708600E+000
  7.508307981215E-001  1.018615104146E-001  2.004902307857E+000 -6.462848506113E+000
  7.556062140732E-001  1.113621756901E-001  1.974111716351E+000 -6.432201482589E+000
  7.604098759705E-001  1.207710544051E-001  1.943292470457E+000 -6.398973889285E+000
  7.652419860431E-001  1.300866885482E-001  1.912457280053E+000 -6.363278407453E+000
  7.701027484060E-001  1.393076640887E-001  1.881618537882E+000 -6.325225160551E+000
  7.749923690810E-001  1.484326106605E-001  1.850788322399E+000 -6.284921728260E+000
  7.799110560171E-001  1.574602012376E-001  1.819978400730E+000 -6.242473162215E+000
  7.848590191124E-001  1.663891518014E-001  1.789200231738E+000 -6.197982003389E+000
  7.898364702358E-001  1.752182210006E-001  1.758464969195E+000 -6.151548301050E+000
  7.948436232486E-001  1.839462098032E-001  1.727783465057E+000 -6.103269633215E+000
  7.998806940270E-001  1.925719611428E-001  1.697166272818E+000 -6.053241128526E+000
  8.049479004846E-001  2.010943595580E-001  1.666623650956E+000 -6.001555489474E+000
  8.100454625952E-001  2.095123308266E-001  1.636165566459E+000 -5.948303016904E+000
  8.151736024160E-001  2.178248415940E-001  1.605801698420E+000 -5.893571635716E+000
  8.203325441110E-001  2.260308989975E-001  1.575541441702E+000 -5.837446921706E+000
  8.255225139746E-001  2.341295502853E-001  1.545393910658E+000 -5.780012129464E+000
  8.307437404560E-001  2.421198824325E-001  1.515367942918E+000 -5.721348221265E+000
  8.359964541833E-001  2.500010217528E-001  1.485472103216E+000 -5.661533896883E+000
  8.412808879885E-001  2.577721335074E-001  1.455714687267E+000 -5.600645624269E+000
  8.465972769320E-001  2.654324215112E-001  1.426103725680E+000 -5.538757671007E+000
  8.519458583285E-001  2.729811277362E-001  1.396646987913E+000 -5.475942136506E+000
  8.573268717726E-001  2.804175319132E-001  1.367351986246E+000 -5.412268984852E+000
  8.627405591648E-001  2.877409511317E-001  1.338225979791E+000 -5.347806078260E+000
  8.681871647376E-001  2.949507394387E-001  1.309275978513E+000 -5.282619211064E+000
  8.736669350829E-001  3.020462874357E-001  1.280508747274E+000 -5.216772144195E+000
  8.791801191785E-001  3.090270218756E-001  1.251930809879E+000 -5.150326640071E+000
  8.847269684160E-001  3.158924052594E-001  1.223548453138E+000 -5.083342497868E+000
  8.903077366283E-001  3.226419354317E-001  1.195367730928E+000 -5.015877589090E+000
  8.959226801184E-001  3.292751451770E-001  1.167394468249E+000 -4.947987893409E+000
  9.015720576873E-001  3.357916018169E-001  1.139634265286E+000 -4.879727534711E+000
  9.072561306635E-001  3.421909068062E-001  1.112092501447E+000 -4.811148817299E+000
  9.129751629322E-001  3.484726953315E-001  1.084774339405E+000 -4.742302262207E+000
  9.187294209652E-001  3.546366359100E-001  1.057684729115E+000 -4.673236643583E+000
  9.245191738511E-001  3.606824299895E-001  1.030828411814E+000 -4.603999025088E+000
  9.303446933257E-001  3.666098115501E-001  1.004209924001E+000 -4.534634796274E+000
  9.362062538036E-001  3.724185467072E-001  9.778336013913E-001 -4.465187708901E+000
  9.421041324088E-001  3.781084333163E-001  9.517035828467E-001 -4.395699913146E+000
  9.480386090075E-001  3.836793005799E-001  9.258238142701E-001 -4.326211993678E+000
  9.540099662399E-001  3.891310086561E-001  9.001980524731E-001 -4.256763005548E+000
  9.600184895530E-001  3.944634482692E-001  8.748298690065E-001 -4.187390509875E+000
  9.660644672342E-001  3.996765403235E-001  8.497226539557E-001 -4.118130609291E+000
  9.721481904447E-001  4.047702355178E-001  8.248796196957E-001 -4.049017983099E+000
  9.782699532537E-001  4.097445139642E-001  8.003038046074E-001 -3.980085922146E+000
  9.844300526731E-001  4.145993848077E-001  7.759980767507E-001 -3.911366363346E+000
  9.906287886927E-001  4.193348858496E-001  7.519651374937E-001 -3.842889923866E+000
  9.968664643158E-001  4.239510831729E-001  7.282075250977E-001 -3.774685934915E+000
  1.003143385595E+000  4.284480707705E-001  7.047276182546E-001 -3.706782475139E+000
  1.009459861670E+000  4.328259701760E-001  6.815276395771E-001 -3.639206403588E+000
  1.015816204803E+000  4.370849300979E-001  6.586096590402E-001 -3.571983392240E+000
  1.022212730417E+000  4.412251260553E-001  6.359755973730E-001 -3.505137958069E+000
  1.028649757135E+000  4.452467600173E-001  6.136272293998E-001 -3.438693494622E+000
  1.035127606818E+000  4.491500600451E-001  5.915661873305E-001 -3.372672303118E+000
  1.041646604604E+000  4.529352799362E-001  5.697939639983E-001 -3.307095623027E+000
  1.048207078948E+000  4.566026988721E-001  5.483119160466E-001 -3.241983662146E+000
  1.054809361664E+000  4.601526210680E-001  5.271212670619E-001 -3.177355626129E+000
  1.061453787962E+000  4.635853754257E-001  5.062231106549E-001 -3.113229747489E+000
  1.068140696494E+000  4.669013151887E-001  4.856184134880E-001 -3.049623314053E+000
  1.074870429395E+000  4.701008176000E-001  4.653080182500E-001 -2.986552696858E+000
  1.081643332322E+000  4.731842835628E-001  4.452926465776E-001 -2.924033377492E+000
  1.088459754505E+000  4.761521373027E-001  4.255729019241E-001 -2.862079974871E+000
  1.095320048782E+000  4.790048260336E-001  4.061492723752E-001 -2.800706271445E+000
  1.102224571653E+000  4.817428196246E-001  3.870221334126E-001 -2.739925238843E+000
  1.109173683316E+000  4.843666102701E-001  3.681917506253E-001 -2.679749062935E+000
  1.116167747721E+000  4.868767121617E-001  3.496582823688E-001 -2.620189168335E+000
  1.123207132611E+000  4.892736611623E-001  3.314217823740E-001 -2.561256242326E+000
  1.130292209573E+000  4.915580144817E-001  3.134822023044E-001 -2.502960258223E+000
  1.137423354084E+000  4.937303503553E-001  2.958393942643E-001 -2.445310498160E+000
  1.144600945560E+000  4.957912677231E-001  2.784931132561E-001 -2.388315575325E+000
  1.151825367405E+000  4.977413859120E-001  2.614430195905E-001 -2.331983455631E+000
  1.159097007063E+000  4.995813443182E-001  2.446886812479E-001 -2.276321478829E+000
  1.166416256069E+000  5.013118020926E-001  2.282295761922E-001 -2.221336379082E+000
  1.173783510095E+000  5.029334378266E-001  2.120650946394E-001 -2.167034304988E+000
  1.181199169012E+000  5.044469492397E-001  1.961945412799E-001 -2.113420839072E+000
  1.188663636935E+000  5.058530528683E-001  1.806171374563E-001 -2.060501016745E+000
  1.196177322279E+000  5.071524837557E-001  1.653320232980E-001 -2.008279344750E+000
  1.203740637818E+000  5.083459951431E-001  1.503382598128E-001 -1.956759819085E+000
  1.211354000735E+000  5.094343581615E-001  1.356348309365E-001 -1.905945942433E+000
  1.219017832681E+000  5.104183615245E-001  1.212206455425E-001 -1.855840741088E+000
  1.226732559833E+000  5.112988112223E-001  1.070945394114E-001 -1.806446781401E+000
  1.234498612950E+000  5.120765302155E-001  9.325527716099E-002 -1.757766185751E+000
  1.242316427433E+000  5.127523581299E-001  7.970155414027E-002 -1.709800648042E+000
  1.250186443388E+000  5.133271509525E-001  6.643199828526E-002 -1.662551448760E+000
  1.258109105679E+000  5.138017807266E-001  5.344517193999E-002 -1.616019469567E+000
  1.266084863999E+000  5.141771352481E-001  4.073957364259E-002 -1.570205207475E+000
  1.274114172926E+000  5.144541177618E-001  2.831363987792E-002 -1.525108788589E+000
  1.282197491990E+000  5.146336466578E-001  1.616574679749E-002 -1.480729981438E+000
  1.290335285734E+000  5.147166551679E-001  4.294211907907E-003 -1.437068209909E+000
  1.298528023786E+000  5.147040910620E-001 -7.302704271282E-003 -1.394122565782E+000
  1.306776180919E+000  5.145969163447E-001 -1.862679657937E-002 -1.351891820891E+000
  1.315080237120E+000  5.143961069510E-001 -2.967991361484E-002 -1.310374438916E+000
  1.323440677664E+000  5.141026524427E-001 -4.046395616344E-002 -1.269568586815E+000
  1.331857993175E+000  5.137175557040E-001 -5.098087565296E-002 -1.229472145908E+000
  1.340332679704E+000  5.132418326363E-001 -6.123267263385E-002 -1.190082722630E+000
  1.348865238797E+000  5.126765118534E-001 -7.122139528481E-002 -1.151397658951E+000
  1.357456177571E+000  5.120226343758E-001 -8.094913794235E-002 -1.113414042488E+000
  1.366106008782E+000  5.112812533246E-001 -9.041803965369E-002 -1.076128716309E+000
  1.374815250909E+000  5.104534336142E-001 -9.963028275202E-002 -1.039538288441E+000
  1.383584428224E+000  5.095402516455E-001 -1.085880914533E-001 -1.003639141101E+000
  1.392414070872E+000  5.085427949974E-001 -1.172937304741E-001 -9.684274396441E-001
  1.401304714948E+000  5.074621621182E-001 -1.257495036692E-001 -9.338991412513E-001
  1.410256902580E+000  5.062994620159E-001 -1.339577526892E-001 -9.000500033645E-001
  1.419271182008E+000  5.050558139480E-001 -1.419208556560E-001 -8.668755918722E-001
  1.428348107668E+000  5.037323471101E-001 -1.496412258572E-001 -8.343712890597E-001
  1.437488240275E+000  5.023302003243E-001 -1.571213104573E-001 -8.025323013316E-001
  1.446692146911E+000  5.008505217261E-001 -1.643635892263E-001 -7.713536667151E-001
  1.455960401104E+000  4.992944684507E-001 -1.713705732839E-001 -7.408302621516E-001
  1.465293582927E+000  4.976632063189E-001 -1.781448038604E-001 -7.109568105853E-001
  1.474692279079E+000  4.959579095207E-001 -1.846888510721E-001 -6.817278878572E-001
  1.484157082978E+000  4.941797603003E-001 -1.910053127115E-001 -6.531379294096E-001
  1.493688594856E+000  4.923299486374E-001 -1.970968130525E-001 -6.251812368115E-001
  1.503287421848E+000  4.904096719304E-001 -2.029660016689E-001 -5.978519841084E-001
  1.512954178094E+000  4.884201346766E-001 -2.086155522667E-001 -5.711442240063E-001
  1.522689484827E+000  4.863625481523E-001 -2.140481615295E-001 -5.450518938934E-001
  1.532493970480E+000  4.842381300927E-001 -2.192665479770E-001 -5.195688217076E-001
  1.542368270780E+000  4.820481043694E-001 -2.242734508356E-001 -4.946887316546E-001
  1.552313028853E+000  4.797937006687E-001 -2.290716289217E-001 -4.704052497823E-001
  1.562328895326E+000  4.774761541678E-001 -2.336638595368E-001 -4.467119094164E-001
  1.572416528431E+000  4.750967052109E-001 -2.380529373745E-001 -4.236021564627E-001
  1.582576594115E+000  4.726565989844E-001 -2.422416734389E-001 -4.010693545807E-001
  1.592809766145E+000  4.701570851913E-001 -2.462328939745E-001 -3.791067902319E-001
  1.603116726218E+000  4.675994177246E-001 -2.500294394077E-001 -3.577076776093E-001
  1.613498164078E+000  4.649848543404E-001 -2.536341632985E-001 -3.368651634486E-001
  1.623954777622E+000  4.623146563304E-001 -2.570499313042E-001 -3.165723317285E-001
  1.634487273025E+000  4.595900881933E-001 -2.602796201531E-001 -2.968222082606E-001
  1.645096364848E+000  4.568124173060E-001 -2.633261166294E-001 -2.776077651742E-001
  1.655782776168E+000  4.539829135941E-001 -2.661923165688E-001 -2.589219252968E-001
  1.666547238688E+000  4.511028492021E-001 -2.688811238648E-001 -2.407575664361E-001
  1.677390492873E+000  4.481734981625E-001 -2.713954494848E-001 -2.231075255633E-001
  1.688313288066E+000  4.451961360656E-001 -2.737382104983E-001 -2.059646029013E-001
  1.699316382620E+000  4.421720397276E-001 -2.759123291138E-001 -1.893215659208E-001
  1.710400544029E+000  4.391024868595E-001 -2.779207317279E-001 -1.731711532444E-001
  1.721566549058E+000  4.359887557350E-001 -2.797663479833E-001 -1.575060784628E-001
  1.732815183877E+000  4.328321248584E-001 -2.814521098391E-001 -1.423190338635E-001
  1.744147244202E+000  4.296338726323E-001 -2.829809506497E-001 -1.276026940734E-001
  1.755563535430E+000  4.263952770254E-001 -2.843558042560E-001 -1.133497196180E-001
  1.767064872781E+000  4.231176152399E-001 -2.855796040857E-001 -9.955276039751E-002
  1.778652081442E+000  4.198021633787E-001 -2.866552822654E-001 -8.620445908173E-002
  1.790325996715E+000  4.164501961132E-001 -2.875857687421E-001 -7.329745442410E-002
  1.802087464166E+000  4.130629863511E-001 -2.883739904166E-001 -6.082438449684E-002
  1.813937339772E+000  4.096418049036E-001 -2.890228702864E-001 -4.877788984755E-002
  1.825876490081E+000  4.061879201537E-001 -2.895353266003E-001 -3.715061657831E-002
  1.837905792365E+000  4.027025977245E-001 -2.899142720226E-001 -2.593521934815E-002
  1.850026134778E+000  3.991871001475E-001 -2.901626128092E-001 -1.512436429951E-002
  1.862238416525E+000  3.956426865316E-001 -2.902832479935E-001 -4.710731909618E-003
  1.874543548019E+000  3.920706122328E-001 -2.902790685839E-001  5.312980232886E-003
  1.886942451054E+000  3.884721285236E-001 -2.901529567713E-001  1.495405472508E-002
  1.899436058973E+000  3.848484822641E-001 -2.899077851479E-001  2.421975172033E-002
  1.912025316845E+000  3.812009155725E-001 -2.895464159368E-001  3.311730637152E-002
  1.924711181638E+000  3.775306654979E-001 -2.890717002321E-001  4.165392634654E-002
  1.937494622402E+000  3.738389636922E-001 -2.884864772502E-001  4.983678941522E-002
  1.950376620452E+000  3.701270360842E-001 -2.877935735917E-001  5.767304110743E-002
  1.963358169552E+000  3.663961025540E-001 -2.869958025141E-001  6.516979244148E-002
  1.976440276109E+000  3.626473766086E-001 -2.860959632150E-001  7.233411772240E-002
  1.989623959360E+000  3.588820650588E-001 -2.850968401268E-001  7.917305240943E-002
  2.002910251577E+000  3.551013676970E-001 -2.840012022212E-001  8.569359105205E-002
  2.016300198259E+000  3.513064769766E-001 -2.828118023251E-001  9.190268529389E-002
  2.029794858340E+000  3.474985776925E-001 -2.815313764469E-001  9.780724194386E-002
  2.043395304396E+000  3.436788466632E-001 -2.801626431129E-001  1.034141211136E-001
  2.057102622856E+000  3.398484524149E-001 -2.787083027152E-001  1.087301344209E-001
  2.070917914217E+000  3.360085548662E-001 -2.771710368694E-001  1.137620432575E-001
  2.084842293261E+000  3.321603050159E-001 -2.755535077826E-001  1.185165571209E-001
  2.098876889283E+000  3.283048446320E-001 -2.738583576327E-001  1.230003320101E-001
  2.113022846310E+000  3.244433059423E-001 -2.720882079568E-001  1.272199688820E-001
  2.127281323341E+000  3.205768113280E-001 -2.702456590509E-001  1.311820121700E-001
  2.141653494575E+000  3.167064730194E-001 -2.683332893788E-001  1.348929483621E-001
  2.156140549656E+000  3.128333927928E-001 -2.663536549923E-001  1.383592046384E-001
  2.170743693911E+000  3.089586616719E-001 -2.643092889600E-001  1.415871475655E-001
  2.185464148607E+000  3.050833596298E-001 -2.622027008077E-001  1.445830818489E-001
  2.200303151197E+000  3.012085552954E-001 -2.600363759672E-001  1.473532491392E-001
  2.215261955581E+000  2.973353056615E-001 -2.578127752362E-001  1.499038268938E-001
  2.230341832367E+000  2.934646557967E-001 -2.555343342471E-001  1.522409272901E-001
  2.245544069142E+000  2.895976385603E-001 -2.532034629462E-001  1.543705961915E-001
  2.260869970742E+000  2.857352743203E-001 -2.508225450825E-001  1.562988121622E-001
  2.276320859530E+000  2.818785706755E-001 -2.483939377060E-001  1.580314855319E-001
  2.291898075679E+000  2.780285221808E-001 -2.459199706757E-001  1.595744575061E-001
  2.307602977460E+000  2.741861100767E-001 -2.434029461777E-001  1.609334993242E-001
  2.323436941540E+000  2.703523020224E-001 -2.408451382525E-001  1.621143114603E-001
  2.339401363274E+000  2.665280518339E-001 -2.382487923321E-001  1.631225228675E-001
  2.355497657016E+000  2.627142992258E-001 -2.356161247868E-001  1.639636902637E-001
  2.371727256428E+000  2.589119695581E-001 -2.329493224823E-001  1.646432974572E-001
  2.388091614797E+000  2.551219735878E-001 -2.302505423455E-001  1.651667547105E-001
  2.404592205358E+000  2.513452072254E-001 -2.275219109410E-001  1.655393981411E-001
  2.421230521622E+000  2.475825512970E-001 -2.247655240575E-001  1.657664891585E-001
  2.438008077714E+000  2.438348713114E-001 -2.219834463038E-001  1.658532139344E-001
  2.454926408713E+000  2.401030172331E-001 -2.191777107156E-001  1.658046829061E-001
  2.471987071003E+000  2.363878232612E-001 -2.163503183718E-001  1.656259303113E-001
  2.489191642624E+000  2.326901076146E-001 -2.135032380223E-001  1.653219137531E-001
  2.506541723641E+000  2.290106723233E-001 -2.106384057254E-001  1.648975137931E-001
  2.524038936507E+000  2.253503030264E-001 -2.077577244968E-001  1.643575335729E-001
  2.541684926444E+000  2.217097687772E-001 -2.048630639695E-001  1.637066984620E-001
  2.559481361827E+000  2.180898218545E-001 -2.019562600646E-001  1.629496557300E-001
  2.577429934572E+000  2.144911975828E-001 -1.990391146744E-001  1.620909742447E-001
  2.595532360540E+000  2.109146141583E-001 -1.961133953563E-001  1.611351441922E-001
  2.613790379943E+000  2.073607724840E-001 -1.931808350403E-001  1.600865768202E-001
  2.632205757760E+000  2.038303560123E-001 -1.902431317473E-001  1.589496042029E-001
  2.650780284158E+000  2.003240305958E-001 -1.873019483216E-001  1.577284790268E-001
  2.669515774928E+000  1.968424443473E-001 -1.843589121757E-001  1.564273743966E-001
  2.688414071925E+000  1.933862275076E-001 -1.814156150490E-001  1.550503836616E-001
  2.707477043518E+000  1.899559923232E-001 -1.784736127802E-001  1.536015202610E-001
  2.726706585047E+000  1.865523329326E-001 -1.755344250946E-001  1.520847175882E-001
  2.746104619295E+000  1.831758252628E-001 -1.725995354052E-001  1.505038288740E-001
  2.765673096964E+000  1.798270269348E-001 -1.696703906296E-001  1.488626270890E-001
  2.785413997161E+000  1.765064771794E-001 -1.667484010228E-001  1.471648048636E-001
  2.805329327899E+000  1.732146967632E-001 -1.638349400255E-001  1.454139744276E-001
  2.825421126601E+000  1.699521879248E-001 -1.609313441290E-001  1.436136675678E-001
  2.845691460623E+000  1.667194343217E-001 -1.580389127579E-001  1.417673356057E-001
  2.866142427776E+000  1.635169009877E-001 -1.551589081691E-001  1.398783493935E-001
  2.886776156875E+000  1.603450343016E-001 -1.522925553699E-001  1.379499993305E-001
  2.907594808280E+000  1.572042619669E-001 -1.494410420539E-001  1.359854953996E-001
  2.928600574467E+000  1.540949930022E-001 -1.466055185563E-001  1.339879672253E-001
  2.949795680597E+000  1.510176177443E-001 -1.437870978281E-001  1.319604641526E-001
  2.971182385105E+000  1.479725078610E-001 -1.409868554307E-001  1.299059553484E-001
  2.992762980296E+000  1.449600163774E-001 -1.382058295506E-001  1.278273299269E-001
  3.014539792958E+000  1.419804777128E-001 -1.354450210347E-001  1.257273970977E-001
  3.036515184988E+000  1.390342077297E-001 -1.327053934474E-001  1.236088863405E-001
  3.058691554023E+000  1.361215037948E-001 -1.299878731489E-001  1.214744476047E-001
  3.081071334099E+000  1.332426448519E-001 -1.272933493955E-001  1.193266515369E-001
  3.103656996309E+000  1.303978915069E-001 -1.246226744623E-001  1.171679897356E-001
  3.126451049484E+000  1.275874861244E-001 -1.219766637891E-001  1.150008750365E-001
  3.149456040888E+000  1.248116529369E-001 -1.193560961485E-001  1.128276418273E-001
  3.172674556926E+000  1.220705981653E-001 -1.167617138383E-001  1.106505463942E-001
  3.196109223865E+000  1.193645101517E-001 -1.141942228962E-001  1.084717673016E-001
  3.219762708576E+000  1.166935595039E-001 -1.116542933400E-001  1.062934058050E-001
  3.243637719289E+000  1.140578992516E-001 -1.091425594298E-001  1.041174862993E-001
  3.267737006362E+000  1.114576650143E-001 -1.066596199556E-001  1.019459568032E-001
  3.292063363076E+000  1.088929751802E-001 -1.042060385486E-001  9.978068948026E-002
  3.316619626434E+000  1.063639310973E-001 -1.017823440164E-001  9.762348119884E-002
  3.341408677987E+000  1.038706172743E-001 -9.938903070299E-002  9.547605413030E-002
  3.366433444679E+000  1.014131015937E-001 -9.702655887173E-002  9.334005638778E-002
  3.391696899702E+000  9.899143553428E-002 -9.469535511328E-002  9.121706270546E-002
  3.417202063379E+000  9.660565440499E-002 -9.239581277667E-002  8.910857515954E-002
  3.442952004065E+000  9.425577758804E-002 -9.012829242400E-002  8.701602393116E-002
  3.468949839059E+000  9.194180879224E-002 -8.789312230826E-002  8.494076811227E-002
  3.495198735552E+000  8.966373631550E-002 -8.569059887400E-002  8.288409655441E-002
  3.521701911582E+000  8.742153331642E-002 -8.352098728032E-002  8.084722876110E-002
  3.548462637020E+000  8.521515809450E-002 -8.138452194580E-002  7.883131582381E-002
  3.575484234572E+000  8.304455437857E-002 -7.928140711470E-002  7.683744140162E-002
  3.602770080809E+000  8.090965162302E-002 -7.721181744389E-002  7.486662274453E-002
  3.630323607217E+000  7.881036531132E-002 -7.517589860985E-002  7.291981176019E-002
  3.658148301271E+000  7.674659726650E-002 -7.317376793489E-002  7.099789612371E-002
  3.686247707537E+000  7.471823596792E-002 -7.120551503195E-002  6.910170042993E-002
  3.714625428793E+000  7.272515687394E-002 -6.927120246699E-002  6.723198738771E-002
  3.743285127184E+000  7.076722274995E-002 -6.737086643810E-002  6.538945905511E-002
  3.772230525397E+000  6.884428400118E-002 -6.550451747037E-002  6.357475811484E-002
  3.801465407866E+000  6.695617900977E-002 -6.367214112545E-002  6.178846918853E-002
  3.830993622005E+000  6.510273447556E-002 -6.187369872474E-002  6.003112018872E-002
  3.860819079470E+000  6.328376576002E-002 -6.010912808511E-002  5.830318370706E-002
  3.890945757450E+000  6.149907723261E-002 -5.837834426589E-002  5.660507843714E-002
  3.921377699988E+000  5.974846261928E-002 -5.668124032594E-002  5.493717063013E-002
  3.952119019336E+000  5.803170535218E-002 -5.501768808964E-002  5.329977558142E-002
  3.983173897337E+000  5.634857892024E-002 -5.338753892029E-002  5.169315914618E-002
  4.014546586845E+000  5.469884721993E-002 -5.179062449974E-002  5.011753928160E-002
  4.046241413173E+000  5.308226490559E-002 -5.022675761291E-002  4.857308761361E-002
  4.078262775585E+000  5.149857773883E-002 -4.869573293564E-002  4.705993102546E-002
  4.110615148813E+000  4.994752293634E-002 -4.719732782469E-002  4.557815326585E-002
  4.143303084620E+000  4.842882951555E-002 -4.573130310830E-002  4.412779657369E-002
  4.176331213391E+000  4.694221863773E-002 -4.429740387591E-002  4.270886331690E-002
  4.209704245774E+000  4.548740394775E-002 -4.289536026572E-002  4.132131764232E-002
  4.243426974351E+000  4.406409191013E-002 -4.152488824855E-002  3.996508713381E-002
  4.277504275353E+000  4.267198214090E-002 -4.018569040654E-002  3.864006447553E-002
  4.311941110423E+000  4.131076773467E-002 -3.887745670547E-002  3.734610911743E-002
  4.346742528412E+000  3.998013558652E-002 -3.759986525909E-002  3.608304893974E-002
  4.381913667228E+000  3.867976670824E-002 -3.635258308422E-002  3.485068191335E-002
  4.417459755726E+000  3.740933653858E-002 -3.513526684527E-002  3.364877775307E-002
  4.453386115645E+000  3.616851524702E-002 -3.394756358685E-002  3.247707956049E-002
  4.489698163598E+000  3.495696803079E-002 -3.278911145322E-002  3.133530545335E-002
  4.526401413105E+000  3.377435540477E-002 -3.165954039335E-002  3.022315017835E-002
  4.563501476684E+000  3.262033348410E-002 -3.055847285054E-002  2.914028670429E-002
  4.601004067991E+000  3.149455425905E-002 -2.948552443528E-002  2.808636779258E-002
  4.638915004011E+000  3.039666586210E-002 -2.844030458052E-002  2.706102754212E-002
  4.677240207311E+000  2.932631282711E-002 -2.742241717829E-002  2.606388290570E-002
  4.715985708351E+000  2.828313634020E-002 -2.643146119673E-002  2.509453517522E-002
  4.755157647843E+000  2.726677448250E-002 -2.546703127679E-002  2.415257143297E-002
  4.794762279187E+000  2.627686246459E-002 -2.452871830777E-002  2.323756596645E-002
  4.834805970953E+000  2.531303285270E-002 -2.361610998115E-002  2.234908164440E-002
  4.875295209443E+000  2.437491578655E-002 -2.272879132193E-002  2.148667125167E-002
  4.916236601308E+000  2.346213918913E-002 -2.186634519732E-002  2.064987878089E-002
  4.957636876237E+000  2.257432896834E-002 -2.102835280200E-002  1.983824067892E-002
  4.999502889720E+000  2.171110921071E-002 -2.021439411997E-002  1.905128704641E-002
  5.041841625875E+000  2.087210236745E-002 -1.942404836263E-002  1.828854278878E-002
  5.084660200360E+000  2.005692943298E-002 -1.865689438300E-002  1.754952871726E-002
  5.127965863354E+000  1.926521011631E-002 -1.791251106606E-002  1.683376259879E-002
  5.171766002619E+000  1.849656300538E-002 -1.719047769537E-002  1.614076015376E-002
  5.216068146649E+000  1.775060572502E-002 -1.649037429604E-002  1.547003600085E-002
  5.260879967894E+000  1.702695508858E-002 -1.581178195443E-002  1.482110454820E-002
  5.306209286078E+000  1.632522724384E-002 -1.515428311483E-002  1.419348083083E-002
  5.352064071605E+000  1.564503781357E-002 -1.451746185374E-002  1.358668129388E-002
  5.398452449055E+000  1.498600203120E-002 -1.390090413210E-002  1.300022452181E-002
  5.445382700775E+000  1.434773487200E-002 -1.330419802626E-002  1.243363191390E-002
  5.492863270572E+000  1.372985118048E-002 -1.272693393836E-002  1.188642830637E-002
  5.540902767504E+000  1.313196579427E-002 -1.216870478684E-002  1.135814254189E-002
  5.589509969774E+000  1.255369366515E-002 -1.162910617804E-002  1.084830798735E-002
  5.638693828737E+000  1.199464997777E-002 -1.110773655969E-002  1.035646300086E-002
  5.688463473008E+000  1.145445026649E-002 -1.060419735746E-002  9.882151349337E-003
  5.738828212699E+000  1.093271053100E-002 -1.011809309536E-002  9.424922578025E-003
  5.789797543759E+000  1.042904735120E-002 -9.649031501315E-003  8.984332333585E-003
  5.841381152447E+000  9.943078001785E-003 -9.196623598884E-003  8.559942642457E-003
  5.893588919926E+000  9.474420567263E-003 -8.760483786327E-003  8.151322146403E-003
  5.946430926988E+000  9.022694057628E-003 -8.340229904215E-003  7.758046297258E-003
  5.999917458910E+000  8.587518525397E-003 -7.935483292758E-003  7.379697513012E-003
  6.054059010457E+000  8.168515184337E-003 -7.545868840086E-003  7.015865297468E-003
  6.108866291020E+000  7.765306530345E-003 -7.171015022661E-003  6.666146325813E-003
  6.164350229902E+000  7.377516464873E-003 -6.810553939050E-003  6.330144498497E-003
  6.220521981762E+000  7.004770421251E-003 -6.464121338236E-003  6.007470965901E-003
  6.277392932215E+000  6.646695494221E-003 -6.131356643625E-003  5.697744126270E-003
  6.334974703589E+000  6.302920572959E-003 -5.811902973905E-003  5.400589599482E-003
  6.393279160860E+000  5.973076477818E-003 -5.505407161827E-003  5.115640179164E-003
  6.452318417752E+000  5.656796100962E-003 -5.211519771973E-003  4.842535765704E-003
  6.512104843026E+000  5.353714551014E-003 -4.929895118514E-003  4.580923282682E-003
  6.572651066946E+000  5.063469301808E-003 -4.660191283867E-003  4.330456579181E-003
  6.633969987942E+000  4.785700345243E-003 -4.402070139159E-003  4.090796320413E-003
  6.696074779472E+000  4.520050348213E-003 -4.155197367261E-003  3.861609869019E-003
  6.758978897091E+000  4.266164813501E-003 -3.919242489134E-003  3.642571159301E-003
  6.822696085726E+000  4.023692244491E-003 -3.693878894117E-003  3.433360566590E-003
  6.887240387180E+000  3.792284313472E-003 -3.478783874703E-003  3.233664773797E-003
  6.952626147859E+000  3.571596033264E-003 -3.273638666271E-003  3.043176637113E-003
  7.018868026732E+000  3.361285931823E-003 -3.078128492140E-003  2.861595052678E-003
  7.085981003543E+000  3.161016229441E-003 -2.891942614206E-003  2.688624825890E-003
  7.153980387268E+000  2.970453018082E-003 -2.714774389358E-003  2.523976544906E-003
  7.222881824836E+000  2.789266442368E-003 -2.546321331723E-003  2.367366459694E-003
  7.292701310121E+000  2.617130881641E-003 -2.386285180750E-003  2.218516367868E-003
  7.363455193219E+000  2.453725132524E-003 -2.234371974995E-003  2.077153508358E-003
  7.435160190001E+000  2.298732591313E-003 -2.090292131415E-003  1.943010463789E-003
  7.507833391988E+000  2.151841435528E-003 -1.953760529856E-003  1.815825072309E-003
  7.581492276516E+000  2.012744803911E-003 -1.824496602362E-003  1.695340349381E-003
  7.656154717242E+000  1.881140974088E-003 -1.702224426821E-003  1.581304419959E-003
  7.731838994973E+000  1.756733537157E-003 -1.586672824407E-003  1.473470461223E-003
  7.808563808847E+000  1.639231568368E-003 -1.477575460189E-003  1.371596655956E-003
  7.886348287874E+000  1.528349793116E-003 -1.374670946217E-003  1.275446156449E-003
  7.965212002848E+000  1.423808747395E-003 -1.277702946342E-003  1.184787058692E-003
  8.045174978646E+000  1.325334931920E-003 -1.186420281963E-003  1.099392386450E-003
  8.126257706932E+000  1.232660959086E-003 -1.100577037850E-003  1.019040084719E-003
  8.208481159274E+000  1.145525691957E-003 -1.019932667179E-003  9.435130219054E-004
  8.291866800694E+000  1.063674374510E-003 -9.442520948446E-004  8.725989999867E-004
  8.376436603664E+000  9.868587523636E-004 -8.733058181466E-004  8.060907717990E-004
  8.462213062574E+000  9.148371832637E-004 -8.068700039044E-004  7.437860645163E-004
  8.549219208676E+000  8.473747366403E-004 -7.447265810634E-004  6.854876083124E-004
  8.637478625536E+000  7.842432815837E-004 -6.866633278735E-004  6.310031691407E-004
  8.727015464999E+000  7.252215626480E-004 -6.324739527305E-004  5.801455845165E-004
  8.817854463709E+000  6.700952629445E-004 -5.819581678068E-004  5.327328011606E-004
  8.910020960175E+000  6.186570540480E-004 -5.349217546300E-004  4.885879133433E-004
  9.003540912431E+000  5.707066323093E-004 -4.911766208167E-004  4.475392007654E-004
  9.098440916308E+000  5.260507412384E-004 -4.505408472237E-004  4.094201648228E-004
  9.194748224321E+000  4.845031796980E-004 -4.128387248391E-004  3.740695621274E-004
  9.292490765233E+000  4.458847957289E-004 -3.779007808052E-004  3.413314341897E-004
  9.391697164283E+000  4.100234659094E-004 -3.455637930428E-004  3.110551322218E-004
  9.492396764138E+000  3.767540602377E-004 -3.156707930242E-004  2.830953360755E-004
  9.594619646576E+000  3.459183926105E-004 -2.880710563327E-004  2.573120664032E-004
  9.698396654938E+000  3.173651570596E-004 -2.626200807329E-004  2.335706892077E-004
  9.803759417385E+000  2.909498499957E-004 -2.391795515726E-004  2.117419120377E-004
  9.910740370981E+000  2.665346787918E-004 -2.176172944327E-004  1.917017711776E-004
  1.001937278665E+001  2.439884571285E-004 -1.978072150361E-004  1.733316092864E-004
  1.012969079502E+001  2.231864875992E-004 -1.796292265290E-004  1.565180430435E-004
  1.024172941323E+001  2.040104321587E-004 -1.629691643402E-004  1.411529204712E-004
  1.035552457272E+001  1.863481710687E-004 -1.477186889240E-004  1.271332677162E-004
  1.047111314798E+001  1.700936510662E-004 -1.337751767807E-004  1.143612251844E-004
  1.058853298647E+001  1.551467235459E-004 -1.210416002414E-004  1.027439730379E-004
  1.070782293953E+001  1.414129736052E-004 -1.094263965879E-004  9.219364617228E-005
  1.082902289454E+001  1.288035408538E-004 -9.884332715618E-005  8.262723890350E-005
  1.095217380826E+001  1.172349329318E-004 -8.921132714683E-005  7.396649969537E-005
  1.107731774137E+001  1.066288327215E-004 -8.045434693287E-005  6.613781635883E-005
  1.120449789442E+001  9.691190026138E-005 -7.250118571115E-005  5.907209224692E-005
  1.133375864507E+001  8.801557039543E-005 -6.528531839658E-005  5.270461405455E-005
  1.146514558681E+001  7.987584719787E-005 -5.874471669859E-005  4.697491190944E-005
  1.159870556913E+001  7.243309621932E-005 -5.282166535187E-005  4.182661250907E-005
  1.173448673928E+001  6.563183559050E-005 -4.746257449611E-005  3.720728611699E-005
  1.187253858566E+001  5.942052700513E-005 -4.261778921250E-005  3.306828828073E-005
  1.201291198287E+001  5.375136757853E-005 -3.824139722783E-005  2.936459717136E-005
  1.215565923859E+001  4.858008354488E-005 -3.429103579047E-005  2.605464747232E-005
  1.230083414231E+001  4.386572671473E-005 -3.072769870589E-005  2.310016176128E-005
  1.244849201595E+001  3.957047456463E-005 -2.751554449385E-005  2.046598033467E-005
  1.259868976657E+001  3.565943477464E-005 -2.462170659439E-005  1.811989041873E-005
  1.275148594119E+001  3.210045496596E-005 -2.201610650647E-005  1.603245569577E-005
  1.290694078384E+001  2.886393832244E-005 -1.967127069163E-005  1.417684704822E-005
  1.306511629490E+001  2.592266570584E-005 -1.756215201666E-005  1.252867538774E-005
  1.322607629292E+001  2.325162479704E-005 -1.566595644422E-005  1.106582739288E-005
  1.338988647898E+001  2.082784671453E-005 -1.396197560972E-005  9.768304926181E-006
  1.355661450375E+001  1.863025047887E-005 -1.243142584765E-005  8.618068842417E-006
  1.372633003727E+001  1.663949560792E-005 -1.105729415205E-005  7.598887834159E-006
  1.389910484176E+001  1.483784304385E-005 -9.824191474282E-006  6.696192889712E-006
  1.407501284743E+001  1.320902453059E-005 -8.718213678801E-006  5.896937863755E-006
  1.425413023161E+001  1.173812047966E-005 -7.726810394661E-006  5.189466582970E-006
  1.443653550117E+001  1.041144628538E-005 -6.838661918233E-006  4.563386829182E-006
  1.462230957852E+001  9.216446977063E-006 -6.043564242355E-006  4.009451462047E-006
  1.481153589140E+001  8.141600027743E-006 -5.332322209658E-006  3.519446863399E-006
  1.500430046649E+001  7.176326076803E-006 -4.696650714256E-006  3.086088806893E-006
  1.520069202718E+001  6.310907267706E-006 -4.129083807171E-006  2.702925780893E-006
  1.540080209569E+001  5.536412853483E-006 -3.622891497634E-006  2.364249720435E-006
  1.560472509963E+001  4.844631681233E-006 -3.172003985450E-006  2.065014036546E-006
  1.581255848342E+001  4.228011133471E-006 -2.770943009499E-006  1.800758769074E-006
  1.602440282470E+001  3.679602078720E-006 -2.414759954677E-006  1.567542633071E-006
  1.624036195599E+001  3.193009366353E-006 -2.098980324422E-006  1.361881679359E-006
  1.646054309190E+001  2.762347391244E-006 -1.819554158617E-006  1.180694247553E-006
  1.668505696224E+001  2.382200251984E-006 -1.572811957151E-006  1.021251854850E-006
  1.691401795117E+001  2.047586031945E-006 -1.355425657620E-006  8.811356364946E-007
  1.714754424293E+001  1.753924744713E-006 -1.164374211323E-006  7.581979339325E-007
  1.738575797433E+001  1.497009503807E-006 -9.969133044283E-007  6.505286142187E-007
  1.762878539445E+001  1.272980500383E-006 -8.505487805024E-007  5.564256989186E-007
  1.787675703191E+001  1.078301400957E-006 -7.230133358292E-007  4.743698821594E-007
  1.812980787015E+001  9.097378092197E-007 -6.122460794110E-007  4.030025251368E-007
  1.838807753110E+001  7.643374708167E-007 -5.163745744668E-007  3.411067276367E-007
  1.865171046781E+001  6.394119366165E-007 -4.336990067498E-007  2.875910953045E-007
  1.892085616642E+001  5.325194375118E-007 -3.626781562572E-007  2.414758437176E-007
  1.919566935809E+001  4.414487613511E-007 -3.019168820000E-007  2.018809059899E-007
  1.947631024137E+001  3.642039592849E-007 -2.501548635769E-007  1.680157388302E-007
  1.976294471571E+001  2.989897438818E-007 -2.062563775249E-007  1.391705518680E-007
  2.005574462663E+001  2.441974741292E-007 -1.692009200140E-007  1.147087158400E-007
  2.035488802332E+001  1.983916523065E-007 -1.380745197173E-007  9.406013614151E-008
  2.066055942930E+001  1.602968842435E-007 -1.120616149999E-007  7.671540857954E-008
  2.097295012706E+001  1.287852773182E-007 -9.043739742181E-008  6.222060329269E-008
  2.129225845729E+001  1.028642695020E-007 -7.256054853608E-008  5.017255018601E-008
  2.161869013374E+001  8.166489775035E-008 -5.786631879485E-008  4.021452442644E-008
  2.195245857462E+001  6.443052510929E-008 -4.585991589208E-008  3.203225321572E-008
  2.229378525140E+001  5.050605323130E-008 -3.611018500648E-008  2.535018497389E-008
  2.264290005632E+001  3.932765082737E-008 -2.824357522329E-008  1.992797910202E-008
  2.300004168951E+001  3.041302928496E-008 -2.193839505609E-008  1.555718862125E-008
  2.336545806705E+001  2.335229467199E-008 -1.691936569562E-008  1.205811927617E-008
  2.373940675129E+001  1.779940109776E-008 -1.295248368829E-008  9.276857291469E-009
  2.412215540475E+001  1.346422441105E-008 -9.840205548915E-009  7.082464100953E-009
  2.451398226921E+001  1.010526799165E-008 -7.416965733775E-009  5.364340297575E-009
  2.491517667142E+001  7.523004427581E-009 -5.545036848563E-009  4.029763092207E-009
  2.532603955735E+001  5.553848632581E-009 -4.110737350847E-009  3.001602048526E-009
  2.574688405660E+001  4.064749866113E-009 -3.020987717648E-009  2.216217119458E-009
  2.617803607920E+001  2.948382532502E-009 -2.200211447113E-009  1.621541377394E-009
  2.661983494664E+001  2.118908852715E-009 -1.587572666867E-009  1.175348615793E-009
  2.707263405971E+001  1.508280743663E-009 -1.134537798286E-009  8.437034832246E-010
  2.753680160532E+001  1.063043655437E-009 -8.027448878648E-010  5.995892333246E-010
  2.801272130518E+001  7.416017836693E-010 -5.621610180289E-010  4.217057329921E-010
  2.850079320900E+001  5.119020028991E-010 -3.895057473940E-010  2.934282179555E-010
  2.900143453541E+001  3.494930091636E-010 -2.669168479428E-010  2.019155250004E-010
  2.951508056378E+001  2.359164185570E-010 -1.808336997076E-010  1.373552258579E-010
  3.004218558064E+001  1.573878077784E-010 -1.210735275999E-010  9.233226178661E-011
  3.058322388437E+001  1.037277410835E-010 -8.007614369659E-011  6.130731968985E-011
  3.113869085248E+001  6.750552931517E-011 -5.229389261201E-011  4.019126287116E-011
  3.170910407585E+001  4.336163090948E-011 -3.370497501630E-011  2.600237532017E-011
  3.229500456485E+001  2.747805803299E-011 -2.143012727008E-011  1.659392830490E-011
  3.289695803249E+001  1.716973329056E-011 -1.343464822825E-011  1.044055669959E-011
  3.351555626047E+001  1.057331366057E-011 -8.299880644439E-012  6.473064481568E-012
  3.415141855403E+001  6.413442260983E-012 -5.050380435713E-012  3.952493433024E-012
  3.480519329257E+001  3.829614847766E-012 -3.025064517217E-012  2.375523741865E-012
  3.547755958299E+001  2.249792187058E-012 -1.782556663488E-012  1.404477910528E-012
  3.616922902393E+001  1.299511756239E-012 -1.032708180753E-012  8.163298500800E-013
  3.688094758921E+001  7.375346699692E-013 -5.878299413482E-013  4.661507810990E-013
  3.761349763993E+001  4.110068232295E-013 -3.285230781970E-013  2.613352123071E-013
  3.836770007534E+001  2.247321067211E-013 -1.801381262682E-013  1.437362236993E-013
  3.914441663347E+001  1.204758912716E-013 -9.683687468269E-014  7.749998861118E-014
  3.994455235367E+001  6.327131790654E-014 -5.099462343588E-014  4.093151565905E-014
  4.076905821405E+001  3.252523271208E-014 -2.628403101364E-014  2.115781367933E-014
  4.161893395835E+001  1.635147948769E-014 -1.324830105324E-014  1.069443240403E-014
  4.249523112779E+001  8.031805036186E-015 -6.524177440995E-015  5.280997215668E-015
  4.339905631520E+001  3.850914336848E-015 -3.135914417367E-015  2.545197095385E-015
  4.433157466006E+001  1.800369769145E-015 -1.469699100684E-015  1.195990236792E-015
  4.529401360538E+001  8.198515938203E-016 -6.708838502804E-016  5.473485830479E-016
  4.628766693861E+001  3.632347450400E-016 -2.979368492603E-016  2.436880959621E-016
  4.731389914191E+001  1.563845223310E-016 -1.285686489982E-016  1.054180774173E-016
  4.837415007871E+001  6.534328038406E-017 -5.384269778081E-017  4.425412118209E-017
  4.946994004686E+001  2.646210292162E-017 -2.185321028687E-017  1.800389699720E-017
  5.060287523143E+001  1.037161360403E-017 -8.583867933069E-018  7.088210637970E-018
  5.177465359367E+001  3.928381844884E-018 -3.258197028203E-018  2.696569757742E-018
  5.298707123650E+001  1.435606333837E-018 -1.193184065913E-018  9.896949739995E-019
  5.424202929116E+001  5.053353215683E-019 -4.208641977429E-019  3.498443217059E-019
  5.554154137419E+001  1.710296439298E-019 -1.427269917896E-019  1.188933730816E-019
  5.688774166961E+001  5.555060347670E-020 -4.644921346161E-020  3.877294421933E-020
  5.828289369667E+001  1.728064749090E-020 -1.447728893132E-020  1.210924724512E-020
  5.972939983075E+001  5.137591338325E-021 -4.312285746378E-021  3.614081490347E-021
  6.122981165190E+001  1.456478798322E-021 -1.224774925681E-021  1.028462866207E-021
  6.278684120462E+001  3.927792215062E-022 -3.308936766600E-022  2.783841579471E-022
  6.440337326150E+001  1.005033145769E-022 -8.481881123753E-023  7.149145389007E-023
  6.608247869451E+001  2.433411693254E-023 -2.057233065671E-023  1.737136269076E-023
  6.782742906960E+001  5.558942918628E-024 -4.707613321311E-024  3.982194989194E-024
  6.964171259434E+001  1.194440367147E-024 -1.013207814044E-024  8.585683321790E-025
  7.152905156377E+001  2.406001732956E-025 -2.044280923723E-025  1.735222203473E-025
  7.349342146763E+001  4.527433930450E-026 -3.852943988896E-026  3.275890052891E-026
  7.553907194217E+001  7.928524298685E-027 -6.757942236946E-027  5.755160431119E-027
  7.767054977292E+001  1.286947650435E-027 -1.098627301351E-027  9.370963151100E-028
  7.989272418113E+001  1.927866633397E-028 -1.648238211637E-028  1.408087206279E-028
  8.221081465675E+001  2.652920682530E-029 -2.271470343936E-029  1.943468549720E-029
  8.463042163523E+001  3.336865351163E-030 -2.861197648126E-030  2.451684614490E-030
  8.715756035520E+001  3.815886426589E-031 -3.276557314097E-031  2.811683992154E-031
  8.979869827958E+001  3.944522669816E-032 -3.391696123163E-032  2.914631402098E-032
  9.256079651532E+001  3.663062144904E-033 -3.153945063117E-033  2.714094862566E-033
  9.545135572765E+001  3.035598313807E-034 -2.617151809641E-034  2.255228173910E-034
  9.847846711487E+001  2.228768213689E-035 -1.924030301376E-035  1.660163576835E-035
  1.016508690915E+002  1.438551840384E-036 -1.243433947677E-036  1.074301192418E-036
  1.049780104220E+002  8.094128091476E-038 -7.004957065352E-038  6.059829048434E-038
  1.084701206579E+002  3.934048152218E-039 -3.408799544429E-039  2.952536887350E-039
  1.121382888606E+002  1.635467829981E-040 -1.418791407149E-040  1.230379329354E-040
  1.159945517414E+002  5.753301569488E-042 -4.996857607428E-042  4.338423081265E-042
  1.200519925308E+002  1.692774491830E-043 -1.471875041935E-043  1.279405955971E-043
  1.243248520934E+002  4.113133085537E-045 -3.580349898306E-045  3.115685704641E-045
  1.288286540551E+002  8.140014540831E-047 -7.093291349745E-047  6.179525781932E-047
  1.335803459987E+002  1.292381740199E-048 -1.127385719483E-048  9.832131549123E-049
  1.385984591287E+002  1.619158878424E-050 -1.413903016145E-050  1.234387099904E-050
  1.439032892205E+002  1.572012535062E-052 -1.374118185630E-052  1.200884994843E-052
  1.495171021587E+002  1.159472651053E-054 -1.014509572858E-054  8.874996730560E-055
  1.554643679592E+002  6.356489691778E-057 -5.567116550146E-057  4.874907666935E-057
  1.617720278763E+002  2.528607338391E-059 -2.216672788027E-059  1.942903203572E-059
  1.684698000514E+002  7.107702965827E-062 -6.236583318056E-062  5.471411956444E-062
  1.755905301928E+002  1.370954595230E-064 -1.204004062813E-064  1.057239832660E-064
  1.831705950299E+002  1.756521968828E-067 -1.543960449364E-067  1.356952121306E-067
  1.912503678195E+002  1.441980489817E-070 -1.268557259179E-070  1.115863995848E-070
  1.998747570544E+002  7.286474591327E-074 -6.415444711604E-074  5.647951731575E-074
  2.090938318328E+002  2.167205735333E-077 -1.909671654631E-077  1.682582022026E-077
  2.189635501945E+002  3.609042947599E-081 -3.182662558434E-081  2.806415097510E-081
  2.295466102647E+002  3.181699833731E-085 -2.807944855084E-085  2.477902521521E-085
  2.409134484547E+002  1.394315397929E-089 -1.231436886738E-089  1.087508871285E-089
  2.531434144886E+002  2.829394673125E-094 -2.500676261680E-094  2.210008368575E-094
  2.663261599835E+002  2.453858640782E-099 -2.170288252481E-099  1.919378220393E-099
  2.805632861191E+002  8.305734968998E-105 -7.350910114610E-105  6.505519097144E-105
  2.959703071532E+002  9.895117024884E-111 -8.763356040809E-111  7.760685929525E-111
  3.126790009236E+002  3.688067445629E-117 -3.268332666231E-117  2.896249145400E-117
  3.308402360200E+002  3.757613938885E-124 -3.332030117675E-124  2.954540139228E-124
  3.506273893903E+002  8.962143070977E-132 -7.951875181017E-132  7.055263424393E-132
  3.722404996260E+002  4.183932586177E-140 -3.714453449838E-140  3.297560568784E-140
  3.959113426415E+002  3.107270820073E-149 -2.760155950888E-149  2.451755889254E-149
  4.219096715122E+002  2.883891626556E-159 -2.563123343512E-159  2.277983123588E-159
  4.505509359373E+002  2.522325142637E-170 -2.242949764594E-170  1.994479862934E-170
  4.822058963204E+002  1.491957508536E-182 -1.327378436352E-182  1.180934411740E-182
  5.173126831536E+002  4.032364952570E-196 -3.589301514298E-196  3.194874055581E-196
  5.563920392209E+002  3.124650029699E-211 -2.782629224399E-211  2.478014607662E-211
  6.000667421536E+002  3.975504292553E-228 -3.541947632924E-228  3.155639482261E-228
  6.490865708786E+002  4.244761484979E-247 -3.783478815847E-247  3.372293344942E-247
  7.043607010442E+002  1.685443418794E-268 -1.502908383176E-268  1.340131663497E-268
  7.670001674974E+002  9.204404138568E-293 -8.210820982188E-293  7.324443858322E-293
  8.383741345464E+002  0.000000000000E+000  0.000000000000E+000  0.000000000000E+000
  9.201853543213E+002  0.000000000000E+000  0.000000000000E+000  0.000000000000E+000
  1.014572672318E+003  0.000000000000E+000  0.000000000000E+000  0.000000000000E+000
  1.124252254996E+003  0.000000000000E+000  0.000000000000E+000  0.000000000000E+000
  1.252715205428E+003  0.000000000000E+000  0.000000000000E+000  0.000000000000E+000
  1.404508845568E+003  0.000000000000E+000  0.000000000000E+000  0.000000000000E+000
  1.585644739908E+003  0.000000000000E+000  0.000000000000E+000  0.000000000000E+000
  1.804203189488E+003  0.000000000000E+000  0.000000000000E+000  0.000000000000E+000
  2.071250249814E+003  0.000000000000E+000  0.000000000000E+000  0.000000000000E+000
  2.402266552340E+003  0.000000000000E+000  0.000000000000E+000  0.000000000000E+000
  2.819442449497E+003  0.000000000000E+000  0.000000000000E+000  0.000000000000E+000
  3.355496240167E+003  0.000000000000E+000  0.000000000000E+000  0.000000000000E+000
  4.060290442982E+003  0.000000000000E+000  0.000000000000E+000  0.000000000000E+000
  5.012860622227E+003  0.000000000000E+000  0.000000000000E+000  0.000000000000E+000
  6.344578802016E+003  0.000000000000E+000  0.000000000000E+000  0.000000000000E+000
  8.287000878586E+003  0.000000000000E+000  0.000000000000E+000  0.000000000000E+000
  1.127976970933E+004  0.000000000000E+000  0.000000000000E+000  0.000000000000E+000
  1.624316171036E+004  0.000000000000E+000  0.000000000000E+000  0.000000000000E+000
  2.538031516868E+004  0.000000000000E+000  0.000000000000E+000  0.000000000000E+000
  4.512107881524E+004  0.000000000000E+000  0.000000000000E+000  0.000000000000E+000
  1.015232606647E+005  0.000000000000E+000  0.000000000000E+000  0.000000000000E+000
  4.060950426526E+005  0.000000000000E+000  0.000000000000E+000  0.000000000000E+000
