# 1st line: number of mesh points
# abcissa wavefunction wavefunction_1st wavefunction_2nd
1000
# Principal QN=   4 , l=   0 , Occupation=   2.0000
  2.462477732966E-006  1.867692260171E+001 -7.489712556782E+002  2.655937377647E+004
  9.849959442330E-006  1.867139031492E+001 -7.487750782676E+002  2.655139387670E+004
  2.216259066178E-005  1.866217293579E+001 -7.484482425951E+002  2.653810010841E+004
  3.940061395432E-005  1.864927510952E+001 -7.479909385303E+002  2.651950156106E+004
  6.156436892224E-005  1.863270333330E+001 -7.474034315953E+002  2.649561094478E+004
  8.865429222131E-005  1.861246595018E+001 -7.466860626693E+002  2.646644457530E+004
  1.206709175794E-004  1.858857314127E+001 -7.458392476105E+002  2.643202235463E+004
  1.576148758184E-004  1.856103691618E+001 -7.448634767943E+002  2.639236774749E+004
  1.994868948811E-004  1.852987110179E+001 -7.437593145702E+002  2.634750775354E+004
  2.462877998613E-004  1.849509132930E+001 -7.425273986369E+002  2.629747287545E+004
  2.980185130383E-004  1.845671501969E+001 -7.411684393376E+002  2.624229708290E+004
  3.546800539158E-004  1.841476136743E+001 -7.396832188755E+002  2.618201777255E+004
  4.162735392647E-004  1.836925132270E+001 -7.380725904526E+002  2.611667572394E+004
  4.828001831694E-004  1.832020757187E+001 -7.363374773310E+002  2.604631505157E+004
  5.542612970792E-004  1.826765451660E+001 -7.344788718195E+002  2.597098315317E+004
  6.306582898628E-004  1.821161825122E+001 -7.324978341878E+002  2.589073065409E+004
  7.119926678676E-004  1.815212653877E+001 -7.303954915075E+002  2.580561134818E+004
  7.982660349828E-004  1.808920878552E+001 -7.281730364249E+002  2.571568213499E+004
  8.894800927067E-004  1.802289601400E+001 -7.258317258652E+002  2.562100295356E+004
  9.856366402179E-004  1.795322083481E+001 -7.233728796711E+002  2.552163671286E+004
  1.086737574451E-003  1.788021741693E+001 -7.207978791782E+002  2.541764921890E+004
  1.192784890174E-003  1.780392145683E+001 -7.181081657288E+002  2.530910909877E+004
  1.303780680078E-003  1.772437014630E+001 -7.153052391266E+002  2.519608772166E+004
  1.419727134858E-003  1.764160213908E+001 -7.123906560356E+002  2.507865911693E+004
  1.540626543307E-003  1.755565751634E+001 -7.093660283242E+002  2.495689988948E+004
  1.666481292416E-003  1.746657775105E+001 -7.062330213583E+002  2.483088913242E+004
  1.797293867468E-003  1.737440567131E+001 -7.029933522459E+002  2.470070833729E+004
  1.933066852148E-003  1.727918542266E+001 -6.996487880351E+002  2.456644130190E+004
  2.073802928647E-003  1.718096242948E+001 -6.962011438691E+002  2.442817403592E+004
  2.219504877777E-003  1.707978335547E+001 -6.926522811014E+002  2.428599466448E+004
  2.370175579090E-003  1.697569606331E+001 -6.890041053727E+002  2.413999332975E+004
  2.525818010992E-003  1.686874957356E+001 -6.852585646537E+002  2.399026209081E+004
  2.686435250879E-003  1.675899402278E+001 -6.814176472563E+002  2.383689482185E+004
  2.852030475254E-003  1.664648062110E+001 -6.774833798160E+002  2.367998710897E+004
  3.022606959872E-003  1.653126160906E+001 -6.734578252493E+002  2.351963614558E+004
  3.198168079872E-003  1.641339021401E+001 -6.693430806884E+002  2.335594062670E+004
  3.378717309917E-003  1.629292060600E+001 -6.651412753961E+002  2.318900064230E+004
  3.564258224347E-003  1.616990785322E+001 -6.608545686653E+002  2.301891756967E+004
  3.754794497325E-003  1.604440787707E+001 -6.564851477044E+002  2.284579396528E+004
  3.950329902993E-003  1.591647740703E+001 -6.520352255135E+002  2.266973345597E+004
  4.150868315631E-003  1.578617393514E+001 -6.475070387528E+002  2.249084062990E+004
  4.356413709820E-003  1.565355567040E+001 -6.429028456076E+002  2.230922092720E+004
  4.566970160612E-003  1.551868149302E+001 -6.382249236520E+002  2.212498053066E+004
  4.782541843700E-003  1.538161090859E+001 -6.334755677149E+002  2.193822625645E+004
  5.003133035593E-003  1.524240400225E+001 -6.286570877517E+002  2.174906544519E+004
  5.228748113801E-003  1.510112139290E+001 -6.237718067229E+002  2.155760585339E+004
  5.459391557015E-003  1.495782418756E+001 -6.188220584848E+002  2.136395554548E+004
  5.695067945303E-003  1.481257393583E+001 -6.138101856937E+002  2.116822278658E+004
  5.935781960296E-003  1.466543258461E+001 -6.087385377267E+002  2.097051593608E+004
  6.181538385392E-003  1.451646243305E+001 -6.036094686221E+002  2.077094334235E+004
  6.432342105956E-003  1.436572608789E+001 -5.984253350424E+002  2.056961323851E+004
  6.688198109528E-003  1.421328641910E+001 -5.931884942615E+002  2.036663363954E+004
  6.949111486034E-003  1.405920651597E+001 -5.879013021798E+002  2.016211224082E+004
  7.215087428003E-003  1.390354964370E+001 -5.825661113690E+002  1.995615631826E+004
  7.486131230784E-003  1.374637920047E+001 -5.771852691499E+002  1.974887263007E+004
  7.762248292776E-003  1.358775867510E+001 -5.717611157037E+002  1.954036732041E+004
  8.043444115654E-003  1.342775160528E+001 -5.662959822217E+002  1.933074582496E+004
  8.329724304602E-003  1.326642153651E+001 -5.607921890931E+002  1.912011277853E+004
  8.621094568555E-003  1.310383198169E+001 -5.552520441345E+002  1.890857192487E+004
  8.917560720438E-003  1.294004638142E+001 -5.496778408630E+002  1.869622602874E+004
  9.219128677417E-003  1.277512806515E+001 -5.440718568134E+002  1.848317679034E+004
  9.525804461149E-003  1.260914021299E+001 -5.384363519033E+002  1.826952476226E+004
  9.837594198038E-003  1.244214581851E+001 -5.327735668466E+002  1.805536926897E+004
  1.015450411950E-002  1.227420765230E+001 -5.270857216167E+002  1.784080832894E+004
  1.047654056222E-002  1.210538822645E+001 -5.213750139617E+002  1.762593857956E+004
  1.080370996845E-002  1.193574975995E+001 -5.156436179730E+002  1.741085520483E+004
  1.113601888623E-002  1.176535414507E+001 -5.098936827076E+002  1.719565186590E+004
  1.147347396972E-002  1.159426291463E+001 -5.041273308658E+002  1.698042063464E+004
  1.181608197948E-002  1.142253721034E+001 -4.983466575263E+002  1.676525193017E+004
  1.216384978272E-002  1.125023775207E+001 -4.925537289373E+002  1.655023445842E+004
  1.251678435364E-002  1.107742480825E+001 -4.867505813671E+002  1.633545515485E+004
  1.287489277369E-002  1.090415816715E+001 -4.809392200127E+002  1.612099913032E+004
  1.323818223191E-002  1.073049710938E+001 -4.751216179683E+002  1.590694962007E+004
  1.360666002522E-002  1.055650038134E+001 -4.692997152539E+002  1.569338793605E+004
  1.398033355872E-002  1.038222616975E+001 -4.634754179035E+002  1.548039342236E+004
  1.435921034603E-002  1.020773207728E+001 -4.576505971147E+002  1.526804341400E+004
  1.474329800963E-002  1.003307509930E+001 -4.518270884587E+002  1.505641319895E+004
  1.513260428113E-002  9.858311601563E+000 -4.460066911505E+002  1.484557598342E+004
  1.552713700165E-002  9.683497299153E+000 -4.401911673803E+002  1.463560286046E+004
  1.592690412217E-002  9.508687236377E+000 -4.343822417057E+002  1.442656278184E+004
  1.633191370382E-002  9.333935767790E+000 -4.285816005025E+002  1.421852253316E+004
  1.674217391826E-002  9.159296540274E+000 -4.227908914770E+002  1.401154671225E+004
  1.715769304806E-002  8.984822476181E+000 -4.170117232369E+002  1.380569771079E+004
  1.757847948698E-002  8.810565757532E+000 -4.112456649198E+002  1.360103569915E+004
  1.800454174044E-002  8.636577811245E+000 -4.054942458816E+002  1.339761861435E+004
  1.843588842578E-002  8.462909295412E+000 -3.997589554404E+002  1.319550215126E+004
  1.887252827273E-002  8.289610086570E+000 -3.940412426775E+002  1.299473975682E+004
  1.931447012370E-002  8.116729267987E+000 -3.883425162931E+002  1.279538262732E+004
  1.976172293425E-002  7.944315118925E+000 -3.826641445175E+002  1.259747970874E+004
  2.021429577341E-002  7.772415104864E+000 -3.770074550738E+002  1.240107769999E+004
  2.067219782411E-002  7.601075868677E+000 -3.713737351935E+002  1.220622105903E+004
  2.113543838356E-002  7.430343222727E+000 -3.657642316827E+002  1.201295201191E+004
  2.160402686371E-002  7.260262141858E+000 -3.601801510376E+002  1.182131056443E+004
  2.207797279156E-002  7.090876757278E+000 -3.546226596075E+002  1.163133451665E+004
  2.255728580967E-002  6.922230351286E+000 -3.490928838043E+002  1.144305947985E+004
  2.304197567655E-002  6.754365352830E+000 -3.435919103575E+002  1.125651889619E+004
  2.353205226706E-002  6.587323333873E+000 -3.381207866117E+002  1.107174406072E+004
  2.402752557287E-002  6.421145006530E+000 -3.326805208663E+002  1.088876414583E+004
  2.452840570292E-002  6.255870220958E+000 -3.272720827546E+002  1.070760622792E+004
  2.503470288379E-002  6.091537963965E+000 -3.218964036619E+002  1.052829531636E+004
  2.554642746023E-002  5.928186358315E+000 -3.165543771796E+002  1.035085438448E+004
  2.606358989558E-002  5.765852662690E+000 -3.112468595937E+002  1.017530440263E+004
  2.658620077221E-002  5.604573272297E+000 -3.059746704072E+002  1.000166437313E+004
  2.711427079202E-002  5.444383720069E+000 -3.007385928925E+002  9.829951367063E+003
  2.764781077690E-002  5.285318678446E+000 -2.955393746735E+002  9.660180562768E+003
  2.818683166921E-002  5.127411961703E+000 -2.903777283348E+002  9.492365285994E+003
  2.873134453224E-002  4.970696528788E+000 -2.852543320565E+002  9.326517051545E+003
  2.928136055074E-002  4.815204486649E+000 -2.801698302727E+002  9.162645606370E+003
  2.983689103139E-002  4.660967094013E+000 -2.751248343505E+002  9.000758973962E+003
  3.039794740329E-002  4.508014765591E+000 -2.701199232906E+002  8.840863499979E+003
  3.096454121851E-002  4.356377076681E+000 -2.651556444438E+002  8.682963898977E+003
  3.153668415253E-002  4.206082768135E+000 -2.602325142448E+002  8.527063302158E+003
  3.211438800486E-002  4.057159751664E+000 -2.553510189598E+002  8.373163306022E+003
  3.269766469947E-002  3.909635115450E+000 -2.505116154457E+002  8.221264021831E+003
  3.328652628537E-002  3.763535130047E+000 -2.457147319206E+002  8.071364125769E+003
  3.388098493714E-002  3.618885254530E+000 -2.409607687422E+002  7.923460909715E+003
  3.448105295547E-002  3.475710142867E+000 -2.362500991936E+002  7.777550332512E+003
  3.508674276771E-002  3.334033650505E+000 -2.315830702738E+002  7.633627071642E+003
  3.569806692844E-002  3.193878841122E+000 -2.269600034917E+002  7.491684575210E+003
  3.631503812000E-002  3.055267993531E+000 -2.223811956621E+002  7.351715114133E+003
  3.693766915309E-002  2.918222608717E+000 -2.178469197010E+002  7.213709834452E+003
  3.756597296732E-002  2.782763416978E+000 -2.133574254206E+002  7.077658809660E+003
  3.819996263183E-002  2.648910385143E+000 -2.089129403201E+002  6.943551092971E+003
  3.883965134583E-002  2.516682723856E+000 -2.045136703725E+002  6.811374769424E+003
  3.948505243923E-002  2.386098894910E+000 -2.001598008059E+002  6.681117007751E+003
  4.013617937323E-002  2.257176618586E+000 -1.958514968764E+002  6.552764111918E+003
  4.079304574093E-002  2.129932881015E+000 -1.915889046329E+002  6.426301572259E+003
  4.145566526792E-002  2.004383941516E+000 -1.873721516724E+002  6.301714116123E+003
  4.212405181296E-002  1.880545339914E+000 -1.832013478832E+002  6.178985757959E+003
  4.279821936853E-002  1.758431903809E+000 -1.790765861765E+002  6.058099848767E+003
  4.347818206155E-002  1.638057755792E+000 -1.749979432040E+002  5.939039124846E+003
  4.416395415396E-002  1.519436320593E+000 -1.709654800619E+002  5.821785755765E+003
  4.485555004336E-002  1.402580332150E+000 -1.669792429783E+002  5.706321391505E+003
  4.555298426375E-002  1.287501840575E+000 -1.630392639856E+002  5.592627208694E+003
  4.625627148608E-002  1.174212219042E+000 -1.591455615748E+002  5.480683955901E+003
  4.696542651902E-002  1.062722170545E+000 -1.552981413323E+002  5.370471997909E+003
  4.768046430958E-002  9.530417345539E-001 -1.514969965577E+002  5.261971358938E+003
  4.840139994379E-002  8.451802935463E-001 -1.477421088634E+002  5.155161764752E+003
  4.912824864743E-002  7.391465794112E-001 -1.440334487528E+002  5.050022683624E+003
  4.986102578670E-002  6.349486797250E-001 -1.403709761796E+002  4.946533366105E+003
  5.059974686895E-002  5.325940438941E-001 -1.367546410854E+002  4.844672883561E+003
  5.134442754336E-002  4.320894891638E-001 -1.331843839169E+002  4.744420165451E+003
  5.209508360169E-002  3.334412064919E-001 -1.296601361209E+002  4.645754035311E+003
  5.285173097899E-002  2.366547662872E-001 -1.261818206183E+002  4.548653245418E+003
  5.361438575437E-002  1.417351240152E-001 -1.227493522559E+002  4.453096510111E+003
  5.438306415168E-002  4.868662567154E-002 -1.193626382361E+002  4.359062537740E+003
  5.515778254035E-002 -4.248698687255E-002 -1.160215785250E+002  4.266530061249E+003
  5.593855743605E-002 -1.317825706498E-001 -1.127260662380E+002  4.175477867351E+003
  5.672540550155E-002 -2.191975764963E-001 -1.094759880038E+002  4.085884824305E+003
  5.751834354743E-002 -3.047300440661E-001 -1.062712243061E+002  3.997729908280E+003
  5.831738853289E-002 -3.883785969539E-001 -1.031116498043E+002  3.910992228304E+003
  5.912255756656E-002 -4.701424379200E-001 -9.999713363167E+001  3.825651049796E+003
  5.993386790726E-002 -5.500213442095E-001 -9.692753967371E+001  3.741685816681E+003
  6.075133696481E-002 -6.280156629579E-001 -9.390272682433E+001  3.659076172103E+003
  6.157498230090E-002 -7.041263066749E-001 -9.092254922232E+001  3.577801977727E+003
  6.240482162984E-002 -7.783547487971E-001 -8.798685646748E+001  3.497843331660E+003
  6.324087281946E-002 -8.507030192991E-001 -8.509549381713E+001  3.419180584991E+003
  6.408315389190E-002 -9.211737003558E-001 -8.224830236351E+001  3.341794356966E+003
  6.493168302447E-002 -9.897699220421E-001 -7.944511919259E+001  3.265665548824E+003
  6.578647855056E-002 -1.056495358063E+000 -7.668577752482E+001  3.190775356318E+003
  6.664755896041E-002 -1.121354221498E+000 -7.397010683847E+001  3.117105280922E+003
  6.751494290207E-002 -1.184351260561E+000 -7.129793297623E+001  3.044637139777E+003
  6.838864918226E-002 -1.245491754341E+000 -6.866907823559E+001  2.973353074386E+003
  6.926869676725E-002 -1.304781508546E+000 -6.608336144388E+001  2.903235558095E+003
  7.015510478375E-002 -1.362226851200E+000 -6.354059801849E+001  2.834267402381E+003
  7.104789251987E-002 -1.417834628319E+000 -6.104060001317E+001  2.766431761996E+003
  7.194707942599E-002 -1.471612199527E+000 -5.858317615103E+001  2.699712138987E+003
  7.285268511573E-002 -1.523567433612E+000 -5.616813184509E+001  2.634092385632E+003
  7.376472936684E-002 -1.573708704016E+000 -5.379526920707E+001  2.569556706334E+003
  7.468323212221E-002 -1.622044884234E+000 -5.146438704538E+001  2.506089658503E+003
  7.560821349078E-002 -1.668585343126E+000 -4.917528085283E+001  2.443676152473E+003
  7.653969374850E-002 -1.713339940117E+000 -4.692774278512E+001  2.382301450489E+003
  7.747769333938E-002 -1.756319020293E+000 -4.472156163082E+001  2.321951164810E+003
  7.842223287637E-002 -1.797533409362E+000 -4.255652277360E+001  2.262611254964E+003
  7.937333314243E-002 -1.836994408486E+000 -4.043240814753E+001  2.204268024202E+003
  8.033101509154E-002 -1.874713788973E+000 -3.834899618635E+001  2.146908115194E+003
  8.129529984966E-002 -1.910703786807E+000 -3.630606176736E+001  2.090518505009E+003
  8.226620871580E-002 -1.944977097031E+000 -3.430337615082E+001  2.035086499421E+003
  8.324376316303E-002 -1.977546867952E+000 -3.234070691554E+001  1.980599726589E+003
  8.422798483957E-002 -2.008426695173E+000 -3.041781789159E+001  1.927046130152E+003
  8.521889556978E-002 -2.037630615448E+000 -2.853446909066E+001  1.874413961784E+003
  8.621651735528E-002 -2.065173100342E+000 -2.669041663494E+001  1.822691773250E+003
  8.722087237602E-002 -2.091069049704E+000 -2.488541268529E+001  1.771868408012E+003
  8.823198299134E-002 -2.115333784934E+000 -2.311920536920E+001  1.721932992420E+003
  8.924987174107E-002 -2.137983042057E+000 -2.139153870943E+001  1.672874926538E+003
  9.027456134670E-002 -2.159032964579E+000 -1.970215255379E+001  1.624683874645E+003
  9.130607471240E-002 -2.178500096145E+000 -1.805078250692E+001  1.577349755446E+003
  9.234443492626E-002 -2.196401372972E+000 -1.643715986440E+001  1.530862732044E+003
  9.338966526132E-002 -2.212754116082E+000 -1.486101154999E+001  1.485213201704E+003
  9.444178917683E-002 -2.227576023309E+000 -1.332206005648E+001  1.440391785454E+003
  9.550083031933E-002 -2.240885161097E+000 -1.182002339065E+001  1.396389317556E+003
  9.656681252387E-002 -2.252699956081E+000 -1.035461502282E+001  1.353196834886E+003
  9.763975981519E-002 -2.263039186449E+000 -8.925543841535E+000  1.310805566262E+003
  9.871969640891E-002 -2.271921973105E+000 -7.532514113782E+000  1.269206921749E+003
  9.980664671274E-002 -2.279367770604E+000 -6.175225451078E+000  1.228392481974E+003
  1.009006353277E-001 -2.285396357892E+000 -4.853372781909E+000  1.188353987493E+003
  1.020016870494E-001 -2.290027828841E+000 -3.566646330797E+000  1.149083328232E+003
  1.031098268692E-001 -2.293282582574E+000 -2.314731604309E+000  1.110572533028E+003
  1.042250799756E-001 -2.295181313610E+000 -1.097309384311E+000  1.072813759311E+003
  1.053474717553E-001 -2.295745001809E+000  8.594427131495E-002  1.035799282943E+003
  1.064770277946E-001 -2.294994902135E+000  1.235358020265E+000  9.995214882479E+002
  1.076137738809E-001 -2.292952534244E+000  2.351265219536E+000  9.639728582412E+002
  1.087577360036E-001 -2.289639671900E+000  3.434003901131E+000  9.291459651043E+002
  1.099089403557E-001 -2.285078332233E+000  4.483916739636E+000  8.950334609049E+002
  1.110674133350E-001 -2.279290764834E+000  5.501351011568E+000  8.616280685925E+002
  1.122331815458E-001 -2.272299440712E+000  6.486658546444E+000  8.289225732854E+002
  1.134062717995E-001 -2.264127041112E+000  7.440195669555E+000  7.969098138647E+002
  1.145867111168E-001 -2.254796446201E+000  8.362323136429E+000  7.655826748919E+002
  1.157745267286E-001 -2.244330723645E+000  9.253406059029E+000  7.349340788612E+002
  1.169697460775E-001 -2.232753117073E+000  1.011381382374E+001  7.049569788023E+002
  1.181723968193E-001 -2.220087034442E+000  1.094392000126E+001  6.756443512403E+002
  1.193825068243E-001 -2.206356036323E+000  1.174410224840E+001  6.469891895250E+002
  1.206001041787E-001 -2.191583824107E+000  1.251474220214E+001  6.189844975360E+002
  1.218252171865E-001 -2.175794228149E+000  1.325622536586E+001  5.916232837698E+002
  1.230578743703E-001 -2.159011195857E+000  1.396894098812E+001  5.648985558154E+002
  1.242981044731E-001 -2.141258779751E+000  1.465328193409E+001  5.388033152197E+002
  1.255459364600E-001 -2.122561125481E+000  1.530964454991E+001  5.133305527481E+002
  1.268013995194E-001 -2.102942459835E+000  1.593842852022E+001  4.884732440388E+002
  1.280645230647E-001 -2.082427078747E+000  1.654003671908E+001  4.642243456521E+002
  1.293353367356E-001 -2.061039335302E+000  1.711487505468E+001  4.405767915137E+002
  1.306138704000E-001 -2.038803627774E+000  1.766335230795E+001  4.175234897483E+002
  1.319001541553E-001 -2.015744387690E+000  1.818587996566E+001  3.950573199016E+002
  1.331942183303E-001 -1.991886067935E+000  1.868287204799E+001  3.731711305453E+002
  1.344960934863E-001 -1.967253130925E+000  1.915474493128E+001  3.518577372589E+002
  1.358058104191E-001 -1.941870036838E+000  1.960191716598E+001  3.311099209841E+002
  1.371234001607E-001 -1.915761231930E+000  2.002480929043E+001  3.109204267417E+002
  1.384488939805E-001 -1.888951136946E+000  2.042384364066E+001  2.912819627050E+002
  1.397823233874E-001 -1.861464135631E+000  2.079944415666E+001  2.721871996188E+002
  1.411237201313E-001 -1.833324563358E+000  2.115203618551E+001  2.536287705564E+002
  1.424731162050E-001 -1.804556695881E+000  2.148204628170E+001  2.355992710019E+002
  1.438305438454E-001 -1.775184738229E+000  2.178990200513E+001  2.180912592484E+002
  1.451960355357E-001 -1.745232813743E+000  2.207603171708E+001  2.010972571000E+002
  1.465696240072E-001 -1.714724953275E+000  2.234086437458E+001  1.846097508645E+002
  1.479513422405E-001 -1.683685084550E+000  2.258482932358E+001  1.686211926260E+002
  1.493412234681E-001 -1.652137021713E+000  2.280835609134E+001  1.531240017824E+002
  1.507393011753E-001 -1.620104455056E+000  2.301187417839E+001  1.381105668353E+002
  1.521456091027E-001 -1.587610940941E+000  2.319581285038E+001  1.235732474191E+002
  1.535601812478E-001 -1.554679891931E+000  2.336060093035E+001  1.095043765541E+002
  1.549830518669E-001 -1.521334567131E+000  2.350666659168E+001  9.589626310974E+001
  1.564142554766E-001 -1.487598062747E+000  2.363443715214E+001  8.274119446434E+001
  1.578538268564E-001 -1.453493302871E+000  2.374433886932E+001  7.003143934595E+001
  1.593018010499E-001 -1.419043030503E+000  2.383679673794E+001  5.775925083996E+001
  1.607582133673E-001 -1.384269798810E+000  2.391223428918E+001  4.591686954914E+001
  1.622230993867E-001 -1.349195962630E+000  2.397107339257E+001  3.449652689128E+001
  1.636964949568E-001 -1.313843670224E+000  2.401373406059E+001  2.349044852004E+001
  1.651784361984E-001 -1.278234855292E+000  2.404063425638E+001  1.289085785456E+001
  1.666689595063E-001 -1.242391229237E+000  2.405218970487E+001  2.689979703622E+000
  1.681681015517E-001 -1.206334273703E+000  2.404881370746E+001 -7.119956029666E+000
  1.696758992842E-001 -1.170085233369E+000  2.403091696077E+001 -1.654671057662E+001
  1.711923899335E-001 -1.133665109023E+000  2.399890737952E+001 -2.559803247862E+001
  1.727176110118E-001 -1.097094650901E+000  2.395318992377E+001 -3.428165372299E+001
  1.742516003158E-001 -1.060394352302E+000  2.389416643095E+001 -4.260528585208E+001
  1.757943959287E-001 -1.023584443477E+000  2.382223545268E+001 -5.057661605822E+001
  1.773460362227E-001 -9.866848857995E-001  2.373779209663E+001 -5.820330327671E+001
  1.789065598608E-001 -9.497153662020E-001  2.364122787367E+001 -6.549297428882E+001
  1.804760057990E-001 -9.126952919006E-001  2.353293055043E+001 -7.245321984606E+001
  1.820544132889E-001 -8.756437853884E-001  2.341328400741E+001 -7.909159082692E+001
  1.836418218792E-001 -8.385796797069E-001  2.328266810274E+001 -8.541559443649E+001
  1.852382714189E-001 -8.015215139913E-001  2.314145854186E+001 -9.143269045897E+001
  1.868438020586E-001 -7.644875292878E-001  2.299002675296E+001 -9.715028757281E+001
  1.884584542535E-001 -7.274956646416E-001  2.282873976858E+001 -1.025757397373E+002
  1.900822687655E-001 -6.905635534524E-001  2.265796011319E+001 -1.077163426596E+002
  1.917152866652E-001 -6.537085200955E-001  2.247804569688E+001 -1.125793303494E+002
  1.933575493349E-001 -6.169475768036E-001  2.228934971531E+001 -1.171718717699E+002
  1.950090984705E-001 -5.802974208081E-001  2.209222055581E+001 -1.215010675910E+002
  1.966699760840E-001 -5.437744317341E-001  2.188700170965E+001 -1.255739470517E+002
  1.983402245061E-001 -5.073946692460E-001  2.167403169057E+001 -1.293974649374E+002
  2.000198863884E-001 -4.711738709384E-001  2.145364395952E+001 -1.329784986781E+002
  2.017090047061E-001 -4.351274504690E-001  2.122616685550E+001 -1.363238455709E+002
  2.034076227605E-001 -3.992704959272E-001  2.099192353257E+001 -1.394402201326E+002
  2.051157841813E-001 -3.636177684335E-001  2.075123190291E+001 -1.423342515854E+002
  2.068335329293E-001 -3.281837009647E-001  2.050440458591E+001 -1.450124814796E+002
  2.085609132993E-001 -2.929823973995E-001  2.025174886312E+001 -1.474813614544E+002
  2.102979699219E-001 -2.580276317775E-001  1.999356663911E+001 -1.497472511420E+002
  2.120447477670E-001 -2.233328477677E-001  1.973015440802E+001 -1.518164162133E+002
  2.138012921459E-001 -1.889111583377E-001  1.946180322576E+001 -1.536950265696E+002
  2.155676487143E-001 -1.547753456210E-001  1.918879868770E+001 -1.553891546789E+002
  2.173438634747E-001 -1.209378609722E-001  1.891142091178E+001 -1.569047740587E+002
  2.191299827795E-001 -8.741082520715E-002  1.862994452684E+001 -1.582477579040E+002
  2.209260533334E-001 -5.420602901952E-002  1.834463866603E+001 -1.594238778611E+002
  2.227321221965E-001 -2.133493356815E-002  1.805576696528E+001 -1.604388029457E+002
  2.245482367870E-001  1.119132877130E-002  1.776358756645E+001 -1.612980986041E+002
  2.263744448840E-001  4.336195349701E-002  1.746835312521E+001 -1.620072259165E+002
  2.282107946304E-001  7.516646292051E-002  1.717031082334E+001 -1.625715409394E+002
  2.300573345358E-001  1.065947049612E-001  1.686970238541E+001 -1.629962941857E+002
  2.319141134796E-001  1.376368518028E-001  1.656676409950E+001 -1.632866302391E+002
  2.337811807137E-001  1.682833984171E-001  1.626172684196E+001 -1.634475875013E+002
  2.356585858657E-001  1.985251609627E-001  1.595481610589E+001 -1.634840980669E+002
  2.375463789419E-001  2.283532750636E-001  1.564625203326E+001 -1.634009877240E+002
  2.394446103301E-001  2.577591939745E-001  1.533624945040E+001 -1.632029760768E+002
  2.413533308032E-001  2.867346866387E-001  1.502501790674E+001 -1.628946767853E+002
  2.432725915217E-001  3.152718356439E-001  1.471276171661E+001 -1.624805979192E+002
  2.452024440374E-001  3.433630350826E-001  1.439968000387E+001 -1.619651424217E+002
  2.471429402963E-001  3.710009883215E-001  1.408596674923E+001 -1.613526086772E+002
  2.490941326418E-001  3.981787056871E-001  1.377181084010E+001 -1.606471911813E+002
  2.510560738180E-001  4.248895020701E-001  1.345739612265E+001 -1.598529813056E+002
  2.530288169732E-001  4.511269944566E-001  1.314290145616E+001 -1.589739681546E+002
  2.550124156627E-001  4.768850993893E-001  1.282850076919E+001 -1.580140395087E+002
  2.570069238527E-001  5.021580303628E-001  1.251436311762E+001 -1.569769828492E+002
  2.590123959233E-001  5.269402951606E-001  1.220065274428E+001 -1.558664864604E+002
  2.610288866721E-001  5.512266931339E-001  1.188752914005E+001 -1.546861406027E+002
  2.630564513176E-001  5.750123124305E-001  1.157514710619E+001 -1.534394387540E+002
  2.650951455027E-001  5.982925271745E-001  1.126365681791E+001 -1.521297789125E+002
  2.671450252982E-001  6.210629946024E-001  1.095320388882E+001 -1.507604649564E+002
  2.692061472063E-001  6.433196521592E-001  1.064392943629E+001 -1.493347080571E+002
  2.712785681644E-001  6.650587145562E-001  1.033597014741E+001 -1.478556281388E+002
  2.733623455485E-001  6.862766707958E-001  1.002945834559E+001 -1.463262553819E+002
  2.754575371771E-001  7.069702811649E-001  9.724522057554E+000 -1.447495317640E+002
  2.775642013146E-001  7.271365741993E-001  9.421285080581E+000 -1.431283126349E+002
  2.796823966754E-001  7.467728436237E-001  9.119867049992E+000 -1.414653683207E+002
  2.818121824272E-001  7.658766452667E-001  8.820383506647E+000 -1.397633857522E+002
  2.839536181956E-001  7.844457939556E-001  8.522945964411E+000 -1.380249701151E+002
  2.861067640671E-001  8.024783603913E-001  8.227661977468E+000 -1.362526465150E+002
  2.882716805935E-001  8.199726680058E-001  7.934635207388E+000 -1.344488616562E+002
  2.904484287958E-001  8.369272898037E-001  7.643965489852E+000 -1.326159855285E+002
  2.926370701682E-001  8.533410451889E-001  7.355748900972E+000 -1.307563130989E+002
  2.948376666818E-001  8.692129967785E-001  7.070077823093E+000 -1.288720660046E+002
  2.970502807892E-001  8.845424472035E-001  6.787041010050E+000 -1.269653942447E+002
  2.992749754281E-001  8.993289358990E-001  6.506723651772E+000 -1.250383778650E+002
  3.015118140259E-001  9.135722358836E-001  6.229207438208E+000 -1.230930286367E+002
  3.037608605035E-001  9.272723505284E-001  5.954570622503E+000 -1.211312917217E+002
  3.060221792797E-001  9.404295103171E-001  5.682888083386E+000 -1.191550473251E+002
  3.082958352758E-001  9.530441695964E-001  5.414231386718E+000 -1.171661123316E+002
  3.105818939192E-001  9.651170033182E-001  5.148668846184E+000 -1.151662419213E+002
  3.128804211487E-001  9.766489037727E-001  4.886265583075E+000 -1.131571311662E+002
  3.151914834180E-001  9.876409773123E-001  4.627083585154E+000 -1.111404166025E+002
  3.175151477009E-001  9.980945410677E-001  4.371181764578E+000 -1.091176777777E+002
  3.198514814953E-001  1.008011119654E+000  4.118616014862E+000 -1.070904387719E+002
  3.222005528283E-001  1.017392441870E+000  3.869439266875E+000 -1.050601696897E+002
  3.245624302601E-001  1.026240437382E+000  3.623701543862E+000 -1.030282881227E+002
  3.269371828894E-001  1.034557233408E+000  3.381450015500E+000 -1.009961605819E+002
  3.293248803576E-001  1.042345151381E+000  3.142729050970E+000 -9.896510389679E+001
  3.317255928537E-001  1.049606703607E+000  2.907580271075E+000 -9.693638658230E+001
  3.341393911192E-001  1.056344589915E+000  2.676042599404E+000 -9.491123017212E+001
  3.365663464529E-001  1.062561694285E+000  2.448152312550E+000 -9.289081051746E+001
  3.390065307159E-001  1.068261081478E+000  2.223943089411E+000 -9.087625905108E+001
  3.414600163363E-001  1.073445993641E+000  2.003446059589E+000 -8.886866401636E+001
  3.439268763145E-001  1.078119846903E+000  1.786689850908E+000 -8.686907166083E+001
  3.464071842282E-001  1.082286227962E+000  1.573700636077E+000 -8.487848739448E+001
  3.489010142374E-001  1.085948890650E+000  1.364502178530E+000 -8.289787691249E+001
  3.514084410898E-001  1.089111752489E+000  1.159115877468E+000 -8.092816728280E+001
  3.539295401259E-001  1.091778891231E+000  9.575608121327E-001 -7.897024799864E+001
  3.564643872842E-001  1.093954541376E+000  7.598537853512E-001 -7.702497199631E+001
  3.590130591069E-001  1.095643090688E+000  5.660093663816E-001 -7.509315663885E+001
  3.615756327448E-001  1.096849076678E+000  3.760399330944E-001 -7.317558466581E+001
  3.641521859632E-001  1.097577183084E+000  1.899557135279E-001 -7.127300511009E+001
  3.667427971473E-001  1.097832236328E+000  7.764826852471E-003 -6.938613418218E+001
  3.693475453076E-001  1.097619201957E+000 -1.705266762174E-001 -6.751565612282E+001
  3.719665100860E-001  1.096943181067E+000 -3.449147735271E-001 -6.566222402472E+001
  3.745997717609E-001  1.095809406709E+000 -5.153974320644E-001 -6.382646062431E+001
  3.772474112534E-001  1.094223240286E+000 -6.819745689822E-001 -6.200895906436E+001
  3.799095101331E-001  1.092190167919E+000 -8.446480130257E-001 -6.021028362848E+001
  3.825861506238E-001  1.089715796809E+000 -1.003421466327E+000 -5.843097044853E+001
  3.852774156096E-001  1.086805851579E+000 -1.158300466532E+000 -5.667152818586E+001
  3.879833886411E-001  1.083466170596E+000 -1.309292349221E+000 -5.493243868755E+001
  3.907041539409E-001  1.079702702287E+000 -1.456406210598E+000 -5.321415761874E+001
  3.934397964105E-001  1.075521501429E+000 -1.599652870402E+000 -5.151711507202E+001
  3.961904016361E-001  1.070928725437E+000 -1.739044835025E+000 -4.984171615515E+001
  3.989560558949E-001  1.065930630628E+000 -1.874596260789E+000 -4.818834155810E+001
  4.017368461617E-001  1.060533568480E+000 -2.006322917368E+000 -4.655734810063E+001
  4.045328601149E-001  1.054743981876E+000 -2.134242151322E+000 -4.494906926148E+001
  4.073441861437E-001  1.048568401340E+000 -2.258372849709E+000 -4.336381569022E+001
  4.101709133538E-001  1.042013441262E+000 -2.378735403771E+000 -4.180187570301E+001
  4.130131315750E-001  1.035085796116E+000 -2.495351672647E+000 -4.026351576323E+001
  4.158709313670E-001  1.027792236670E+000 -2.608244947119E+000 -3.874898094806E+001
  4.187444040269E-001  1.020139606193E+000 -2.717439913342E+000 -3.725849540215E+001
  4.216336415958E-001  1.012134816656E+000 -2.822962616576E+000 -3.579226277928E+001
  4.245387368658E-001  1.003784844933E+000 -2.924840424876E+000 -3.435046667309E+001
  4.274597833869E-001  9.950967289975E-001 -3.023101992745E+000 -3.293327103779E+001
  4.303968754741E-001  9.860775641236E-001 -3.117777224728E+000 -3.154082059986E+001
  4.333501082151E-001  9.767344990896E-001 -3.208897238955E+000 -3.017324126156E+001
  4.363195774768E-001  9.670747323844E-001 -3.296494330602E+000 -2.883064049710E+001
  4.393053799131E-001  9.571055084217E-001 -3.380601935291E+000 -2.751310774243E+001
  4.423076129724E-001  9.468341137618E-001 -3.461254592409E+000 -2.622071477927E+001
  4.453263749047E-001  9.362678733450E-001 -3.538487908352E+000 -2.495351611418E+001
  4.483617647698E-001  9.254141467364E-001 -3.612338519697E+000 -2.371154935348E+001
  4.514138824444E-001  9.142803243860E-001 -3.682844056296E+000 -2.249483557446E+001
  4.544828286302E-001  9.028738239049E-001 -3.750043104317E+000 -2.130337969376E+001
  4.575687048617E-001  8.912020863609E-001 -3.813975169209E+000 -2.013717083322E+001
  4.606716135142E-001  8.792725725949E-001 -3.874680638634E+000 -1.899618268396E+001
  4.637916578118E-001  8.670927595605E-001 -3.932200745345E+000 -1.788037386904E+001
  4.669289418353E-001  8.546701366894E-001 -3.986577530042E+000 -1.678968830519E+001
  4.700835705309E-001  8.420122022841E-001 -4.037853804215E+000 -1.572405556396E+001
  4.732556497182E-001  8.291264599411E-001 -4.086073112986E+000 -1.468339123274E+001
  4.764452860985E-001  8.160204150058E-001 -4.131279697961E+000 -1.366759727582E+001
  4.796525872639E-001  8.027015710626E-001 -4.173518460130E+000 -1.267656239591E+001
  4.828776617050E-001  7.891774264608E-001 -4.212834922808E+000 -1.171016239621E+001
  4.861206188205E-001  7.754554708805E-001 -4.249275194654E+000 -1.076826054333E+001
  4.893815689254E-001  7.615431819389E-001 -4.282885932786E+000 -9.850707931094E+000
  4.926606232602E-001  7.474480218404E-001 -4.313714306013E+000 -8.957343845462E+000
  4.959578939999E-001  7.331774340720E-001 -4.341807958198E+000 -8.087996130520E+000
  4.992734942630E-001  7.187388401467E-001 -4.367214971797E+000 -7.242481555661E+000
  5.026075381207E-001  7.041396363959E-001 -4.389983831577E+000 -6.420606183916E+000
  5.059601406064E-001  6.893871908149E-001 -4.410163388548E+000 -5.622165741422E+000
  5.093314177250E-001  6.744888399606E-001 -4.427802824134E+000 -4.846945987946E+000
  5.127214864626E-001  6.594518859060E-001 -4.442951614608E+000 -4.094723088391E+000
  5.161304647959E-001  6.442835932522E-001 -4.455659495818E+000 -3.365263985161E+000
  5.195584717022E-001  6.289911861995E-001 -4.465976428224E+000 -2.658326771225E+000
  5.230056271692E-001  6.135818456800E-001 -4.473952562288E+000 -1.973661063726E+000
  5.264720522050E-001  5.980627065526E-001 -4.479638204224E+000 -1.311008377930E+000
  5.299578688483E-001  5.824408548634E-001 -4.483083782149E+000 -6.701025013087E-001
  5.334632001783E-001  5.667233251713E-001 -4.484339812656E+000 -5.066986751036E-002
  5.369881703256E-001  5.509170979417E-001 -4.483456867834E+000  5.475700700213E-001
  5.405329044823E-001  5.350290970087E-001 -4.480485542765E+000  1.124904465055E+000
  5.440975289128E-001  5.190661871076E-001 -4.475476423518E+000  1.681626706488E+000
  5.476821709641E-001  5.030351714795E-001 -4.468480055672E+000  2.218036047458E+000
  5.512869590774E-001  4.869427895472E-001 -4.459546913381E+000  2.734437235969E+000
  5.549120227985E-001  4.707957146657E-001 -4.448727369023E+000  3.231140147328E+000
  5.585574927889E-001  4.546005519469E-001 -4.436071663434E+000  3.708459418729E+000
  5.622235008375E-001  4.383638361596E-001 -4.421629876769E+000  4.166714086302E+000
  5.659101798716E-001  4.220920297055E-001 -4.405451900000E+000  4.606227224960E+000
  5.696176639685E-001  4.057915206725E-001 -4.387587407074E+000  5.027325591376E+000
  5.733460883672E-001  3.894686209644E-001 -4.368085827755E+000  5.430339270437E+000
  5.770955894803E-001  3.731295645096E-001 -4.346996321164E+000  5.815601325480E+000
  5.808663049055E-001  3.567805055465E-001 -4.324367750036E+000  6.183447452685E+000
  5.846583734383E-001  3.404275169888E-001 -4.300248655714E+000  6.534215639908E+000
  5.884719350837E-001  3.240765888677E-001 -4.274687233888E+000  6.868245830321E+000
  5.923071310690E-001  3.077336268541E-001 -4.247731311106E+000  7.185879591146E+000
  5.961641038558E-001  2.914044508589E-001 -4.219428322057E+000  7.487459787820E+000
  6.000429971532E-001  2.750947937109E-001 -4.189825287646E+000  7.773330263876E+000
  6.039439559304E-001  2.588102999144E-001 -4.158968793874E+000  8.043835526853E+000
  6.078671264295E-001  2.425565244832E-001 -4.126904971521E+000  8.299320440513E+000
  6.118126561791E-001  2.263389318527E-001 -4.093679476656E+000  8.540129923639E+000
  6.157806940069E-001  2.101628948690E-001 -4.059337471971E+000  8.766608655680E+000
  6.197713900541E-001  1.940336938539E-001 -4.023923608949E+000  8.979100789504E+000
  6.237848957880E-001  1.779565157457E-001 -3.987482010865E+000  9.177949671479E+000
  6.278213640166E-001  1.619364533148E-001 -3.950056256634E+000  9.363497569125E+000
  6.318809489022E-001  1.459785044528E-001 -3.911689365497E+000  9.536085406539E+000
  6.359638059756E-001  1.300875715354E-001 -3.872423782555E+000  9.696052507789E+000
  6.400700921502E-001  1.142684608563E-001 -3.832301365144E+000  9.843736348465E+000
  6.441999657370E-001  9.852588213267E-002 -3.791363370052E+000  9.979472315540E+000
  6.483535864586E-001  8.286444807970E-002 -3.749650441575E+000  1.010359347571E+001
  6.525311154647E-001  6.728867405395E-002 -3.707202600409E+000  1.021643035231E+001
  6.567327153465E-001  5.180297776349E-002 -3.664059233370E+000  1.031831071101E+001
  6.609585501525E-001  3.641167904379E-002 -3.620259083939E+000  1.040955935422E+001
  6.652087854034E-001  2.111899969795E-002 -3.575840243622E+000  1.049049792454E+001
  6.694835881080E-001  5.929063399470E-003 -3.530840144114E+000  1.056144471704E+001
  6.737831267789E-001 -9.154104343664E-003 -3.485295550267E+000  1.062271450068E+001
  6.781075714485E-001 -2.412657616537E-002 -3.439242553835E+000  1.067461834874E+001
  6.824570936852E-001 -3.898452275998E-002 -3.392716568001E+000  1.071746347827E+001
  6.868318666096E-001 -5.372421274444E-002 -3.345752322666E+000  1.075155309874E+001
  6.912320649114E-001 -6.834201246615E-002 -3.298383860474E+000  1.077718626968E+001
  6.956578648660E-001 -8.283438575795E-002 -3.250644533590E+000  1.079465776734E+001
  7.001094443516E-001 -9.719789364222E-002 -3.202567001176E+000  1.080425796042E+001
  7.045869828664E-001 -1.114291939860E-001 -3.154183227584E+000  1.080627269464E+001
  7.090906615461E-001 -1.255250411085E-001 -3.105524481223E+000  1.080098318628E+001
  7.136206631812E-001 -1.394822853437E-001 -3.056621334097E+000  1.078866592441E+001
  7.181771722357E-001 -1.532978725590E-001 -3.007503661994E+000  1.076959258180E+001
  7.227603748644E-001 -1.669688436327E-001 -2.958200645297E+000  1.074402993445E+001
  7.273704589315E-001 -1.804923338911E-001 -2.908740770414E+000  1.071223978949E+001
  7.320076140295E-001 -1.938655725082E-001 -2.859151831789E+000  1.067447892139E+001
  7.366720314977E-001 -2.070858818696E-001 -2.809460934485E+000  1.063099901633E+001
  7.413639044413E-001 -2.201506769023E-001 -2.759694497321E+000  1.058204662454E+001
  7.460834277508E-001 -2.330574643715E-001 -2.709878256527E+000  1.052786312042E+001
  7.508307981215E-001 -2.458038421485E-001 -2.660037269909E+000  1.046868467032E+001
  7.556062140732E-001 -2.583874984495E-001 -2.610195921497E+000  1.040474220777E+001
  7.604098759705E-001 -2.708062110471E-001 -2.560377926652E+000  1.033626141589E+001
  7.652419860431E-001 -2.830578464586E-001 -2.510606337615E+000  1.026346271689E+001
  7.701027484060E-001 -2.951403591101E-001 -2.460903549472E+000  1.018656126830E+001
  7.749923690810E-001 -3.070517904794E-001 -2.411291306509E+000  1.010576696591E+001
  7.799110560171E-001 -3.187902682208E-001 -2.361790708947E+000  1.002128445295E+001
  7.848590191124E-001 -3.303540052698E-001 -2.312422220015E+000  9.933313135501E+000
  7.898364702358E-001 -3.417412989344E-001 -2.263205673363E+000  9.842047203717E+000
  7.948436232486E-001 -3.529505299693E-001 -2.214160280769E+000  9.747675658774E+000
  7.998806940270E-001 -3.639801616394E-001 -2.165304640133E+000  9.650382345177E+000
  8.049479004846E-001 -3.748287387702E-001 -2.116656743733E+000  9.550345988245E+000
  8.100454625952E-001 -3.854948867896E-001 -2.068233986719E+000  9.447740236504E+000
  8.151736024160E-001 -3.959773107607E-001 -2.020053175824E+000  9.342733708741E+000
  8.203325441110E-001 -4.062747944073E-001 -1.972130538275E+000  9.235490045466E+000
  8.255225139746E-001 -4.163861991343E-001 -1.924481730876E+000  9.126167964527E+000
  8.307437404560E-001 -4.263104630433E-001 -1.877121849252E+000  9.014921320633E+000
  8.359964541833E-001 -4.360465999455E-001 -1.830065437225E+000  8.901899168528E+000
  8.412808879885E-001 -4.455936983714E-001 -1.783326496312E+000  8.787245829561E+000
  8.465972769320E-001 -4.549509205815E-001 -1.736918495316E+000  8.671100961429E+000
  8.519458583285E-001 -4.641175015755E-001 -1.690854380002E+000  8.553599630809E+000
  8.573268717726E-001 -4.730927481032E-001 -1.645146582832E+000  8.434872388674E+000
  8.627405591648E-001 -4.818760376785E-001 -1.599807032744E+000  8.315045348030E+000
  8.681871647376E-001 -4.904668175947E-001 -1.554847164963E+000  8.194240263850E+000
  8.736669350829E-001 -4.988646039451E-001 -1.510277930824E+000  8.072574614969E+000
  8.791801191785E-001 -5.070689806474E-001 -1.466109807586E+000  7.950161687717E+000
  8.847269684160E-001 -5.150795984737E-001 -1.422352808238E+000  7.827110661069E+000
  8.903077366283E-001 -5.228961740866E-001 -1.379016491264E+000  7.703526693091E+000
  8.959226801184E-001 -5.305184890813E-001 -1.336109970368E+000  7.579511008481E+000
  9.015720576873E-001 -5.379463890355E-001 -1.293641924141E+000  7.455160986991E+000
  9.072561306635E-001 -5.451797825662E-001 -1.251620605652E+000  7.330570252542E+000
  9.129751629322E-001 -5.522186403949E-001 -1.210053851967E+000  7.205828762834E+000
  9.187294209652E-001 -5.590629944207E-001 -1.168949093568E+000  7.081022899264E+000
  9.245191738511E-001 -5.657129368027E-001 -1.128313363671E+000  6.956235556990E+000
  9.303446933257E-001 -5.721686190499E-001 -1.088153307437E+000  6.831546234948E+000
  9.362062538036E-001 -5.784302511219E-001 -1.048475191056E+000  6.707031125680E+000
  9.421041324088E-001 -5.844981005373E-001 -1.009284910710E+000  6.582763204806E+000
  9.480386090075E-001 -5.903724914921E-001 -9.705880013941E-001  6.458812319992E+000
  9.540099662399E-001 -5.960538039872E-001 -9.323896456014E-001  6.335245279281E+000
  9.600184895530E-001 -6.015424729651E-001 -8.946946818555E-001  6.212125938645E+000
  9.660644672342E-001 -6.068389874563E-001 -8.575076130926E-001  6.089515288644E+000
  9.721481904447E-001 -6.119438897340E-001 -8.208326148850E-001  5.967471540066E+000
  9.782699532537E-001 -6.168577744787E-001 -7.846735435036E-001  5.846050208439E+000
  9.844300526731E-001 -6.215812879510E-001 -7.490339438147E-001  5.725304197322E+000
  9.906287886927E-001 -6.261151271731E-001 -7.139170570096E-001  5.605283880271E+000
  9.968664643158E-001 -6.304600391194E-001 -6.793258281647E-001  5.486037181400E+000
  1.003143385595E+000 -6.346168199138E-001 -6.452629136292E-001  5.367609654459E+000
  1.009459861670E+000 -6.385863140360E-001 -6.117306882418E-001  5.250044560345E+000
  1.015816204803E+000 -6.423694135348E-001 -5.787312523733E-001  5.133382943006E+000
  1.022212730417E+000 -6.459670572482E-001 -5.462664387976E-001  5.017663703658E+000
  1.028649757135E+000 -6.493802300307E-001 -5.143378193892E-001  4.902923673275E+000
  1.035127606818E+000 -6.526099619862E-001 -4.829467116505E-001  4.789197683315E+000
  1.041646604604E+000 -6.556573277072E-001 -4.520941850687E-001  4.676518634628E+000
  1.048207078948E+000 -6.585234455197E-001 -4.217810673049E-001  4.564917564541E+000
  1.054809361664E+000 -6.612094767319E-001 -3.920079502179E-001  4.454423712073E+000
  1.061453787962E+000 -6.637166248883E-001 -3.627751957247E-001  4.345064581277E+000
  1.068140696494E+000 -6.660461350278E-001 -3.340829415010E-001  4.236866002690E+000
  1.074870429395E+000 -6.681992929444E-001 -3.059311065254E-001  4.129852192899E+000
  1.081643332322E+000 -6.701774244517E-001 -2.783193964707E-001  4.024045812193E+000
  1.088459754505E+000 -6.719818946496E-001 -2.512473089461E-001  3.919468020347E+000
  1.095320048782E+000 -6.736141071928E-001 -2.247141385944E-001  3.816138530506E+000
  1.102224571653E+000 -6.750755035611E-001 -1.987189820491E-001  3.714075661217E+000
  1.109173683316E+000 -6.763675623304E-001 -1.732607427560E-001  3.613296386605E+000
  1.116167747721E+000 -6.774917984443E-001 -1.483381356635E-001  3.513816384726E+000
  1.123207132611E+000 -6.784497624858E-001 -1.239496917873E-001  3.415650084125E+000
  1.130292209573E+000 -6.792430399482E-001 -1.000937626536E-001  3.318810708624E+000
  1.137423354084E+000 -6.798732505058E-001 -7.676852462822E-002  3.223310320377E+000
  1.144600945560E+000 -6.803420472823E-001 -5.397198313354E-002  3.129159861222E+000
  1.151825367405E+000 -6.806511161182E-001 -3.170197676217E-002  3.036369192386E+000
  1.159097007063E+000 -6.808021748354E-001 -9.956181290297E-003  2.944947132567E+000
  1.166416256069E+000 -6.807969725000E-001  1.126788640276E-002  2.854901494446E+000
  1.173783510095E+000 -6.806372886808E-001  3.197286450349E-002  2.766239119675E+000
  1.181199169012E+000 -6.803249327062E-001  5.216154251634E-002  2.678965912390E+000
  1.188663636935E+000 -6.798617429158E-001  7.183685759352E-002  2.593086871295E+000
  1.196177322279E+000 -6.792495859090E-001  9.100189093726E-002  2.508606120376E+000
  1.203740637818E+000 -6.784903557892E-001  1.096598642692E-001  2.425526938284E+000
  1.211354000735E+000 -6.775859734033E-001  1.278141363615E-001  2.343851786457E+000
  1.219017832681E+000 -6.765383855767E-001  1.454681996252E-001  2.263582336022E+000
  1.226732559833E+000 -6.753495643427E-001  1.626256767504E-001  2.184719493533E+000
  1.234498612950E+000 -6.740215061681E-001  1.792903173930E-001  2.107263425609E+000
  1.242316427433E+000 -6.725562311721E-001  1.954659949048E-001  2.031213582510E+000
  1.250186443388E+000 -6.709557823406E-001  2.111567031008E-001  1.956568720724E+000
  1.258109105679E+000 -6.692222247352E-001  2.263665530603E-001  1.883326924607E+000
  1.266084863999E+000 -6.673576446959E-001  2.410997699580E-001  1.811485627125E+000
  1.274114172926E+000 -6.653641490388E-001  2.553606899193E-001  1.741041629768E+000
  1.282197491990E+000 -6.632438642484E-001  2.691537568988E-001  1.671991121676E+000
  1.290335285734E+000 -6.609989356639E-001  2.824835195762E-001  1.604329698023E+000
  1.298528023786E+000 -6.586315266603E-001  2.953546282669E-001  1.538052377725E+000
  1.306776180919E+000 -6.561438178239E-001  3.077718318451E-001  1.473153620508E+000
  1.315080237120E+000 -6.535380061230E-001  3.197399746747E-001  1.409627343386E+000
  1.323440677664E+000 -6.508163040733E-001  3.312639935479E-001  1.347466936596E+000
  1.331857993175E+000 -6.479809388978E-001  3.423489146256E-001  1.286665279041E+000
  1.340332679704E+000 -6.450341516830E-001  3.529998503814E-001  1.227214753263E+000
  1.348865238797E+000 -6.419781965298E-001  3.632219965439E-001  1.169107260022E+000
  1.357456177571E+000 -6.388153397005E-001  3.730206290375E-001  1.112334232478E+000
  1.366106008782E+000 -6.355478587622E-001  3.824011009193E-001  1.056886650050E+000
  1.374815250909E+000 -6.321780417255E-001  3.913688393119E-001  1.002755051966E+000
  1.383584428224E+000 -6.287081861813E-001  3.999293423293E-001  9.499295505509E-001
  1.392414070872E+000 -6.251405984335E-001  4.080881759972E-001  8.983998442658E-001
  1.401304714948E+000 -6.214775926299E-001  4.158509711655E-001  8.481552305543E-001
  1.410256902580E+000 -6.177214898905E-001  4.232234204138E-001  7.991846185003E-001
  1.419271182008E+000 -6.138746174342E-001  4.302112749487E-001  7.514765413357E-001
  1.428348107668E+000 -6.099393077044E-001  4.368203414941E-001  7.050191688191E-001
  1.437488240275E+000 -6.059178974935E-001  4.430564791740E-001  6.598003195056E-001
  1.446692146911E+000 -6.018127270668E-001  4.489255963886E-001  6.158074729304E-001
  1.455960401104E+000 -5.976261392875E-001  4.544336476842E-001  5.730277817218E-001
  1.465293582927E+000 -5.933604787409E-001  4.595866306181E-001  5.314480836605E-001
  1.474692279079E+000 -5.890180908611E-001  4.643905826192E-001  4.910549137008E-001
  1.484157082978E+000 -5.846013210581E-001  4.688515778460E-001  4.518345159631E-001
  1.493688594856E+000 -5.801125138485E-001  4.729757240422E-001  4.137728557105E-001
  1.503287421848E+000 -5.755540119872E-001  4.767691593931E-001  3.768556313182E-001
  1.512954178094E+000 -5.709281556039E-001  4.802380493829E-001  3.410682862413E-001
  1.522689484827E+000 -5.662372813428E-001  4.833885836558E-001  3.063960209876E-001
  1.532493970480E+000 -5.614837215063E-001  4.862269728822E-001  2.728238050990E-001
  1.542368270780E+000 -5.566698032043E-001  4.887594456319E-001  2.403363891440E-001
  1.552313028853E+000 -5.517978475086E-001  4.909922452569E-001  2.089183167220E-001
  1.562328895326E+000 -5.468701686132E-001  4.929316267860E-001  1.785539364780E-001
  1.572416528431E+000 -5.418890730019E-001  4.945838538324E-001  1.492274141284E-001
  1.582576594115E+000 -5.368568586220E-001  4.959551955184E-001  1.209227444917E-001
  1.592809766145E+000 -5.317758140664E-001  4.970519234179E-001  9.362376352230E-002
  1.603116726218E+000 -5.266482177639E-001  4.978803085202E-001  6.731416034126E-002
  1.613498164078E+000 -5.214763371777E-001  4.984466182176E-001  4.197748925746E-002
  1.623954777622E+000 -5.162624280139E-001  4.987571133181E-001  1.759718177253E-002
  1.634487273025E+000 -5.110087334394E-001  4.988180450873E-001 -5.843441438908E-003
  1.645096364848E+000 -5.057174833099E-001  4.986356523211E-001 -2.836115858222E-002
  1.655782776168E+000 -5.003908934088E-001  4.982161584517E-001 -4.997283483863E-002
  1.666547238688E+000 -4.950311646981E-001  4.975657686900E-001 -7.069541051398E-002
  1.677390492873E+000 -4.896404825793E-001  4.966906672060E-001 -9.054588925106E-002
  1.688313288066E+000 -4.842210161684E-001  4.955970143509E-001 -1.095413263166E-001
  1.699316382620E+000 -4.787749175821E-001  4.942909439215E-001 -1.276988169743E-001
  1.710400544029E+000 -4.733043212376E-001  4.927785604712E-001 -1.450354849556E-001
  1.721566549058E+000 -4.678113431654E-001  4.910659366688E-001 -1.615684710407E-001
  1.732815183877E+000 -4.622980803366E-001  4.891591107071E-001 -1.773149217609E-001
  1.744147244202E+000 -4.567666100037E-001  4.870640837645E-001 -1.922919782358E-001
  1.755563535430E+000 -4.512189890555E-001  4.847868175210E-001 -2.065167651563E-001
  1.767064872781E+000 -4.456572533881E-001  4.823332317301E-001 -2.200063799267E-001
  1.778652081442E+000 -4.400834172896E-001  4.797092018499E-001 -2.327778819778E-001
  1.790325996715E+000 -4.344994728412E-001  4.769205567342E-001 -2.448482822617E-001
  1.802087464166E+000 -4.289073893331E-001  4.739730763848E-001 -2.562345329421E-001
  1.813937339772E+000 -4.233091126968E-001  4.708724897686E-001 -2.669535172899E-001
  1.825876490081E+000 -4.177065649534E-001  4.676244726987E-001 -2.770220397958E-001
  1.837905792365E+000 -4.121016436780E-001  4.642346457822E-001 -2.864568165107E-001
  1.850026134778E+000 -4.064962214805E-001  4.607085724359E-001 -2.952744656241E-001
  1.862238416525E+000 -4.008921455036E-001  4.570517569705E-001 -3.034914982908E-001
  1.874543548019E+000 -3.952912369362E-001  4.532696427447E-001 -3.111243097137E-001
  1.886942451054E+000 -3.896952905456E-001  4.493676103899E-001 -3.181891704942E-001
  1.899436058973E+000 -3.841060742244E-001  4.453509761068E-001 -3.247022182561E-001
  1.912025316845E+000 -3.785253285564E-001  4.412249900334E-001 -3.306794495513E-001
  1.924711181638E+000 -3.729547663983E-001  4.369948346861E-001 -3.361367120557E-001
  1.937494622402E+000 -3.673960724787E-001  4.326656234737E-001 -3.410896970594E-001
  1.950376620452E+000 -3.618509030147E-001  4.282423992848E-001 -3.455539322588E-001
  1.963358169552E+000 -3.563208853450E-001  4.237301331478E-001 -3.495447748552E-001
  1.976440276109E+000 -3.508076175804E-001  4.191337229656E-001 -3.530774049635E-001
  1.989623959360E+000 -3.453126682712E-001  4.144579923225E-001 -3.561668193365E-001
  2.002910251577E+000 -3.398375760917E-001  4.097076893642E-001 -3.588278254050E-001
  2.016300198259E+000 -3.343838495414E-001  4.048874857513E-001 -3.610750356395E-001
  2.029794858340E+000 -3.289529666633E-001  4.000019756841E-001 -3.629228622317E-001
  2.043395304396E+000 -3.235463747786E-001  3.950556749992E-001 -3.643855120993E-001
  2.057102622856E+000 -3.181654902382E-001  3.900530203377E-001 -3.654769822127E-001
  2.070917914217E+000 -3.128116981911E-001  3.849983683826E-001 -3.662110552438E-001
  2.084842293261E+000 -3.074863523680E-001  3.798959951660E-001 -3.666012955354E-001
  2.098876889283E+000 -3.021907748825E-001  3.747500954448E-001 -3.666610453902E-001
  2.113022846310E+000 -2.969262560475E-001  3.695647821425E-001 -3.664034216754E-001
  2.127281323341E+000 -2.916940542078E-001  3.643440858587E-001 -3.658413127412E-001
  2.141653494575E+000 -2.864953955883E-001  3.590919544419E-001 -3.649873756492E-001
  2.156140549656E+000 -2.813314741580E-001  3.538122526264E-001 -3.638540337056E-001
  2.170743693911E+000 -2.762034515094E-001  3.485087617317E-001 -3.624534742952E-001
  2.185464148607E+000 -2.711124567529E-001  3.431851794219E-001 -3.607976470112E-001
  2.200303151197E+000 -2.660595864263E-001  3.378451195244E-001 -3.588982620728E-001
  2.215261955581E+000 -2.610459044193E-001  3.324921119068E-001 -3.567667890274E-001
  2.230341832367E+000 -2.560724419128E-001  3.271296024093E-001 -3.544144557278E-001
  2.245544069142E+000 -2.511401973323E-001  3.217609528314E-001 -3.518522475783E-001
  2.260869970742E+000 -2.462501363159E-001  3.163894409722E-001 -3.490909070428E-001
  2.276320859530E+000 -2.414031916962E-001  3.110182607209E-001 -3.461409334052E-001
  2.291898075679E+000 -2.366002634968E-001  3.056505221970E-001 -3.430125827755E-001
  2.307602977460E+000 -2.318422189418E-001  3.002892519387E-001 -3.397158683323E-001
  2.323436941540E+000 -2.271298924789E-001  2.949373931364E-001 -3.362605607921E-001
  2.339401363274E+000 -2.224640858170E-001  2.895978059111E-001 -3.326561890985E-001
  2.355497657016E+000 -2.178455679758E-001  2.842732676352E-001 -3.289120413195E-001
  2.371727256428E+000 -2.132750753493E-001  2.789664732940E-001 -3.250371657459E-001
  2.388091614797E+000 -2.087533117821E-001  2.736800358864E-001 -3.210403721795E-001
  2.404592205358E+000 -2.042809486585E-001  2.684164868637E-001 -3.169302334028E-001
  2.421230521622E+000 -1.998586250041E-001  2.631782766030E-001 -3.127150868201E-001
  2.438008077714E+000 -1.954869476008E-001  2.579677749163E-001 -3.084030362604E-001
  2.454926408713E+000 -1.911664911131E-001  2.527872715914E-001 -3.040019539326E-001
  2.471987071003E+000 -1.868977982276E-001  2.476389769643E-001 -2.995194825241E-001
  2.489191642624E+000 -1.826813798046E-001  2.425250225211E-001 -2.949630374318E-001
  2.506541723641E+000 -1.785177150417E-001  2.374474615285E-001 -2.903398091186E-001
  2.524038936507E+000 -1.744072516493E-001  2.324082696908E-001 -2.856567655837E-001
  2.541684926444E+000 -1.703504060387E-001  2.274093458329E-001 -2.809206549396E-001
  2.559481361827E+000 -1.663475635216E-001  2.224525126068E-001 -2.761380080861E-001
  2.577429934572E+000 -1.623990785216E-001  2.175395172223E-001 -2.713151414731E-001
  2.595532360540E+000 -1.585052747975E-001  2.126720321986E-001 -2.664581599437E-001
  2.613790379943E+000 -1.546664456785E-001  2.078516561369E-001 -2.615729596492E-001
  2.632205757760E+000 -1.508828543109E-001  2.030799145133E-001 -2.566652310296E-001
  2.650780284158E+000 -1.471547339164E-001  1.983582604900E-001 -2.517404618498E-001
  2.669515774928E+000 -1.434822880626E-001  1.936880757443E-001 -2.468039402863E-001
  2.688414071925E+000 -1.398656909443E-001  1.890706713156E-001 -2.418607580573E-001
  2.707477043518E+000 -1.363050876770E-001  1.845072884670E-001 -2.369158135881E-001
  2.726706585047E+000 -1.328005946015E-001  1.799990995642E-001 -2.319738152080E-001
  2.746104619295E+000 -1.293522996004E-001  1.755472089685E-001 -2.270392843703E-001
  2.765673096964E+000 -1.259602624258E-001  1.711526539436E-001 -2.221165588929E-001
  2.785413997161E+000 -1.226245150389E-001  1.668164055778E-001 -2.172097962112E-001
  2.805329327899E+000 -1.193450619603E-001  1.625393697173E-001 -2.123229766410E-001
  2.825421126601E+000 -1.161218806326E-001  1.583223879146E-001 -2.074599066460E-001
  2.845691460623E+000 -1.129549217937E-001  1.541662383877E-001 -2.026242221061E-001
  2.866142427776E+000 -1.098441098618E-001  1.500716369925E-001 -1.978193915824E-001
  2.886776156875E+000 -1.067893433315E-001  1.460392382068E-001 -1.930487195764E-001
  2.907594808280E+000 -1.037904951815E-001  1.420696361254E-001 -1.883153497801E-001
  2.928600574467E+000 -1.008474132930E-001  1.381633654681E-001 -1.836222683134E-001
  2.949795680597E+000 -9.795992087945E-002  1.343209025970E-001 -1.789723069485E-001
  2.971182385105E+000 -9.512781692766E-002  1.305426665471E-001 -1.743681463179E-001
  2.992762980296E+000 -9.235087664919E-002  1.268290200658E-001 -1.698123191039E-001
  3.014539792958E+000 -8.962885194313E-002  1.231802706654E-001 -1.653072132101E-001
  3.036515184988E+000 -8.696147186930E-002  1.195966716846E-001 -1.608550749120E-001
  3.058691554023E+000 -8.434844313217E-002  1.160784233622E-001 -1.564580119862E-001
  3.081071334099E+000 -8.178945057513E-002  1.126256739208E-001 -1.521179968190E-001
  3.103656996309E+000 -7.928415768505E-002  1.092385206617E-001 -1.478368694919E-001
  3.126451049484E+000 -7.683220710687E-002  1.059170110693E-001 -1.436163408451E-001
  3.149456040888E+000 -7.443322116809E-002  1.026611439281E-001 -1.394579955192E-001
  3.172674556926E+000 -7.208680241279E-002  9.947087044782E-002 -1.353632949742E-001
  3.196109223865E+000 -6.979253414515E-002  9.634609540092E-002 -1.313335804876E-001
  3.219762708576E+000 -6.754998098197E-002  9.328667826915E-002 -1.273700761307E-001
  3.243637719289E+000 -6.535868941400E-002  9.029243440091E-002 -1.234738917244E-001
  3.267737006362E+000 -6.321818837582E-002  8.736313617830E-002 -1.196460257749E-001
  3.292063363076E+000 -6.112798982376E-002  8.449851419417E-002 -1.158873683908E-001
  3.316619626434E+000 -5.908758932170E-002  8.169825843868E-002 -1.121987041811E-001
  3.341408677987E+000 -5.709646663420E-002  7.896201949518E-002 -1.085807151359E-001
  3.366433444679E+000 -5.515408632655E-002  7.628940974513E-002 -1.050339834907E-001
  3.391696899702E+000 -5.325989837148E-002  7.368000458171E-002 -1.015589945742E-001
  3.417202063379E+000 -5.141333876185E-002  7.113334363170E-002 -9.815613964144E-002
  3.442952004065E+000 -4.961383012891E-002  6.864893198511E-002 -9.482571869321E-002
  3.468949839059E+000 -4.786078236571E-002  6.622624143231E-002 -9.156794328094E-002
  3.495198735552E+000 -4.615359325497E-002  6.386471170777E-002 -8.838293929965E-002
  3.521701911582E+000 -4.449164910102E-002  6.156375174008E-002 -8.527074976840E-002
  3.548462637020E+000 -4.287432536504E-002  5.932274090749E-002 -8.223133759910E-002
  3.575484234572E+000 -4.130098730323E-002  5.714103029823E-002 -7.926458835412E-002
  3.602770080809E+000 -3.977099060709E-002  5.501794397491E-002 -7.637031299293E-002
  3.630323607217E+000 -3.828368204526E-002  5.295278024210E-002 -7.354825060801E-002
  3.658148301271E+000 -3.683840010631E-002  5.094481291630E-002 -7.079807114996E-002
  3.686247707537E+000 -3.543447564168E-002  4.899329259729E-002 -6.811937814192E-002
  3.714625428793E+000 -3.407123250824E-002  4.709744793995E-002 -6.551171138286E-002
  3.743285127184E+000 -3.274798820962E-002  4.525648692540E-002 -6.297454963955E-002
  3.772230525397E+000 -3.146405453572E-002  4.346959813057E-002 -6.050731332647E-002
  3.801465407866E+000 -3.021873819957E-002  4.173595199482E-002 -5.810936717328E-002
  3.830993622005E+000 -2.901134147091E-002  4.005470208272E-002 -5.578002287874E-002
  3.860819079470E+000 -2.784116280569E-002  3.842498634150E-002 -5.351854175024E-002
  3.890945757450E+000 -2.670749747069E-002  3.684592835214E-002 -5.132413732782E-002
  3.921377699988E+000 -2.560963816274E-002  3.531663857269E-002 -4.919597799144E-002
  3.952119019336E+000 -2.454687562145E-002  3.383621557258E-002 -4.713318954993E-002
  3.983173897337E+000 -2.351849923504E-002  3.240374725650E-002 -4.513485781033E-002
  4.014546586845E+000 -2.252379763831E-002  3.101831207664E-002 -4.320003112570E-002
  4.046241413173E+000 -2.156205930210E-002  2.967898023170E-002 -4.132772291987E-002
  4.078262775585E+000 -2.063257311352E-002  2.838481485154E-002 -3.951691418692E-002
  4.110615148813E+000 -1.973462894617E-002  2.713487316583E-002 -3.776655596378E-002
  4.143303084620E+000 -1.886751821980E-002  2.592820765553E-002 -3.607557177343E-002
  4.176331213391E+000 -1.803053444844E-002  2.476386718566E-002 -3.444286003694E-002
  4.209704245774E+000 -1.722297377673E-002  2.364089811806E-002 -3.286729645175E-002
  4.243426974351E+000 -1.644413550336E-002  2.255834540274E-002 -3.134773633422E-002
  4.277504275353E+000 -1.569332259138E-002  2.151525364655E-002 -2.988301692383E-002
  4.311941110423E+000 -1.496984216453E-002  2.051066815776E-002 -2.847195964689E-002
  4.346742528412E+000 -1.427300598910E-002  1.954363596534E-002 -2.711337233720E-002
  4.381913667228E+000 -1.360213094076E-002  1.861320681171E-002 -2.580605141140E-002
  4.417459755726E+000 -1.295653945590E-002  1.771843411769E-002 -2.454878399655E-002
  4.453386115645E+000 -1.233555996690E-002  1.685837591858E-002 -2.334035000769E-002
  4.489698163598E+000 -1.173852732092E-002  1.603209577021E-002 -2.217952417292E-002
  4.526401413105E+000 -1.116478318182E-002  1.523866362393E-002 -2.106507800388E-002
  4.563501476684E+000 -1.061367641481E-002  1.447715666968E-002 -1.999578170937E-002
  4.601004067991E+000 -1.008456345352E-002  1.374666014602E-002 -1.897040605000E-002
  4.638915004011E+000 -9.576808649124E-003  1.304626811645E-002 -1.798772413190E-002
  4.677240207311E+000 -9.089784601356E-003  1.237508421126E-002 -1.704651313744E-002
  4.715985708351E+000 -8.622872471121E-003  1.173222233408E-002 -1.614555599139E-002
  4.755157647843E+000 -8.175462274593E-003  1.111680733274E-002 -1.528364296058E-002
  4.794762279187E+000 -7.746953158640E-003  1.052797563378E-002 -1.445957318574E-002
  4.834805970953E+000 -7.336753657500E-003  9.964875840185E-003 -1.367215614404E-002
  4.875295209443E+000 -6.944281930683E-003  9.426669292162E-003 -1.292021304110E-002
  4.916236601308E+000 -6.568965982084E-003  8.912530590535E-003 -1.220257813143E-002
  4.957636876237E+000 -6.210243860381E-003  8.421648082733E-003 -1.151809996642E-002
  4.999502889720E+000 -5.867563840806E-003  7.953224311269E-003 -1.086564256914E-002
  5.041841625875E+000 -5.540384588420E-003  7.506476424775E-003 -1.024408653547E-002
  5.084660200360E+000 -5.228175303086E-003  7.080636551710E-003 -9.652330061172E-003
  5.127965863354E+000 -4.930415846366E-003  6.674952137003E-003 -9.089289894776E-003
  5.171766002619E+000 -4.646596850590E-003  6.288686241934E-003 -8.553902216378E-003
  5.216068146649E+000 -4.376219810431E-003  5.921117807687E-003 -8.045123442528E-003
  5.260879967894E+000 -4.118797157302E-003  5.571541883076E-003 -7.561930957689E-003
  5.306209286078E+000 -3.873852316968E-003  5.239269817053E-003 -7.103323772896E-003
  5.352064071605E+000 -3.640919750795E-003  4.923629416671E-003 -6.668323112438E-003
  5.398452449055E+000 -3.419544981066E-003  4.623965071282E-003 -6.255972929594E-003
  5.445382700775E+000 -3.209284600862E-003  4.339637843804E-003 -5.865340352606E-003
  5.492863270572E+000 -3.009706268992E-003  4.070025529980E-003 -5.495516062289E-003
  5.540902767504E+000 -2.820388690531E-003  3.814522686630E-003 -5.145614602826E-003
  5.589509969774E+000 -2.640921583501E-003  3.572540629942E-003 -4.814774627465E-003
  5.638693828737E+000 -2.470905632280E-003  3.343507404922E-003 -4.502159081004E-003
  5.688463473008E+000 -2.309952428340E-003  3.126867727188E-003 -4.206955321083E-003
  5.738828212699E+000 -2.157684398906E-003  2.922082898313E-003 -3.928375180464E-003
  5.789797543759E+000 -2.013734724190E-003  2.728630696009E-003 -3.665654972567E-003
  5.841381152447E+000 -1.877747243790E-003  2.546005240436E-003 -3.418055442701E-003
  5.893588919926E+000 -1.749376352942E-003  2.373716837995E-003 -3.184861667481E-003
  5.946430926988E+000 -1.628286889219E-003  2.211291803949E-003 -2.965382905060E-003
  5.999917458910E+000 -1.514154010368E-003  2.058272265283E-003 -2.758952398846E-003
  6.054059010457E+000 -1.406663063882E-003  1.914215945174E-003 -2.564927137464E-003
  6.108866291020E+000 -1.305509448990E-003  1.778695930496E-003 -2.382687573782E-003
  6.164350229902E+000 -1.210398471649E-003  1.651300423756E-003 -2.211637305822E-003
  6.220521981762E+000 -1.121045193202E-003  1.531632480856E-003 -2.051202722460E-003
  6.277392932215E+000 -1.037174273277E-003  1.419309736082E-003 -1.900832616763E-003
  6.334974703589E+000 -9.585198075362E-004  1.313964115676E-003 -1.759997769887E-003
  6.393279160860E+000 -8.848251608505E-004  1.215241541347E-003 -1.628190508372E-003
  6.452318417752E+000 -8.158427964520E-004  1.122801625028E-003 -1.504924237683E-003
  6.512104843026E+000 -7.513341016034E-004  1.036317356170E-003 -1.389732954817E-003
  6.572651066946E+000 -6.910692102981E-004  9.554747828150E-004 -1.282170742691E-003
  6.633969987942E+000 -6.348268234800E-004  8.799726876344E-004 -1.181811249025E-003
  6.696074779472E+000 -5.823940272475E-004  8.095222601062E-004 -1.088247152312E-003
  6.758978897091E+000 -5.335661094798E-004  7.438467659097E-004 -1.001089617402E-003
  6.822696085726E+000 -4.881463752957E-004  6.826812145937E-004 -9.199677431364E-004
  6.887240387180E+000 -4.459459617280E-004  6.257720264987E-004 -8.445280043486E-004
  6.952626147859E+000 -4.067836519687E-004  5.728766998621E-004 -7.744336904509E-004
  7.018868026732E+000 -3.704856895102E-004  5.237634789669E-004 -7.093643427039E-004
  7.085981003543E+000 -3.368855924816E-004  4.782110241351E-004 -6.490151921419E-004
  7.153980387268E+000 -3.058239684505E-004  4.360080843000E-004 -5.930965999961E-004
  7.222881824836E+000 -2.771483299315E-004  3.969531728261E-004 -5.413335023317E-004
  7.292701310121E+000 -2.507129108205E-004  3.608542471816E-004 -4.934648604713E-004
  7.363455193219E+000 -2.263784839428E-004  3.275283930033E-004 -4.492431186491E-004
  7.435160190001E+000 -2.040121798826E-004  2.968015130290E-004 -4.084336701947E-004
  7.507833391988E+000 -1.834873072378E-004  2.685080213109E-004 -3.708143334128E-004
  7.581492276516E+000 -1.646831744187E-004  2.424905430641E-004 -3.361748381888E-004
  7.656154717242E+000 -1.474849130955E-004  2.185996204440E-004 -3.043163242132E-004
  7.731838994973E+000 -1.317833033753E-004  1.966934244925E-004 -2.750508515901E-004
  7.808563808847E+000 -1.174746007757E-004  1.766374734389E-004 -2.482009244676E-004
  7.886348287874E+000 -1.044603650482E-004  1.583043574938E-004 -2.235990282039E-004
  7.965212002848E+000 -9.264729088976E-005  1.415734702248E-004 -2.010871804690E-004
  8.045174978646E+000 -8.194704057255E-005  1.263307465661E-004 -1.805164965696E-004
  8.126257706932E+000 -7.227607851178E-005  1.124684074687E-004 -1.617467691800E-004
  8.208481159274E+000 -6.355550778646E-005  9.988471117000E-005 -1.446460625683E-004
  8.291866800694E+000 -5.571090862217E-005  8.848371102647E-005 -1.290903213145E-004
  8.376436603664E+000 -4.867217884317E-005  7.817501982983E-005 -1.149629934376E-004
  8.462213062574E+000 -4.237337629981E-005  6.887358050289E-005 -1.021546677747E-004
  8.549219208676E+000 -3.675256327861E-005  6.049944305462E-005 -9.056272539052E-005
  8.637478625536E+000 -3.175165290445E-005  5.297754765882E-005 -8.009100473940E-005
  8.727015464999E+000 -2.731625754858E-005  4.623751371095E-005 -7.064948025064E-005
  8.817854463709E+000 -2.339553926124E-005  4.021343471065E-005 -6.215395397108E-005
  8.910020960175E+000 -1.994206225398E-005  3.484367881412E-005 -5.452575986309E-005
  9.003540912431E+000 -1.691164746421E-005  3.007069490068E-005 -4.769148033258E-005
  9.098440916308E+000 -1.426322924227E-005  2.584082400002E-005 -4.158267454298E-005
  9.194748224321E+000 -1.195871420990E-005  2.210411593256E-005 -3.613561806033E-005
  9.292490765233E+000 -9.962842347767E-006  1.881415102247E-005 -3.129105336957E-005
  9.391697164283E+000 -8.243050378579E-006  1.592786675278E-005 -2.699395080341E-005
  9.492396764138E+000 -6.769337521023E-006  1.340538924298E-005 -2.319327943096E-005
  9.594619646576E+000 -5.514133698235E-006  1.120986944188E-005 -1.984178746475E-005
  9.698396654938E+000 -4.452170292372E-006  9.307323942108E-006 -1.689579175939E-005
  9.803759417385E+000 -3.560353544037E-006  7.666480335967E-006 -1.431497599357E-005
  9.910740370981E+000 -2.817640701566E-006  6.258627046952E-006 -1.206219714851E-005
  1.001937278665E+001 -2.204919030378E-006  5.057467584734E-006 -1.010329991925E-005
  1.012969079502E+001 -1.704887796614E-006  4.038979185190E-006 -8.406938720039E-006
  1.024172941323E+001 -1.301943341883E-006  3.181275809701E-006 -6.944406971346E-006
  1.035552457272E+001 -9.820673671966E-007  2.464475489768E-006 -5.689473382110E-006
  1.047111314798E+001 -7.327185437737E-007  1.870572013558E-006 -4.618224967321E-006
  1.058853298647E+001 -5.427275665286E-007  1.383310960107E-006 -3.708916566674E-006
  1.070782293953E+001 -4.021957624547E-007  9.880700944529E-007 -2.941826654678E-006
  1.082902289454E+001 -3.023973609378E-007  6.717441427249E-007 -2.299119255936E-006
  1.095217380826E+001 -2.356855262019E-007  4.226339701555E-007 -1.764711800735E-006
  1.107731774137E+001 -1.954022436772E-007  2.303401870008E-007 -1.324148775609E-006
  1.120449789442E+001 -1.757921421481E-007  8.566120740760E-008 -9.644810407103E-007
  1.133375864507E+001 -1.719203221752E-007 -1.950421559745E-008 -6.741507006168E-007
  1.146514558681E+001 -1.795942486007E-007 -9.224995959942E-008 -4.428814274287E-007
  1.159870556913E+001 -1.952897510777E-007 -1.387509929634E-007 -2.615741446626E-007
  1.173448673928E+001 -2.160811616614E-007 -1.643473191947E-007 -1.222079875023E-007
  1.187253858566E+001 -2.395756027371E-007 -1.736234079024E-007 -1.774645947017E-008
  1.201291198287E+001 -2.638514221186E-007 -1.704831250998E-007  5.795129234647E-008
  1.215565923859E+001 -2.874007552260E-007 -1.582201871321E-007  1.102141616277E-007
  1.230083414231E+001 -3.090761770613E-007 -1.395841751142E-007  1.436378071954E-007
  1.244849201595E+001 -3.280413894358E-007 -1.168421601660E-007  1.621585022035E-007
  1.259868976657E+001 -3.437258718041E-007 -9.183600372207E-008  1.691221988895E-007
  1.275148594119E+001 -3.557834073178E-007 -6.603541152649E-008  1.673489070247E-007
  1.290694078384E+001 -3.640543795511E-007 -4.058683435842E-008  1.591924927389E-007
  1.306511629490E+001 -3.685317199740E-007 -1.635832283549E-008  1.465960137973E-007
  1.322607629292E+001 -3.693303718374E-007  6.019542435045E-009  1.311427173783E-007
  1.338988647898E+001 -3.666601228855E-007  2.611651076160E-008  1.141028366594E-007
  1.355661450375E+001 -3.608016473693E-007  4.366916422436E-008  9.647633277776E-008
  1.372633003727E+001 -3.520855873608E-007  5.855090487957E-008  7.903173873150E-008
  1.389910484176E+001 -3.408744944690E-007  7.074525740283E-008  6.234127126110E-008
  1.407501284743E+001 -3.275474458461E-007  8.032230930365E-008  4.681238548179E-008
  1.425413023161E+001 -3.124871429143E-007  8.741810336402E-008  3.271595480485E-008
  1.443653550117E+001 -2.960692975874E-007  9.221679105836E-008  2.021126531568E-008
  1.462230957852E+001 -2.786541089269E-007  9.493535147786E-008  9.368019114830E-009
  1.481153589140E+001 -2.605796331604E-007  9.581067775754E-008  1.855450543094E-010
  1.500430046649E+001 -2.421568517509E-007  9.508883220660E-008 -7.390582271839E-009
  1.520069202718E+001 -2.236662456933E-007  9.301627226242E-008 -1.345431355185E-008
  1.540080209569E+001 -2.053556893329E-007  8.983285198505E-008 -1.812708476970E-008
  1.560472509963E+001 -1.874394836425E-007  8.576640801645E-008 -2.154776745448E-008
  1.581255848342E+001 -1.700983569237E-007  8.102874465284E-008 -2.386441421131E-008
  1.602440282470E+001 -1.534802701705E-007  7.581283980485E-008 -2.522760983609E-008
  1.624036195599E+001 -1.377018746694E-007  7.029110200899E-008 -2.578524493425E-008
  1.646054309190E+001 -1.228504806371E-007  6.461451815218E-008 -2.567853682432E-008
  1.668505696224E+001 -1.089864076201E-007  5.891254200716E-008 -2.503913147057E-008
  1.691401795117E+001 -9.614559980403E-008  5.329358487028E-008 -2.398713009943E-008
  1.714754424293E+001 -8.434240210247E-008  4.784598135649E-008 -2.262989484276E-008
  1.738575797433E+001 -7.357240572268E-008  4.263931554709E-008 -2.106149903973E-008
  1.762878539445E+001 -6.381528464375E-008  3.772600501460E-008 -1.936269953599E-008
  1.787675703191E+001 -5.503755691115E-008  3.314305257832E-008 -1.760132026032E-008
  1.812980787015E+001 -4.719521668037E-008  2.891388779700E-008 -1.583294835638E-008
  1.838807753110E+001 -4.023619437831E-008  2.505023201456E-008 -1.410185602737E-008
  1.865171046781E+001 -3.410261305982E-008  2.155393209002E-008 -1.244207285259E-008
  1.892085616642E+001 -2.873281890474E-008  1.841871862927E-008 -1.087854450965E-008
  1.919566935809E+001 -2.406317273641E-008  1.563185448039E-008 -9.428324451829E-009
  1.947631024137E+001 -2.002959737965E-008  1.317564836198E-008 -8.101755034975E-009
  1.976294471571E+001 -1.656888257114E-008  1.102881669692E-008 -6.903603768576E-009
  2.005574462663E+001 -1.361975496853E-008  9.167683971882E-009 -5.834128711404E-009
  2.035488802332E+001 -1.112372558285E-008  7.567218214443E-009 -4.890054492694E-009
  2.066055942930E+001 -9.025730705958E-009  6.201903469457E-009 -4.065446988596E-009
  2.097295012706E+001 -7.274585169653E-009  5.046455485083E-009 -3.352480313610E-009
  2.129225845729E+001 -5.823268618667E-009  4.076390222701E-009 -2.742094511188E-009
  2.161869013374E+001 -4.629066485995E-009  3.268457338918E-009 -2.224546178194E-009
  2.195245857462E+001 -3.653587616943E-009  2.600952520359E-009 -1.789857281456E-009
  2.229378525140E+001 -2.862680097617E-009  2.053923562823E-009 -1.428169682256E-009
  2.264290005632E+001 -2.226265909420E-009  1.609285463997E-009 -1.130014447453E-009
  2.300004168951E+001 -1.718113660367E-009  1.250859636585E-009 -8.865059735925E-010
  2.336545806705E+001 -1.315566942322E-009  9.643517418681E-010 -6.894713669037E-010
  2.373940675129E+001 -9.992439320674E-010  7.372816871986E-010 -5.315254940403E-010
  2.412215540475E+001 -7.527217880916E-010  5.588781157483E-010 -4.061017315055E-010
  2.451398226921E+001 -5.622172798136E-010  4.199483285382E-010 -3.074477787341E-010
  2.491517667142E+001 -4.162729967144E-010  3.127330948235E-010 -2.305950384219E-010
  2.532603955735E+001 -3.054564846975E-010  2.307542956950E-010 -1.713090786221E-010
  2.574688405660E+001 -2.220777966952E-010  1.686618652278E-010 -1.260276369039E-010
  2.617803607920E+001 -1.599292621335E-010  1.220850907860E-010 -9.179156084480E-011
  2.661983494664E+001 -1.140498011679E-010  8.749204528549E-011 -6.617304510488E-011
  2.707263405971E+001 -8.051484885673E-011  6.205977479391E-011 -4.720455740760E-011
  2.753680160532E+001 -5.625191552060E-011  4.355687028009E-011 -3.331096871367E-011
  2.801272130518E+001 -3.888098731314E-011  3.023921915582E-011 -2.324663278976E-011
  2.850079320900E+001 -2.657835297772E-011  2.075905925186E-011 -1.603850552495E-011
  2.900143453541E+001 -1.796201066782E-011  1.408693748801E-011 -1.093585630130E-011
  2.951508056378E+001 -1.199654033698E-011  9.445795270190E-012 -7.366698561946E-012
  3.004218558064E+001 -7.915197973062E-012  6.256146665763E-012 -4.900746274906E-012
  3.058322388437E+001 -5.156972393192E-012  4.091165678956E-012 -3.218476098433E-012
  3.113869085248E+001 -3.316418383750E-012  2.640436633692E-012 -2.085728702005E-012
  3.170910407585E+001 -2.104218094875E-012  1.681128147812E-012 -1.333203058399E-012
  3.229500456485E+001 -1.316604494878E-012  1.055408901148E-012 -8.401708319050E-013
  3.289695803249E+001 -8.119879017793E-013  6.530165211737E-013 -5.217512360071E-013
  3.351555626047E+001 -4.933438109183E-013  3.980057309738E-013 -3.191281792970E-013
  3.415141855403E+001 -2.951353119799E-013  2.388270801418E-013 -1.921510185521E-013
  3.480519329257E+001 -1.737473165632E-013  1.410141684591E-013 -1.138294160090E-013
  3.547755958299E+001 -1.005964220511E-013  8.187863642768E-014 -6.630506887647E-014
  3.616922902393E+001 -5.724582499101E-014  4.672378979680E-014 -3.795356204994E-014
  3.688094758921E+001 -3.199763621798E-014  2.618680795318E-014 -2.133494249417E-014
  3.761349763993E+001 -1.755522952477E-014  1.440480103538E-014 -1.176978865022E-014
  3.836770007534E+001 -9.447053740991E-015  7.771417177721E-015 -6.367574238410E-015
  3.914441663347E+001 -4.982626468717E-015  4.108975197702E-015 -3.375836128244E-015
  3.994455235367E+001 -2.573631127703E-015  2.127464441338E-015 -1.752457435103E-015
  4.076905821405E+001 -1.300757605399E-015  1.077764342633E-015 -8.900433178815E-016
  4.161893395835E+001 -6.427256929434E-016  5.337479442205E-016 -4.418674414834E-016
  4.249523112779E+001 -3.101923869952E-016  2.581650941283E-016 -2.142345079313E-016
  4.339905631520E+001 -1.460791961914E-016  1.218384268810E-016 -1.013400853866E-016
  4.433157466006E+001 -6.705793816962E-017  5.604672678007E-017 -4.672211600893E-017
  4.529401360538E+001 -2.997403693371E-017  2.510296065017E-017 -2.097219121871E-017
  4.628766693861E+001 -1.303095839424E-017  1.093483058012E-017 -9.154823645291E-018
  4.731389914191E+001 -5.503246532082E-018  4.626875433145E-018 -3.881667026964E-018
  4.837415007871E+001 -2.254858106654E-018  1.899324206423E-018 -1.596601725275E-018
  4.946994004686E+001 -8.951422031586E-019  7.553732503608E-019 -6.362115081154E-019
  5.060287523143E+001 -3.438103988510E-019  2.906414753390E-019 -2.452540757383E-019
  5.177465359367E+001 -1.275692846495E-019  1.080273463251E-019 -9.132469208163E-020
  5.298707123650E+001 -4.565425536745E-020  3.872562931015E-020 -3.279644716327E-020
  5.424202929116E+001 -1.573227684370E-020  1.336656036403E-020 -1.133967192334E-020
  5.554154137419E+001 -5.210753953139E-021  4.434261726257E-021 -3.768201250147E-021
  5.688774166961E+001 -1.655712554471E-021  1.411174541236E-021 -1.201172995095E-021
  5.828289369667E+001 -5.036991813552E-022  4.299569378634E-022 -3.665579369055E-022
  5.972939983075E+001 -1.463969885220E-022  1.251489416901E-022 -1.068609652770E-022
  6.122981165190E+001 -4.055854958061E-023  3.472183410042E-023 -2.969277710964E-023
  6.278684120462E+001 -1.068500147523E-023  9.160187807869E-024 -7.844971355150E-024
  6.440337326150E+001 -2.669894887898E-024  2.292019432838E-024 -1.965745195065E-024
  6.608247869451E+001 -6.310364592426E-025  5.424480359659E-025 -4.658784814089E-025
  6.782742906960E+001 -1.406665664966E-025  1.210764724524E-025 -1.041271517261E-025
  6.964171259434E+001 -2.948185766161E-026  2.540825966724E-026 -2.188031047525E-026
  7.152905156377E+001 -5.790377413778E-027  4.996484474376E-027 -4.308265915870E-027
  7.349342146763E+001 -1.061962699911E-027  9.174687613325E-028 -7.920892945192E-028
  7.553907194217E+001 -1.811832021467E-028  1.567153039739E-028 -1.354643704175E-028
  7.767054977292E+001 -2.864003023224E-029  2.480080868914E-029 -2.146330747016E-029
  7.989272418113E+001 -4.176296732166E-030  3.620515128890E-030 -3.136931242086E-030
  8.221081465675E+001 -5.591792900635E-031  4.852938734632E-031 -4.209498239832E-031
  8.463042163523E+001 -6.840444499347E-032  5.942936989815E-032 -5.160656498327E-032
  8.715756035520E+001 -7.604343707712E-033  6.613483225576E-033 -5.749103608931E-033
  8.979869827958E+001 -7.637978556896E-034  6.649478505507E-034 -5.786441789406E-034
  9.256079651532E+001 -6.888709875991E-035  6.003117729144E-035 -5.229297685787E-035
  9.545135572765E+001 -5.541586692055E-036  4.833840833471E-036 -4.214926737171E-036
  9.847846711487E+001 -3.947588647080E-037  3.446664662503E-037 -3.008270300671E-037
  1.016508690915E+002 -2.470840019963E-038  2.159288168123E-038 -1.886417447705E-038
  1.049780104220E+002 -1.347441664478E-039  1.178595899942E-039 -1.030602039345E-039
  1.084701206579E+002 -6.343988284777E-041  5.553882113207E-041 -4.860840267214E-041
  1.121382888606E+002 -2.553303828230E-042  2.237209613855E-042 -1.959746882831E-042
  1.159945517414E+002 -8.690864657840E-044  7.621278451932E-044 -6.681746145304E-044
  1.200519925308E+002 -2.472692086769E-045  2.170133765773E-045 -1.904179704581E-045
  1.243248520934E+002 -5.806310016594E-047  5.099874117942E-047 -4.478481995796E-047
  1.288286540551E+002 -1.109767088492E-048  9.754952881189E-049 -8.573089765860E-049
  1.335803459987E+002 -1.700552632794E-050  1.495922222842E-050 -1.315688556043E-050
  1.385984591287E+002 -2.054872679082E-052  1.808927347435E-052 -1.592166040330E-052
  1.439032892205E+002 -1.922829714022E-054  1.693893623432E-054 -1.491997030249E-054
  1.495171021587E+002 -1.365893526026E-056  1.204101905195E-056 -1.061332062898E-056
  1.554643679592E+002 -7.206354904477E-059  6.357044758200E-059 -5.607138941000E-059
  1.617720278763E+002 -2.756637568364E-061  2.433351231459E-061 -2.147735581691E-061
  1.684698000514E+002 -7.445130663046E-064  6.576205575157E-064 -5.808091788792E-064
  1.755905301928E+002 -1.378610694556E-066  1.218470959822E-066 -1.076831166372E-066
  1.831705950299E+002 -1.694195169090E-069  1.498304715629E-069 -1.324949530175E-069
  1.912503678195E+002 -1.332785664390E-072  1.179377932042E-072 -1.043545750978E-072
  1.998747570544E+002 -6.447512641160E-076  5.708654951023E-076 -5.054105299685E-076
  2.090938318328E+002 -1.834058679055E-079  1.624788252933E-079 -1.439302487529E-079
  2.189635501945E+002 -2.918021474351E-083  2.586468168158E-083 -2.292451727913E-083
  2.295466102647E+002 -2.455065528203E-087  2.177259117461E-087 -1.930785368406E-087
  2.409134484547E+002 -1.025590554195E-091  9.100029197791E-092 -8.074035707659E-092
  2.531434144886E+002 -1.981495774578E-096  1.759045756801E-096 -1.561501141513E-096
  2.663261599835E+002 -1.634132723804E-101  1.451376510892E-101 -1.289008991784E-101
  2.805632861191E+002 -5.252638637649E-107  4.667375279465E-107 -4.147178863251E-107
  2.959703071532E+002 -5.934378739684E-113  5.275536576785E-113 -4.689693620437E-113
  3.126790009236E+002 -2.094442486047E-119  1.862729660459E-119 -1.656605676300E-119
  3.308402360200E+002 -2.017538278815E-126  1.795093610465E-126 -1.597135213527E-126
  3.506273893903E+002 -4.542004872247E-134  4.042879839960E-134 -3.598525300026E-134
  3.722404996260E+002 -1.997976349575E-142  1.779121347302E-142 -1.584208715503E-142
  3.959113426415E+002 -1.395572574337E-151  1.243179345376E-151 -1.107408246125E-151
  4.219096715122E+002 -1.215813827979E-161  1.083449773729E-161 -9.654816103209E-162
  4.505509359373E+002 -9.960833155594E-173  8.879571225881E-173 -7.915578574792E-173
  4.822058963204E+002 -5.506655802944E-185  4.910584968654E-185 -4.378986506061E-185
  5.173126831536E+002 -1.387685166611E-198  1.237883060301E-198 -1.104241420932E-198
  5.563920392209E+002 -1.000045638012E-213  8.923728205481E-214 -7.962861825700E-214
  6.000667421536E+002 -1.180054543692E-230  1.053321522191E-230 -9.401923035065E-231
  6.490865708786E+002 -1.165105384105E-249  1.040281855927E-249 -9.288255671239E-250
  7.043607010442E+002 -4.264163894789E-271  3.808388705054E-271 -3.401311304001E-271
  7.670001674974E+002 -2.138999010135E-295  1.910883476189E-295 -1.707088047510E-295
  8.383741345464E+002  0.000000000000E+000  0.000000000000E+000  0.000000000000E+000
  9.201853543213E+002  0.000000000000E+000  0.000000000000E+000  0.000000000000E+000
  1.014572672318E+003  0.000000000000E+000  0.000000000000E+000  0.000000000000E+000
  1.124252254996E+003  0.000000000000E+000  0.000000000000E+000  0.000000000000E+000
  1.252715205428E+003  0.000000000000E+000  0.000000000000E+000  0.000000000000E+000
  1.404508845568E+003  0.000000000000E+000  0.000000000000E+000  0.000000000000E+000
  1.585644739908E+003  0.000000000000E+000  0.000000000000E+000  0.000000000000E+000
  1.804203189488E+003  0.000000000000E+000  0.000000000000E+000  0.000000000000E+000
  2.071250249814E+003  0.000000000000E+000  0.000000000000E+000  0.000000000000E+000
  2.402266552340E+003  0.000000000000E+000  0.000000000000E+000  0.000000000000E+000
  2.819442449497E+003  0.000000000000E+000  0.000000000000E+000  0.000000000000E+000
  3.355496240167E+003  0.000000000000E+000  0.000000000000E+000  0.000000000000E+000
  4.060290442982E+003  0.000000000000E+000  0.000000000000E+000  0.000000000000E+000
  5.012860622227E+003  0.000000000000E+000  0.000000000000E+000  0.000000000000E+000
  6.344578802016E+003  0.000000000000E+000  0.000000000000E+000  0.000000000000E+000
  8.287000878586E+003  0.000000000000E+000  0.000000000000E+000  0.000000000000E+000
  1.127976970933E+004  0.000000000000E+000  0.000000000000E+000  0.000000000000E+000
  1.624316171036E+004  0.000000000000E+000  0.000000000000E+000  0.000000000000E+000
  2.538031516868E+004  0.000000000000E+000  0.000000000000E+000  0.000000000000E+000
  4.512107881524E+004  0.000000000000E+000  0.000000000000E+000  0.000000000000E+000
  1.015232606647E+005  0.000000000000E+000  0.000000000000E+000  0.000000000000E+000
  4.060950426526E+005  0.000000000000E+000  0.000000000000E+000  0.000000000000E+000
