# 1st line: number of mesh points
# abcissa wavefunction wavefunction_1st wavefunction_2nd
1000
# Principal QN=   4 , l=   0 , Occupation=   2.0000
  2.462477732966E-006  1.870603376470E+001 -7.500420944597E+002  2.658611011924E+004
  9.849959442330E-006  1.870049356784E+001 -7.498457195413E+002  2.657812849230E+004
  2.216259066178E-005  1.869126300833E+001 -7.495185547130E+002  2.656483184122E+004
  3.940061395432E-005  1.867834673596E+001 -7.490607898809E+002  2.654622924915E+004
  6.156436892224E-005  1.866175125438E+001 -7.484726906177E+002  2.652233341747E+004
  8.865429222131E-005  1.864148491492E+001 -7.477545978686E+002  2.649316065066E+004
  1.206709175794E-004  1.861755790882E+001 -7.469069275727E+002  2.645873083707E+004
  1.576148758184E-004  1.858998225763E+001 -7.459301702019E+002  2.641906742533E+004
  1.994868948811E-004  1.855877180203E+001 -7.448248902183E+002  2.637419739664E+004
  2.462877998613E-004  1.852394218887E+001 -7.435917254493E+002  2.632415123292E+004
  2.980185130383E-004  1.848551085656E+001 -7.422313863840E+002  2.626896288084E+004
  3.546800539158E-004  1.844349701888E+001 -7.407446553888E+002  2.620866971178E+004
  4.162735392647E-004  1.839792164712E+001 -7.391323858471E+002  2.614331247793E+004
  4.828001831694E-004  1.834880745059E+001 -7.373955012210E+002  2.607293526434E+004
  5.542612970792E-004  1.829617885571E+001 -7.355349940392E+002  2.599758543728E+004
  6.306582898628E-004  1.824006198338E+001 -7.335519248108E+002  2.591731358873E+004
  7.119926678676E-004  1.818048462504E+001 -7.314474208688E+002  2.583217347733E+004
  7.982660349828E-004  1.811747621712E+001 -7.292226751420E+002  2.574222196568E+004
  8.894800927067E-004  1.805106781417E+001 -7.268789448615E+002  2.564751895424E+004
  9.856366402179E-004  1.798129206056E+001 -7.244175501993E+002  2.554812731180E+004
  1.086737574451E-003  1.790818316085E+001 -7.218398728451E+002  2.544411280279E+004
  1.192784890174E-003  1.783177684887E+001 -7.191473545209E+002  2.533554401135E+004
  1.303780680078E-003  1.775211035554E+001 -7.163414954369E+002  2.522249226249E+004
  1.419727134858E-003  1.766922237549E+001 -7.134238526911E+002  2.510503154029E+004
  1.540626543307E-003  1.758315303254E+001 -7.103960386148E+002  2.498323840335E+004
  1.666481292416E-003  1.749394384406E+001 -7.072597190667E+002  2.485719189761E+004
  1.797293867468E-003  1.740163768429E+001 -7.040166116782E+002  2.472697346667E+004
  1.933066852148E-003  1.730627874662E+001 -7.006684840529E+002  2.459266685977E+004
  2.073802928647E-003  1.720791250500E+001 -6.972171519226E+002  2.445435803752E+004
  2.219504877777E-003  1.710658567442E+001 -6.936644772636E+002  2.431213507561E+004
  2.370175579090E-003  1.700234617050E+001 -6.900123663741E+002  2.416608806649E+004
  2.525818010992E-003  1.689524306842E+001 -6.862627679192E+002  2.401630901944E+004
  2.686435250879E-003  1.678532656106E+001 -6.824176709419E+002  2.386289175886E+004
  2.852030475254E-003  1.667264791643E+001 -6.784791028475E+002  2.370593182119E+004
  3.022606959872E-003  1.655725943464E+001 -6.744491273618E+002  2.354552635050E+004
  3.198168079872E-003  1.643921440418E+001 -6.703298424659E+002  2.338177399286E+004
  3.378717309917E-003  1.631856705783E+001 -6.661233783137E+002  2.321477478983E+004
  3.564258224347E-003  1.619537252806E+001 -6.618318951306E+002  2.304463007103E+004
  3.754794497325E-003  1.606968680213E+001 -6.574575811013E+002  2.287144234600E+004
  3.950329902993E-003  1.594156667682E+001 -6.530026502455E+002  2.269531519565E+004
  4.150868315631E-003  1.581106971304E+001 -6.484693402883E+002  2.251635316327E+004
  4.356413709820E-003  1.567825419009E+001 -6.438599105249E+002  2.233466164533E+004
  4.566970160612E-003  1.554317905991E+001 -6.391766396858E+002  2.215034678227E+004
  4.782541843700E-003  1.540590390126E+001 -6.344218238034E+002  2.196351534938E+004
  5.003133035593E-003  1.526648887380E+001 -6.295977740834E+002  2.177427464798E+004
  5.228748113801E-003  1.512499467233E+001 -6.247068147852E+002  2.158273239695E+004
  5.459391557015E-003  1.498148248108E+001 -6.197512811120E+002  2.138899662491E+004
  5.695067945303E-003  1.483601392814E+001 -6.147335171162E+002  2.119317556307E+004
  5.935781960296E-003  1.468865104014E+001 -6.096558736199E+002  2.099537753899E+004
  6.181538385392E-003  1.453945619723E+001 -6.045207061562E+002  2.079571087128E+004
  6.432342105956E-003  1.438849208826E+001 -5.993303729317E+002  2.059428376557E+004
  6.688198109528E-003  1.423582166650E+001 -5.940872328142E+002  2.039120421165E+004
  6.949111486034E-003  1.408150810562E+001 -5.887936433480E+002  2.018657988217E+004
  7.215087428003E-003  1.392561475628E+001 -5.834519587985E+002  1.998051803277E+004
  7.486131230784E-003  1.376820510313E+001 -5.780645282292E+002  1.977312540401E+004
  7.762248292776E-003  1.360934272243E+001 -5.726336936142E+002  1.956450812507E+004
  8.043444115654E-003  1.344909124025E+001 -5.671617879862E+002  1.935477161937E+004
  8.329724304602E-003  1.328751429137E+001 -5.616511336250E+002  1.914402051229E+004
  8.621094568555E-003  1.312467547878E+001 -5.561040402859E+002  1.893235854098E+004
  8.917560720438E-003  1.296063833401E+001 -5.505228034723E+002  1.871988846657E+004
  9.219128677417E-003  1.279546627813E+001 -5.449097027526E+002  1.850671198857E+004
  9.525804461149E-003  1.262922258362E+001 -5.392670001242E+002  1.829292966193E+004
  9.837594198038E-003  1.246197033702E+001 -5.335969384266E+002  1.807864081651E+004
  1.015450411950E-002  1.229377240251E+001 -5.279017398031E+002  1.786394347928E+004
  1.047654056222E-002  1.212469138630E+001 -5.221836042158E+002  1.764893429925E+004
  1.080370996845E-002  1.195478960200E+001 -5.164447080126E+002  1.743370847514E+004
  1.113601888623E-002  1.178412903692E+001 -5.106872025484E+002  1.721835968604E+004
  1.147347396972E-002  1.161277131930E+001 -5.049132128617E+002  1.700298002489E+004
  1.181608197948E-002  1.144077768660E+001 -4.991248364084E+002  1.678765993501E+004
  1.216384978272E-002  1.126820895470E+001 -4.933241418514E+002  1.657248814976E+004
  1.251678435364E-002  1.109512548825E+001 -4.875131679098E+002  1.635755163513E+004
  1.287489277369E-002  1.092158717192E+001 -4.816939222659E+002  1.614293553568E+004
  1.323818223191E-002  1.074765338278E+001 -4.758683805324E+002  1.592872312345E+004
  1.360666002522E-002  1.057338296372E+001 -4.700384852786E+002  1.571499575028E+004
  1.398033355872E-002  1.039883419798E+001 -4.642061451177E+002  1.550183280322E+004
  1.435921034603E-002  1.022406478463E+001 -4.583732338539E+002  1.528931166325E+004
  1.474329800963E-002  1.004913181530E+001 -4.525415896908E+002  1.507750766727E+004
  1.513260428113E-002  9.874091751829E+000 -4.467130144997E+002  1.486649407335E+004
  1.552713700165E-002  9.699000405120E+000 -4.408892731491E+002  1.465634202928E+004
  1.592690412217E-002  9.523912914982E+000 -4.350720928942E+002  1.444712054435E+004
  1.633191370382E-002  9.348883731101E+000 -4.292631628265E+002  1.423889646444E+004
  1.674217391826E-002  9.173966595059E+000 -4.234641333834E+002  1.403173445032E+004
  1.715769304806E-002  8.999214523420E+000 -4.176766159167E+002  1.382569695921E+004
  1.757847948698E-002  8.824679791863E+000 -4.119021823197E+002  1.362084422952E+004
  1.800454174044E-002  8.650413920369E+000 -4.061423647126E+002  1.341723426875E+004
  1.843588842578E-002  8.476467659421E+000 -4.003986551841E+002  1.321492284459E+004
  1.887252827273E-002  8.302890977239E+000 -3.946725055905E+002  1.301396347901E+004
  1.931447012370E-002  8.129733047995E+000 -3.889653274090E+002  1.281440744553E+004
  1.976172293425E-002  7.957042241028E+000 -3.832784916460E+002  1.261630376938E+004
  2.021429577341E-002  7.784866111016E+000 -3.776133287981E+002  1.241969923065E+004
  2.067219782411E-002  7.613251389094E+000 -3.719711288648E+002  1.222463837035E+004
  2.113543838356E-002  7.442243974898E+000 -3.663531414128E+002  1.203116349925E+004
  2.160402686371E-002  7.271888929513E+000 -3.607605756886E+002  1.183931470954E+004
  2.207797279156E-002  7.102230469297E+000 -3.551946007792E+002  1.164912988911E+004
  2.255728580967E-002  6.933311960563E+000 -3.496563458197E+002  1.146064473849E+004
  2.304197567655E-002  6.765175915093E+000 -3.441469002455E+002  1.127389279032E+004
  2.353205226706E-002  6.597863986453E+000 -3.386673140874E+002  1.108890543127E+004
  2.402752557287E-002  6.431416967087E+000 -3.332185983091E+002  1.090571192636E+004
  2.452840570292E-002  6.265874786167E+000 -3.278017251842E+002  1.072433944550E+004
  2.503470288379E-002  6.101276508155E+000 -3.224176287116E+002  1.054481309235E+004
  2.554642746023E-002  5.937660332072E+000 -3.170672050677E+002  1.036715593512E+004
  2.606358989558E-002  5.775063591422E+000 -3.117513130928E+002  1.019138903960E+004
  2.658620077221E-002  5.613522754758E+000 -3.064707748108E+002  1.001753150388E+004
  2.711427079202E-002  5.453073426852E+000 -3.012263759799E+002  9.845600495092E+003
  2.764781077690E-002  5.293750350443E+000 -2.960188666727E+002  9.675611287736E+003
  2.818683166921E-002  5.135587408528E+000 -2.908489618833E+002  9.507577303721E+003
  2.873134453224E-002  4.978617627180E+000 -2.857173421599E+002  9.341510153885E+003
  2.928136055074E-002  4.822873178836E+000 -2.806246542615E+002  9.177419680954E+003
  2.983689103139E-002  4.668385386060E+000 -2.755715118358E+002  9.015314003822E+003
  3.039794740329E-002  4.515184725718E+000 -2.705584961168E+002  8.855199563048E+003
  3.096454121851E-002  4.363300833562E+000 -2.655861566405E+002  8.697081167470E+003
  3.153668415253E-002  4.212762509176E+000 -2.606550119771E+002  8.540962041832E+003
  3.211438800486E-002  4.063597721261E+000 -2.557655504762E+002  8.386843875322E+003
  3.269766469947E-002  3.915833613237E+000 -2.509182310258E+002  8.234726870920E+003
  3.328652628537E-002  3.769496509125E+000 -2.461134838202E+002  8.084609795450E+003
  3.388098493714E-002  3.624611919681E+000 -2.413517111382E+002  7.936490030241E+003
  3.448105295547E-002  3.481204548769E+000 -2.366332881267E+002  7.790363622290E+003
  3.508674276771E-002  3.339298299926E+000 -2.319585635909E+002  7.646225335837E+003
  3.569806692844E-002  3.198916283117E+000 -2.273278607867E+002  7.504068704245E+003
  3.631503812000E-002  3.060080821632E+000 -2.227414782159E+002  7.363886082102E+003
  3.693766915309E-002  2.922813459123E+000 -2.181996904211E+002  7.225668697429E+003
  3.756597296732E-002  2.787134966738E+000 -2.137027487791E+002  7.089406703929E+003
  3.819996263183E-002  2.653065350349E+000 -2.092508822917E+002  6.955089233164E+003
  3.883965134583E-002  2.520623857839E+000 -2.048442983718E+002  6.822704446586E+003
  3.948505243923E-002  2.389828986433E+000 -2.004831836238E+002  6.692239587321E+003
  4.013617937323E-002  2.260698490056E+000 -1.961677046166E+002  6.563681031643E+003
  4.079304574093E-002  2.133249386695E+000 -1.918980086482E+002  6.437014340038E+003
  4.145566526792E-002  2.007497965753E+000 -1.876742245001E+002  6.312224307784E+003
  4.212405181296E-002  1.883459795377E+000 -1.834964631811E+002  6.189295014985E+003
  4.279821936853E-002  1.761149729744E+000 -1.793648186585E+002  6.068209875958E+003
  4.347818206155E-002  1.640581916290E+000 -1.752793685761E+002  5.948951687939E+003
  4.416395415396E-002  1.521769802880E+000 -1.712401749577E+002  5.831502679003E+003
  4.485555004336E-002  1.404726144884E+000 -1.672472848957E+002  5.715844555169E+003
  4.555298426375E-002  1.289463012183E+000 -1.633007312231E+002  5.601958546596E+003
  4.625627148608E-002  1.175991796059E+000 -1.594005331684E+002  5.489825452849E+003
  4.696542651902E-002  1.064323215990E+000 -1.555466969931E+002  5.379425687142E+003
  4.768046430958E-002  9.544673263208E-001 -1.517392166103E+002  5.270739319540E+003
  4.840139994379E-002  8.464335228280E-001 -1.479780741840E+002  5.163746119053E+003
  4.912824864743E-002  7.402305491445E-001 -1.442632407093E+002  5.058425594582E+003
  4.986102578670E-002  6.358665030659E-001 -1.405946765715E+002  4.954757034682E+003
  5.059974686895E-002  5.333488427210E-001 -1.369723320855E+002  4.852719546098E+003
  5.134442754336E-002  4.326843926102E-001 -1.333961480132E+002  4.752292091042E+003
  5.209508360169E-002  3.338793495096E-001 -1.298660560600E+002  4.653453523183E+003
  5.285173097899E-002  2.369392882403E-001 -1.263819793497E+002  4.556182622322E+003
  5.361438575437E-002  1.418691673060E-001 -1.229438328775E+002  4.460458127721E+003
  5.438306415168E-002  4.867333439883E-002 -1.195515239412E+002  4.366258770081E+003
  5.515778254035E-002 -4.264446822238E-002 -1.162049525501E+002  4.273563302137E+003
  5.593855743605E-002 -1.320810984783E-001 -1.129040118123E+002  4.182350527865E+003
  5.672540550155E-002 -2.196340093351E-001 -1.096485882999E+002  4.092599330289E+003
  5.751834354743E-002 -3.053012437844E-001 -1.064385623923E+002  4.004288697875E+003
  5.831738853289E-002 -3.890814299323E-001 -1.032738085981E+002  3.917397749523E+003
  5.912255756656E-002 -4.709737761898E-001 -1.001541958551E+002  3.831905758133E+003
  5.993386790726E-002 -5.509780665576E-001 -9.707958780998E+001  3.747792172773E+003
  6.075133696481E-002 -6.290946559969E-001 -9.404984307606E+001  3.665036639429E+003
  6.157498230090E-002 -7.053244658795E-001 -9.106481547150E+001  3.583619020367E+003
  6.240482162984E-002 -7.796689795052E-001 -8.812435423693E+001  3.503519412105E+003
  6.324087281946E-002 -8.521302376800E-001 -8.522830423369E+001  3.424718162000E+003
  6.408315389190E-002 -9.227108343434E-001 -8.237650612280E+001  3.347195883494E+003
  6.493168302447E-002 -9.914139122358E-001 -7.956879652552E+001  3.270933470009E+003
  6.578647855056E-002 -1.058243158594E+000 -7.680500816572E+001  3.195912107519E+003
  6.664755896041E-002 -1.123202800866E+000 -7.408496999498E+001  3.122113285839E+003
  6.751494290207E-002 -1.186297602434E+000 -7.140850730078E+001  3.049518808627E+003
  6.838864918226E-002 -1.247532858327E+000 -6.877544179865E+001  2.978110802152E+003
  6.926869676725E-002 -1.306914390934E+000 -6.618559170880E+001  2.907871722843E+003
  7.015510478375E-002 -1.364448545668E+000 -6.363877181812E+001  2.838784363652E+003
  7.104789251987E-002 -1.420142186614E+000 -6.113479352805E+001  2.770831859268E+003
  7.194707942599E-002 -1.474002692117E+000 -5.867346488923E+001  2.703997690211E+003
  7.285268511573E-002 -1.526037950309E+000 -5.625459062373E+001  2.638265685845E+003
  7.376472936684E-002 -1.576256354571E+000 -5.387797213540E+001  2.573620026344E+003
  7.468323212221E-002 -1.624666798906E+000 -5.154340750940E+001  2.510045243655E+003
  7.560821349078E-002 -1.671278673225E+000 -4.925069150153E+001  2.447526221485E+003
  7.653969374850E-002 -1.716101858527E+000 -4.699961551822E+001  2.386048194368E+003
  7.747769333938E-002 -1.759146721963E+000 -4.478996758798E+001  2.325596745844E+003
  7.842223287637E-002 -1.800424111780E+000 -4.262153232503E+001  2.266157805789E+003
  7.937333314243E-002 -1.839945352133E+000 -4.049409088615E+001  2.207717646946E+003
  8.033101509154E-002 -1.877722237750E+000 -3.840742092118E+001  2.150262880698E+003
  8.129529984966E-002 -1.913767028447E+000 -3.636129651833E+001  2.093780452116E+003
  8.226620871580E-002 -1.948092443491E+000 -3.435548814478E+001  2.038257634348E+003
  8.324376316303E-002 -1.980711655786E+000 -3.238976258365E+001  1.983682022365E+003
  8.422798483957E-002 -2.011638285892E+000 -3.046388286775E+001  1.930041526134E+003
  8.521889556978E-002 -2.040886395861E+000 -2.857760821115E+001  1.877324363236E+003
  8.621651735528E-002 -2.068470482882E+000 -2.673069393921E+001  1.825519051000E+003
  8.722087237602E-002 -2.094405472743E+000 -2.492289141766E+001  1.774614398171E+003
  8.823198299134E-002 -2.118706713086E+000 -2.315394798166E+001  1.724599496170E+003
  8.924987174107E-002 -2.141389966464E+000 -2.142360686532E+001  1.675463709986E+003
  9.027456134670E-002 -2.162471403191E+000 -1.973160713239E+001  1.627196668738E+003
  9.130607471240E-002 -2.181967593987E+000 -1.807768360882E+001  1.579788255946E+003
  9.234443492626E-002 -2.199895502410E+000 -1.646156681767E+001  1.533228599569E+003
  9.338966526132E-002 -2.216272477069E+000 -1.488298291709E+001  1.487508061819E+003
  9.444178917683E-002 -2.231116243633E+000 -1.334165364177E+001  1.442617228822E+003
  9.550083031933E-002 -2.244444896619E+000 -1.183729624852E+001  1.398546900138E+003
  9.656681252387E-002 -2.256276890967E+000 -1.036962346636E+001  1.355288078198E+003
  9.763975981519E-002 -2.266631033402E+000 -8.938343451745E+000  1.312831957674E+003
  9.871969640891E-002 -2.275526473586E+000 -7.543159749134E+000  1.271169914834E+003
  9.980664671274E-002 -2.282982695054E+000 -6.183771257512E+000  1.230293496903E+003
  1.009006353277E-001 -2.289019505954E+000 -4.859872203138E+000  1.190194411466E+003
  1.020016870494E-001 -2.293657029570E+000 -3.571152118881E+000  1.150864515952E+003
  1.031098268692E-001 -2.296915694659E+000 -2.317295830456E+000  1.112295807211E+003
  1.042250799756E-001 -2.298816225585E+000 -1.097983449837E+000  1.074480411231E+003
  1.053474717553E-001 -2.299379632264E+000  8.710962390147E-002  1.037410573006E+003
  1.064770277946E-001 -2.298627199932E+000  1.238312696108E+000  1.001078646597E+003
  1.076137738809E-001 -2.296580478733E+000  2.355959760258E+000  9.654770853887E+002
  1.087577360036E-001 -2.293261273130E+000  3.440389473684E+000  9.305984325885E+002
  1.099089403557E-001 -2.288691631167E+000  4.491945125214E+000  8.964353119666E+002
  1.110674133350E-001 -2.282893833568E+000  5.510974594632E+000  8.629804188726E+002
  1.122331815458E-001 -2.275890382690E+000  6.497830303902E+000  8.302265115386E+002
  1.134062717995E-001 -2.267703991345E+000  7.452869160127E+000  7.981664026886E+002
  1.145867111168E-001 -2.258357571491E+000  8.376452490239E+000  7.667929514671E+002
  1.157745267286E-001 -2.247874222803E+000  9.268945967461E+000  7.360990557026E+002
  1.169697460775E-001 -2.236277221143E+000  1.013071952959E+001  7.060776445170E+002
  1.181723968193E-001 -2.223590006927E+000  1.096214728919E+001  6.767216712914E+002
  1.193825068243E-001 -2.209836173411E+000  1.176360743581E+001  6.480241069987E+002
  1.206001041787E-001 -2.195039454897E+000  1.253548213033E+001  6.199779339095E+002
  1.218252171865E-001 -2.179223714880E+000  1.327815739168E+001  5.925761396788E+002
  1.230578743703E-001 -2.162412934138E+000  1.399202297598E+001  5.658117118181E+002
  1.242981044731E-001 -2.144631198788E+000  1.467747224848E+001  5.396776325570E+002
  1.255459364600E-001 -2.125902688306E+000  1.533490204833E+001  5.141668740962E+002
  1.268013995194E-001 -2.106251663538E+000  1.596471254663E+001  4.892723942541E+002
  1.280645230647E-001 -2.085702454700E+000  1.656730709783E+001  4.649871325058E+002
  1.293353367356E-001 -2.064279449388E+000  1.714309208491E+001  4.413040064149E+002
  1.306138704000E-001 -2.042007080614E+000  1.769247675860E+001  4.182159084543E+002
  1.319001541553E-001 -2.018909814861E+000  1.821587307085E+001  3.957157032131E+002
  1.331942183303E-001 -1.995012140195E+000  1.871369550309E+001  3.737962249857E+002
  1.344960934863E-001 -1.970338554427E+000  1.918636088937E+001  3.524502757372E+002
  1.358058104191E-001 -1.944913553342E+000  1.963428823492E+001  3.316706234389E+002
  1.371234001607E-001 -1.918761619015E+000  2.005789853043E+001  3.114500007658E+002
  1.384488939805E-001 -1.891907208210E+000  2.045761456234E+001  2.917811041496E+002
  1.397823233874E-001 -1.864374740889E+000  2.083386071967E+001  2.726565931770E+002
  1.411237201313E-001 -1.836188588832E+000  2.118706279764E+001  2.540690903237E+002
  1.424731162050E-001 -1.807373064384E+000  2.151764779849E+001  2.360111810147E+002
  1.438305438454E-001 -1.777952409341E+000  2.182604372996E+001  2.184754139987E+002
  1.451960355357E-001 -1.747950783976E+000  2.211267940171E+001  2.014543020258E+002
  1.465696240072E-001 -1.717392256231E+000  2.237798422019E+001  1.849403228165E+002
  1.479513422405E-001 -1.686300791069E+000  2.262238798225E+001  1.689259203089E+002
  1.493412234681E-001 -1.654700240008E+000  2.284632066793E+001  1.534035061711E+002
  1.507393011753E-001 -1.622614330839E+000  2.305021223280E+001  1.383654615661E+002
  1.521456091027E-001 -1.590066657534E+000  2.323449240027E+001  1.238041391553E+002
  1.535601812478E-001 -1.557080670367E+000  2.339959045416E+001  1.097118653258E+002
  1.549830518669E-001 -1.523679666241E+000  2.354593503202E+001  9.608094262889E+001
  1.564142554766E-001 -1.489886779227E+000  2.367395391948E+001  8.290365241373E+001
  1.578538268564E-001 -1.455724971342E+000  2.378407384597E+001  7.017225764341E+001
  1.593018010499E-001 -1.421217023553E+000  2.387672028231E+001  5.787900587751E+001
  1.607582133673E-001 -1.386385527015E+000  2.395231724030E+001  4.601613240756E+001
  1.622230993867E-001 -1.351252874563E+000  2.401128707476E+001  3.457586353044E+001
  1.636964949568E-001 -1.315841252448E+000  2.405405028837E+001  2.355041994543E+001
  1.651784361984E-001 -1.280172632327E+000  2.408102533955E+001  1.293202026051E+001
  1.666689595063E-001 -1.244268763519E+000  2.409262845363E+001  2.712884593820E+000
  1.681681015517E-001 -1.208151165512E+000  2.408927343776E+001 -7.114761743833E+000
  1.696758992842E-001 -1.171841120750E+000  2.407137149964E+001 -1.655868449918E+001
  1.711923899335E-001 -1.135359667677E+000  2.403933107044E+001 -2.562663667290E+001
  1.727176110118E-001 -1.098727594062E+000  2.399355763214E+001 -3.432635467558E+001
  1.742516003158E-001 -1.061965430589E+000  2.393445354949E+001 -4.266555445602E+001
  1.757943959287E-001 -1.025093444729E+000  2.386241790674E+001 -5.065192761461E+001
  1.773460362227E-001 -9.881316348836E-001  2.377784634954E+001 -5.829313751395E+001
  1.789065598608E-001 -9.510997248067E-001  2.368113093193E+001 -6.559681539849E+001
  1.804760057990E-001 -9.140171583017E-001  2.357265996876E+001 -7.257055653471E+001
  1.820544132889E-001 -8.769030941961E-001  2.345281789370E+001 -7.922191638264E+001
  1.836418218792E-001 -8.397764015895E-001  2.332198512280E+001 -8.555840680948E+001
  1.852382714189E-001 -8.026556553774E-001  2.318053792394E+001 -9.158749235505E+001
  1.868438020586E-001 -7.655591320463E-001  2.302884829212E+001 -9.731658655893E+001
  1.884584542535E-001 -7.285048057392E-001  2.286728383072E+001 -1.027530483582E+002
  1.900822687655E-001 -6.915103445896E-001  2.269620763885E+001 -1.079041785641E+002
  1.917152866652E-001 -6.545931073201E-001  2.251597820480E+001 -1.127772164264E+002
  1.933575493349E-001 -6.177701401028E-001  2.232694930558E+001 -1.173793362919E+002
  1.950090984705E-001 -5.810581736792E-001  2.212946991272E+001 -1.217176443649E+002
  1.966699760840E-001 -5.444736207332E-001  2.192388410422E+001 -1.257991755755E+002
  1.983402245061E-001 -5.080325735162E-001  2.171053098267E+001 -1.296308905626E+002
  2.000198863884E-001 -4.717508017176E-001  2.148974459963E+001 -1.332196727755E+002
  2.017090047061E-001 -4.356437505765E-001  2.126185388604E+001 -1.365723257000E+002
  2.034076227605E-001 -3.997265392309E-001  2.102718258884E+001 -1.396955702134E+002
  2.051157841813E-001 -3.640139592980E-001  2.078604921360E+001 -1.425960420717E+002
  2.068335329293E-001 -3.285204736799E-001  2.053876697313E+001 -1.452802895320E+002
  2.085609132993E-001 -2.932602155910E-001  2.028564374204E+001 -1.477547711141E+002
  2.102979699219E-001 -2.582469877997E-001  2.002698201709E+001 -1.500258535023E+002
  2.120447477670E-001 -2.234942620787E-001  1.976307888332E+001 -1.520998095899E+002
  2.138012921459E-001 -1.890151788589E-001  1.949422598574E+001 -1.539828166678E+002
  2.155676487143E-001 -1.548225470799E-001  1.922070950658E+001 -1.556809547572E+002
  2.173438634747E-001 -1.209288442305E-001  1.894281014786E+001 -1.572002050879E+002
  2.191299827795E-001 -8.734621657481E-002  1.866080311932E+001 -1.585464487221E+002
  2.209260533334E-001 -5.408647955453E-002  1.837495813129E+001 -1.597254653215E+002
  2.227321221965E-001 -2.116111836421E-002  1.808553939269E+001 -1.607429320603E+002
  2.245482367870E-001  1.141871130933E-002  1.779280561371E+001 -1.616044226788E+002
  2.263744448840E-001  4.364218238867E-002  1.749701001321E+001 -1.623154066795E+002
  2.282107946304E-001  7.549879535544E-002  1.719840033057E+001 -1.628812486618E+002
  2.300573345358E-001  1.069783770542E-001  1.689721884185E+001 -1.633072077934E+002
  2.319141134796E-001  1.380710793570E-001  1.659370238011E+001 -1.635984374167E+002
  2.337811807137E-001  1.687673776949E-001  1.628808235969E+001 -1.637599847859E+002
  2.356585858657E-001  1.990580694632E-001  1.598058480426E+001 -1.637967909328E+002
  2.375463789419E-001  2.289342723051E-001  1.567143037849E+001 -1.637136906578E+002
  2.394446103301E-001  2.583874222821E-001  1.536083442314E+001 -1.635154126418E+002
  2.413533308032E-001  2.874092719350E-001  1.504900699341E+001 -1.632065796762E+002
  2.432725915217E-001  3.159918882430E-001  1.473615290030E+001 -1.627917090057E+002
  2.452024440374E-001  3.441276504849E-001  1.442247175490E+001 -1.622752127817E+002
  2.471429402963E-001  3.718092480102E-001  1.410815801534E+001 -1.616613986191E+002
  2.490941326418E-001  3.990296779234E-001  1.379340103626E+001 -1.609544702553E+002
  2.510560738180E-001  4.257822426878E-001  1.347838512060E+001 -1.601585283042E+002
  2.530288169732E-001  4.520605476544E-001  1.316328957358E+001 -1.592775711017E+002
  2.550124156627E-001  4.778584985195E-001  1.284828875861E+001 -1.583154956384E+002
  2.570069238527E-001  5.031702987168E-001  1.253355215502E+001 -1.572760985730E+002
  2.590123959233E-001  5.279904467482E-001  1.221924441747E+001 -1.561630773238E+002
  2.610288866721E-001  5.523137334579E-001  1.190552543677E+001 -1.549800312316E+002
  2.630564513176E-001  5.761352392536E-001  1.159255040206E+001 -1.537304627894E+002
  2.650951455027E-001  5.994503312789E-001  1.128046986412E+001 -1.524177789358E+002
  2.671450252982E-001  6.222546605411E-001  1.096942979964E+001 -1.510452924043E+002
  2.692061472063E-001  6.445441589972E-001  1.065957167647E+001 -1.496162231259E+002
  2.712785681644E-001  6.663150366026E-001  1.035103251942E+001 -1.481336996799E+002
  2.733623455485E-001  6.875637783241E-001  1.004394497676E+001 -1.466007607873E+002
  2.754575371771E-001  7.082871411219E-001  9.738437387090E+000 -1.450203568428E+002
  2.775642013146E-001  7.284821509021E-001  9.434633846552E+000 -1.433953514808E+002
  2.796823966754E-001  7.481460994430E-001  9.132654276245E+000 -1.417285231713E+002
  2.818121824272E-001  7.672765412967E-001  8.832614489697E+000 -1.400225668403E+002
  2.839536181956E-001  7.858712906697E-001  8.534626260328E+000 -1.382800955115E+002
  2.861067640671E-001  8.039284182827E-001  8.238797388776E+000 -1.365036419650E+002
  2.882716805935E-001  8.214462482127E-001  7.945231769999E+000 -1.346956604085E+002
  2.904484287958E-001  8.384233547189E-001  7.654029460060E+000 -1.328585281574E+002
  2.926370701682E-001  8.548585590523E-001  7.365286742512E+000 -1.309945473209E+002
  2.948376666818E-001  8.707509262534E-001  7.079096194307E+000 -1.291059464892E+002
  2.970502807892E-001  8.860997619355E-001  6.795546751157E+000 -1.271948824194E+002
  2.992749754281E-001  9.009046090572E-001  6.514723772278E+000 -1.252634417167E+002
  3.015118140259E-001  9.151652446838E-001  6.236709104461E+000 -1.233136425072E+002
  3.037608605035E-001  9.288816767385E-001  5.961581145421E+000 -1.213474361006E+002
  3.060221792797E-001  9.420541407440E-001  5.689414906367E+000 -1.193667086390E+002
  3.082958352758E-001  9.546830965541E-001  5.420282073754E+000 -1.173732827296E+002
  3.105818939192E-001  9.667692250775E-001  5.154251070190E+000 -1.153689190589E+002
  3.128804211487E-001  9.783134249916E-001  4.891387114455E+000 -1.133553179867E+002
  3.151914834180E-001  9.893168094481E-001  4.631752280607E+000 -1.113341211168E+002
  3.175151477009E-001  9.997807027697E-001  4.375405556171E+000 -1.093069128430E+002
  3.198514814953E-001  1.009706637138E+000  4.122402899371E+000 -1.072752218696E+002
  3.222005528283E-001  1.019096349271E+000  3.872797295413E+000 -1.052405227033E+002
  3.245624302601E-001  1.027951777096E+000  3.626638811807E+000 -1.032042371155E+002
  3.269371828894E-001  1.036275056403E+000  3.383974652719E+000 -1.011677355754E+002
  3.293248803576E-001  1.044068517501E+000  3.144849212372E+000 -9.913233864976E+001
  3.317255928537E-001  1.051334681851E+000  2.909304127481E+000 -9.709931837194E+001
  3.341393911192E-001  1.058076258700E+000  2.677378328749E+000 -9.506989957623E+001
  3.365663464529E-001  1.064296141694E+000  2.449108091431E+000 -9.304526119902E+001
  3.390065307159E-001  1.069997405484E+000  2.224527084975E+000 -9.102653754534E+001
  3.414600163363E-001  1.075183302318E+000  2.003666421777E+000 -8.901481952067E+001
  3.439268763145E-001  1.079857258624E+000  1.786554705049E+000 -8.701115582772E+001
  3.464071842282E-001  1.084022871573E+000  1.573218075846E+000 -8.501655412810E+001
  3.489010142374E-001  1.087683905633E+000  1.363680259266E+000 -8.303198216896E+001
  3.514084410898E-001  1.090844289109E+000  1.157962609856E+000 -8.105836887451E+001
  3.539295401259E-001  1.093508110665E+000  9.560841562523E-001 -7.909660540299E+001
  3.564643872842E-001  1.095679615835E+000  7.580616450869E-001 -7.714754616899E+001
  3.590130591069E-001  1.097363203516E+000  5.639095842012E-001 -7.521200983193E+001
  3.615756327448E-001  1.098563422444E+000  3.736402851894E-001 -7.329078025098E+001
  3.641521859632E-001  1.099284967659E+000  1.872639053147E-001 -7.138460740706E+001
  3.667427971473E-001  1.099532676948E+000  4.788488832894E-003 -6.949420829258E+001
  3.693475453076E-001  1.099311527279E+000 -1.737799922413E-001 -6.762026776973E+001
  3.719665100860E-001  1.098626631211E+000 -3.484375978879E-001 -6.576343939794E+001
  3.745997717609E-001  1.097483233291E+000 -5.191823803183E-001 -6.392434623155E+001
  3.772474112534E-001  1.095886706438E+000 -6.860143446586E-001 -6.210358158848E+001
  3.799095101331E-001  1.093842548304E+000 -8.489354100432E-001 -6.030170979084E+001
  3.825861506238E-001  1.091356377629E+000 -1.007949371082E+000 -5.851926687857E+001
  3.852774156096E-001  1.088433930569E+000 -1.163061859670E+000 -5.675676129696E+001
  3.879833886411E-001  1.085081057017E+000 -1.314280307096E+000 -5.501467455926E+001
  3.907041539409E-001  1.081303716909E+000 -1.461613906427E+000 -5.329346188533E+001
  3.934397964105E-001  1.077107976512E+000 -1.605073575131E+000 -5.159355281750E+001
  3.961904016361E-001  1.072500004702E+000 -1.744671917908E+000 -4.991535181465E+001
  3.989560558949E-001  1.067486069229E+000 -1.880423189692E+000 -4.825923882567E+001
  4.017368461617E-001  1.062072532970E+000 -2.012343258816E+000 -4.662556984342E+001
  4.045328601149E-001  1.056265850168E+000 -2.140449570282E+000 -4.501467744021E+001
  4.073441861437E-001  1.050072562672E+000 -2.264761109145E+000 -4.342687128603E+001
  4.101709133538E-001  1.043499296152E+000 -2.385298363958E+000 -4.186243865046E+001
  4.130131315750E-001  1.036552756321E+000 -2.502083290273E+000 -4.032164488946E+001
  4.158709313670E-001  1.029239725147E+000 -2.615139274175E+000 -3.880473391805E+001
  4.187444040269E-001  1.021567057054E+000 -2.724491095824E+000 -3.731192866989E+001
  4.216336415958E-001  1.013541675128E+000 -2.830164893000E+000 -3.584343154481E+001
  4.245387368658E-001  1.005170567317E+000 -2.932188124625E+000 -3.439942484528E+001
  4.274597833869E-001  9.964607826317E-001 -3.030589534258E+000 -3.298007120272E+001
  4.303968754741E-001  9.874194273491E-001 -3.125399113548E+000 -3.158551399462E+001
  4.333501082151E-001  9.780536612169E-001 -3.216648065637E+000 -3.021587775338E+001
  4.363195774768E-001  9.683706936645E-001 -3.304368768513E+000 -2.887126856768E+001
  4.393053799131E-001  9.583777800213E-001 -3.388594738295E+000 -2.755177447716E+001
  4.423076129724E-001  9.480822177432E-001 -3.469360592460E+000 -2.625746586131E+001
  4.453263749047E-001  9.374913426499E-001 -3.546702013008E+000 -2.498839582325E+001
  4.483617647698E-001  9.266125251755E-001 -3.620655709561E+000 -2.374460056897E+001
  4.514138824444E-001  9.154531666340E-001 -3.691259382408E+000 -2.252609978292E+001
  4.544828286302E-001  9.040206955015E-001 -3.758551685490E+000 -2.133289700040E+001
  4.575687048617E-001  8.923225637178E-001 -3.822572189343E+000 -2.016497997733E+001
  4.606716135142E-001  8.803662430093E-001 -3.883361344003E+000 -1.902232105798E+001
  4.637916578118E-001  8.681592212356E-001 -3.940960441878E+000 -1.790487754113E+001
  4.669289418353E-001  8.557089987613E-001 -3.995411580605E+000 -1.681259204505E+001
  4.700835705309E-001  8.430230848566E-001 -4.046757625905E+000 -1.574539287175E+001
  4.732556497182E-001  8.301089941269E-001 -4.095042174446E+000 -1.470319437083E+001
  4.764452860985E-001  8.169742429757E-001 -4.140309516738E+000 -1.368589730322E+001
  4.796525872639E-001  8.036263461019E-001 -4.182604600067E+000 -1.269338920514E+001
  4.828776617050E-001  7.900728130334E-001 -4.221972991494E+000 -1.172554475241E+001
  4.861206188205E-001  7.763211447005E-001 -4.258460840938E+000 -1.078222612539E+001
  4.893815689254E-001  7.623788300499E-001 -4.292114844360E+000 -9.863283374679E+000
  4.926606232602E-001  7.482533427020E-001 -4.322982207073E+000 -8.968554787582E+000
  4.959578939999E-001  7.339521376541E-001 -4.351110607204E+000 -8.097867255598E+000
  4.992734942630E-001  7.194826480309E-001 -4.376548159315E+000 -7.251036642815E+000
  5.026075381207E-001  7.048522818845E-001 -4.399343378231E+000 -6.427868155285E+000
  5.059601406064E-001  6.900684190466E-001 -4.419545143082E+000 -5.628156711346E+000
  5.093314177250E-001  6.751384080330E-001 -4.437202661589E+000 -4.851687312817E+000
  5.127214864626E-001  6.600695630054E-001 -4.452365434621E+000 -4.098235416991E+000
  5.161304647959E-001  6.448691607890E-001 -4.465083221046E+000 -3.367567309307E+000
  5.195584717022E-001  6.295444379502E-001 -4.475406002905E+000 -2.659440476559E+000
  5.230056271692E-001  6.141025879349E-001 -4.483383950931E+000 -1.973603980474E+000
  5.264720522050E-001  5.985507582691E-001 -4.489067390447E+000 -1.309798831474E+000
  5.299578688483E-001  5.828960478241E-001 -4.492506767655E+000 -6.677583624135E-001
  5.334632001783E-001  5.671455041471E-001 -4.493752616359E+000 -4.720860205901E-002
  5.369881703256E-001  5.513061208593E-001 -4.492855525133E+000  5.521313519282E-001
  5.405329044823E-001  5.353848351216E-001 -4.489866104967E+000  1.130548960774E+000
  5.440975289128E-001  5.193885251712E-001 -4.484834957419E+000  1.688337873412E+000
  5.476821709641E-001  5.033240079283E-001 -4.477812643283E+000  2.225797556623E+000
  5.512869590774E-001  4.871980366752E-001 -4.468849651818E+000  2.743232926805E+000
  5.549120227985E-001  4.710172988084E-001 -4.457996370543E+000  3.240953983671E+000
  5.585574927889E-001  4.547884136647E-001 -4.445303055631E+000  3.719275446186E+000
  5.622235008375E-001  4.385179304221E-001 -4.430819802919E+000  4.178516391080E+000
  5.659101798716E-001  4.222123260763E-001 -4.414596519560E+000  4.618999894237E+000
  5.696176639685E-001  4.058780034933E-001 -4.396682896330E+000  5.041052675307E+000
  5.733460883672E-001  3.895212895388E-001 -4.377128380620E+000  5.445004745861E+000
  5.770955894803E-001  3.731484332847E-001 -4.355982150119E+000  5.831189061410E+000
  5.808663049055E-001  3.567656042930E-001 -4.333293087216E+000  6.199941177627E+000
  5.846583734383E-001  3.403788909779E-001 -4.309109754134E+000  6.551598911085E+000
  5.884719350837E-001  3.239942990453E-001 -4.283480368805E+000  6.886502004827E+000
  5.923071310690E-001  3.076177500105E-001 -4.256452781508E+000  7.204991799095E+000
  5.961641038558E-001  2.912550797937E-001 -4.228074452290E+000  7.507410907509E+000
  6.000429971532E-001  2.749120373936E-001 -4.198392429154E+000  7.794102898998E+000
  6.039439559304E-001  2.585942836377E-001 -4.167453327063E+000  8.065411985783E+000
  6.078671264295E-001  2.423073900109E-001 -4.135303307734E+000  8.321682717676E+000
  6.118126561791E-001  2.260568375602E-001 -4.101988060258E+000  8.563259682983E+000
  6.157806940069E-001  2.098480158755E-001 -4.067552782533E+000  8.790487216245E+000
  6.197713900541E-001  1.936862221464E-001 -4.032042163528E+000  9.003709113090E+000
  6.237848957880E-001  1.775766602941E-001 -3.995500366377E+000  9.203268352411E+000
  6.278213640166E-001  1.615244401770E-001 -3.957971012306E+000  9.389506826094E+000
  6.318809489022E-001  1.455345768698E-001 -3.919497165402E+000  9.562765076503E+000
  6.359638059756E-001  1.296119900151E-001 -3.880121318208E+000  9.723382041914E+000
  6.400700921502E-001  1.137615032463E-001 -3.839885378168E+000  9.871694810073E+000
  6.441999657370E-001  9.798784368029E-002 -3.798830654898E+000  1.000803838003E+001
  6.483535864586E-001  8.229564148005E-002 -3.756997848292E+000  1.013274543244E+001
  6.525311154647E-001  6.668942948437E-002 -3.714427037453E+000  1.024614610834E+001
  6.567327153465E-001  5.117364290443E-002 -3.671157670449E+000  1.034856779670E+001
  6.609585501525E-001  3.575261908546E-002 -3.627228554887E+000  1.044033493070E+001
  6.652087854034E-001  2.043059733215E-002 -3.582677849286E+000  1.052176879281E+001
  6.694835881080E-001  5.211718796344E-003 -3.537543055262E+000  1.059318732886E+001
  6.737831267789E-001 -9.899973574625E-003 -3.491861010492E+000  1.065490497105E+001
  6.781075714485E-001 -2.490053503035E-002 -3.445667882463E+000  1.070723246992E+001
  6.824570936852E-001 -3.978611895236E-002 -3.398999162982E+000  1.075047673541E+001
  6.868318666096E-001 -5.455297673320E-002 -3.351889663452E+000  1.078494068681E+001
  6.912320649114E-001 -6.919745760143E-002 -3.304373510873E+000  1.081092311184E+001
  6.956578648660E-001 -8.371600839422E-002 -3.256484144581E+000  1.082871853462E+001
  7.001094443516E-001 -9.810517327931E-002 -3.208254313692E+000  1.083861709255E+001
  7.045869828664E-001 -1.123615934281E-001 -3.159716075241E+000  1.084090442211E+001
  7.090906615461E-001 -1.264820066419E-001 -3.110900793001E+000  1.083586155339E+001
  7.136206631812E-001 -1.404632469325E-001 -3.061839136961E+000  1.082376481333E+001
  7.181771722357E-001 -1.543022440603E-001 -3.012561083440E+000  1.080488573759E+001
  7.227603748644E-001 -1.679960230299E-001 -2.963095915835E+000  1.077949099083E+001
  7.273704589315E-001 -1.815417035470E-001 -2.913472225961E+000  1.074784229542E+001
  7.320076140295E-001 -1.949364994370E-001 -2.863717915982E+000  1.071019636830E+001
  7.366720314977E-001 -2.081777180277E-001 -2.813860200902E+000  1.066680486593E+001
  7.413639044413E-001 -2.212627594986E-001 -2.763925611600E+000  1.061791433714E+001
  7.460834277508E-001 -2.341891161974E-001 -2.713939998381E+000  1.056376618372E+001
  7.508307981215E-001 -2.469543719260E-001 -2.663928535038E+000  1.050459662849E+001
  7.556062140732E-001 -2.595562011991E-001 -2.613915723382E+000  1.044063669083E+001
  7.604098759705E-001 -2.719923684749E-001 -2.563925398227E+000  1.037211216929E+001
  7.652419860431E-001 -2.842607273617E-001 -2.513980732825E+000  1.029924363118E+001
  7.701027484060E-001 -2.963592198005E-001 -2.464104244690E+000  1.022224640888E+001
  7.749923690810E-001 -3.082858752276E-001 -2.414317801835E+000  1.014133060269E+001
  7.799110560171E-001 -3.200388097159E-001 -2.364642629358E+000  1.005670108997E+001
  7.848590191124E-001 -3.316162250991E-001 -2.315099316389E+000  9.968557540301E+000
  7.898364702358E-001 -3.430164080793E-001 -2.265707823348E+000  9.877094436512E+000
  7.948436232486E-001 -3.542377293199E-001 -2.216487489515E+000  9.782501101288E+000
  7.998806940270E-001 -3.652786425247E-001 -2.167457040873E+000  9.684961729096E+000
  8.049479004846E-001 -3.761376835058E-001 -2.118634598215E+000  9.584655423224E+000
  8.100454625952E-001 -3.868134692411E-001 -2.070037685482E+000  9.481756237670E+000
  8.151736024160E-001 -3.973046969225E-001 -2.021683238324E+000  9.376433223622E+000
  8.203325441110E-001 -4.076101429971E-001 -1.973587612852E+000  9.268850480296E+000
  8.255225139746E-001 -4.177286622018E-001 -1.925766594566E+000  9.159167209874E+000
  8.307437404560E-001 -4.276591865932E-001 -1.878235407441E+000  9.047537776289E+000
  8.359964541833E-001 -4.374007245733E-001 -1.831008723143E+000  8.934111767620E+000
  8.412808879885E-001 -4.469523599135E-001 -1.784100670371E+000  8.819034061836E+000
  8.465972769320E-001 -4.563132507758E-001 -1.737524844288E+000  8.702444895654E+000
  8.519458583285E-001 -4.654826287346E-001 -1.691294316038E+000  8.584479936269E+000
  8.573268717726E-001 -4.744597977988E-001 -1.645421642325E+000  8.465270355707E+000
  8.627405591648E-001 -4.832441334345E-001 -1.599918875034E+000  8.344942907571E+000
  8.681871647376E-001 -4.918350815913E-001 -1.554797570888E+000  8.223620005954E+000
  8.736669350829E-001 -5.002321577306E-001 -1.510068801116E+000  8.101419806277E+000
  8.791801191785E-001 -5.084349458582E-001 -1.465743161114E+000  7.978456287838E+000
  8.847269684160E-001 -5.164430975614E-001 -1.421830780103E+000  7.854839337854E+000
  8.903077366283E-001 -5.242563310514E-001 -1.378341330744E+000  7.730674836777E+000
  8.959226801184E-001 -5.318744302105E-001 -1.335284038719E+000  7.606064744682E+000
  9.015720576873E-001 -5.392972436471E-001 -1.292667692253E+000  7.481107188527E+000
  9.072561306635E-001 -5.465246837558E-001 -1.250500651573E+000  7.355896550083E+000
  9.129751629322E-001 -5.535567257856E-001 -1.208790858278E+000  7.230523554348E+000
  9.187294209652E-001 -5.603934069150E-001 -1.167545844639E+000  7.105075358275E+000
  9.245191738511E-001 -5.670348253351E-001 -1.126772742778E+000  6.979635639615E+000
  9.303446933257E-001 -5.734811393403E-001 -1.086478293759E+000  6.854284685733E+000
  9.362062538036E-001 -5.797325664272E-001 -1.046668856554E+000  6.729099482224E+000
  9.421041324088E-001 -5.857893824022E-001 -1.007350416881E+000  6.604153801169E+000
  9.480386090075E-001 -5.916519204967E-001 -9.685285959221E-001  6.479518288902E+000
  9.540099662399E-001 -5.973205704912E-001 -9.302086588964E-001  6.355260553142E+000
  9.600184895530E-001 -6.027957778472E-001 -8.923955234924E-001  6.231445249354E+000
  9.660644672342E-001 -6.080780428483E-001 -8.550937681529E-001  6.108134166229E+000
  9.721481904447E-001 -6.131679197486E-001 -8.183076402068E-001  5.985386310156E+000
  9.782699532537E-001 -6.180660159292E-001 -7.820410638452E-001  5.863257988587E+000
  9.844300526731E-001 -6.227729910636E-001 -7.462976479374E-001  5.741802892193E+000
  9.906287886927E-001 -6.272895562893E-001 -7.110806936855E-001  5.621072175718E+000
  9.968664643158E-001 -6.316164733882E-001 -6.763932021149E-001  5.501114537447E+000
  1.003143385595E+000 -6.357545539730E-001 -6.422378813988E-001  5.381976297214E+000
  1.009459861670E+000 -6.397046586814E-001 -6.086171540168E-001  5.263701472873E+000
  1.015816204803E+000 -6.434676963761E-001 -5.755331637466E-001  5.146331855182E+000
  1.022212730417E+000 -6.470446233515E-001 -5.429877824884E-001  5.029907081030E+000
  1.028649757135E+000 -6.504364425457E-001 -5.109826169242E-001  4.914464704971E+000
  1.035127606818E+000 -6.536442027583E-001 -4.795190150112E-001  4.800040269017E+000
  1.041646604604E+000 -6.566689978731E-001 -4.485980723118E-001  4.686667370656E+000
  1.048207078948E+000 -6.595119660848E-001 -4.182206381623E-001  4.574377729069E+000
  1.054809361664E+000 -6.621742891308E-001 -3.883873216819E-001  4.463201249518E+000
  1.061453787962E+000 -6.646571915255E-001 -3.590984976251E-001  4.353166085901E+000
  1.068140696494E+000 -6.669619397990E-001 -3.303543120804E-001  4.244298701442E+000
  1.074870429395E+000 -6.690898417370E-001 -3.021546880186E-001  4.136623927538E+000
  1.081643332322E+000 -6.710422456246E-001 -2.744993306949E-001  4.030165020738E+000
  1.088459754505E+000 -6.728205394904E-001 -2.473877329072E-001  3.924943717879E+000
  1.095320048782E+000 -6.744261503529E-001 -2.208191801171E-001  3.820980289375E+000
  1.102224571653E+000 -6.758605434673E-001 -1.947927554350E-001  3.718293590685E+000
  1.109173683316E+000 -6.771252215723E-001 -1.693073444773E-001  3.616901111972E+000
  1.116167747721E+000 -6.782217241377E-001 -1.443616400970E-001  3.516819025972E+000
  1.123207132611E+000 -6.791516266106E-001 -1.199541469953E-001  3.418062234122E+000
  1.130292209573E+000 -6.799165396607E-001 -9.608318621774E-002  3.320644410941E+000
  1.137423354084E+000 -6.805181084249E-001 -7.274689954036E-002  3.224578046738E+000
  1.144600945560E+000 -6.809580117490E-001 -4.994325375150E-002  3.129874488649E+000
  1.151825367405E+000 -6.812379614281E-001 -2.767004483370E-002  3.036543980066E+000
  1.159097007063E+000 -6.813597014436E-001 -5.924902051735E-003  2.944595698493E+000
  1.166416256069E+000 -6.813250071977E-001  1.529470804833E-002  2.854037791862E+000
  1.173783510095E+000 -6.811356847449E-001  3.599147772359E-002  2.764877413380E+000
  1.181199169012E+000 -6.807935700187E-001  5.616825419699E-002  2.677120754926E+000
  1.188663636935E+000 -6.803005280558E-001  7.582803589307E-002  2.590773079071E+000
  1.196177322279E+000 -6.796584522147E-001  9.497396874154E-002  2.505838749761E+000
  1.203740637818E+000 -6.788692633914E-001  1.136093425436E-001  2.422321261712E+000
  1.211354000735E+000 -6.779349092291E-001  1.317375873960E-001  2.340223268578E+000
  1.219017832681E+000 -6.768573633236E-001  1.493622701680E-001  2.259546609941E+000
  1.226732559833E+000 -6.756386244236E-001  1.664870910262E-001  2.180292337173E+000
  1.234498612950E+000 -6.742807156262E-001  1.831158800034E-001  2.102460738232E+000
  1.242316427433E+000 -6.727856835665E-001  1.992525936058E-001  2.026051361434E+000
  1.250186443388E+000 -6.711555976025E-001  2.149013114553E-001  1.951063038272E+000
  1.258109105679E+000 -6.693925489940E-001  2.300662329620E-001  1.877493905313E+000
  1.266084863999E+000 -6.674986500766E-001  2.447516740241E-001  1.805341425243E+000
  1.274114172926E+000 -6.654760334301E-001  2.589620637498E-001  1.734602407108E+000
  1.282197491990E+000 -6.633268510415E-001  2.727019411992E-001  1.665273025794E+000
  1.290335285734E+000 -6.610532734630E-001  2.859759521416E-001  1.597348840802E+000
  1.298528023786E+000 -6.586574889644E-001  2.987888458264E-001  1.530824814376E+000
  1.306776180919E+000 -6.561417026809E-001  3.111454717638E-001  1.465695329008E+000
  1.315080237120E+000 -6.535081357555E-001  3.230507765122E-001  1.401954204391E+000
  1.323440677664E+000 -6.507590244773E-001  3.345098004719E-001  1.339594713848E+000
  1.331857993175E+000 -6.478966194151E-001  3.455276746801E-001  1.278609600292E+000
  1.340332679704E+000 -6.449231845462E-001  3.561096176075E-001  1.218991091745E+000
  1.348865238797E+000 -6.418409963824E-001  3.662609319541E-001  1.160730916473E+000
  1.357456177571E+000 -6.386523430913E-001  3.759870014420E-001  1.103820317754E+000
  1.366106008782E+000 -6.353595236145E-001  3.852932876045E-001  1.048250068338E+000
  1.374815250909E+000 -6.319648467835E-001  3.941853265715E-001  9.940104846154E-001
  1.383584428224E+000 -6.284706304320E-001  4.026687258481E-001  9.410914405354E-001
  1.392414070872E+000 -6.248792005062E-001  4.107491610879E-001  8.894823813003E-001
  1.401304714948E+000 -6.211928901741E-001  4.184323728598E-001  8.391723368687E-001
  1.410256902580E+000 -6.174140389325E-001  4.257241634081E-001  7.901499352896E-001
  1.419271182008E+000 -6.135449917130E-001  4.326303934067E-001  7.424034158947E-001
  1.428348107668E+000 -6.095880979886E-001  4.391569787064E-001  6.959206423706E-001
  1.437488240275E+000 -6.055457108789E-001  4.453098870770E-001  6.506891157312E-001
  1.446692146911E+000 -6.014201862572E-001  4.510951349450E-001  6.066959872089E-001
  1.455960401104E+000 -5.972138818575E-001  4.565187841262E-001  5.639280710822E-001
  1.465293582927E+000 -5.929291563839E-001  4.615869385563E-001  5.223718574528E-001
  1.474692279079E+000 -5.885683686213E-001  4.663057410193E-001  4.820135249864E-001
  1.484157082978E+000 -5.841338765499E-001  4.706813698756E-001  4.428389536281E-001
  1.493688594856E+000 -5.796280364613E-001  4.747200357914E-001  4.048337373009E-001
  1.503287421848E+000 -5.750532020801E-001  4.784279784714E-001  3.679831965951E-001
  1.512954178094E+000 -5.704117236882E-001  4.818114633952E-001  3.322723914556E-001
  1.522689484827E+000 -5.657059472555E-001  4.848767785613E-001  2.976861338693E-001
  1.532493970480E+000 -5.609382135747E-001  4.876302312399E-001  2.642090005566E-001
  1.542368270780E+000 -5.561108574032E-001  4.900781447356E-001  2.318253456687E-001
  1.552313028853E+000 -5.512262066107E-001  4.922268551648E-001  2.005193134882E-001
  1.562328895326E+000 -5.462865813349E-001  4.940827082465E-001  1.702748511344E-001
  1.572416528431E+000 -5.412942931439E-001  4.956520561136E-001  1.410757212675E-001
  1.582576594115E+000 -5.362516442079E-001  4.969412541419E-001  1.129055147901E-001
  1.592809766145E+000 -5.311609264788E-001  4.979566578040E-001  8.574766353864E-002
  1.603116726218E+000 -5.260244208802E-001  4.987046195476E-001  5.958545296094E-002
  1.613498164078E+000 -5.208443965058E-001  4.991914857018E-001  3.440203476985E-002
  1.623954777622E+000 -5.156231098302E-001  4.994235934146E-001  1.018043956727E-002
  1.634487273025E+000 -5.103628039287E-001  4.994072676230E-001 -1.309641057166E-002
  1.645096364848E+000 -5.050657077098E-001  4.991488180590E-001 -3.544568956338E-002
  1.655782776168E+000 -4.997340351594E-001  4.986545362944E-001 -5.688465484014E-002
  1.666547238688E+000 -4.943699845970E-001  4.979306928259E-001 -7.743063494443E-002
  1.677390492873E+000 -4.889757379446E-001  4.969835342041E-001 -9.710101720496E-002
  1.688313288066E+000 -4.835534600101E-001  4.958192802084E-001 -1.159132355059E-001
  1.699316382620E+000 -4.781052977826E-001  4.944441210703E-001 -1.338847581616E-001
  1.710400544029E+000 -4.726333797435E-001  4.928642147474E-001 -1.510330759086E-001
  1.721566549058E+000 -4.671398151905E-001  4.910856842505E-001 -1.673756900283E-001
  1.732815183877E+000 -4.616266935779E-001  4.891146150263E-001 -1.829301006122E-001
  1.744147244202E+000 -4.560960838710E-001  4.869570523974E-001 -1.977137949826E-001
  1.755563535430E+000 -4.505500339165E-001  4.846189990616E-001 -2.117442362810E-001
  1.767064872781E+000 -4.449905698284E-001  4.821064126538E-001 -2.250388522381E-001
  1.778652081442E+000 -4.394196953903E-001  4.794252033699E-001 -2.376150241359E-001
  1.790325996715E+000 -4.338393914737E-001  4.765812316572E-001 -2.494900759753E-001
  1.802087464166E+000 -4.282516154729E-001  4.735803059706E-001 -2.606812638612E-001
  1.813937339772E+000 -4.226583007569E-001  4.704281805987E-001 -2.712057656154E-001
  1.825876490081E+000 -4.170613561378E-001  4.671305535579E-001 -2.810806706309E-001
  1.837905792365E+000 -4.114626653569E-001  4.636930645591E-001 -2.903229699751E-001
  1.850026134778E+000 -4.058640865872E-001  4.601212930465E-001 -2.989495467556E-001
  1.862238416525E+000 -4.002674519539E-001  4.564207563089E-001 -3.069771667564E-001
  1.874543548019E+000 -3.946745670725E-001  4.525969076667E-001 -3.144224693539E-001
  1.886942451054E+000 -3.890872106035E-001  4.486551347328E-001 -3.213019587223E-001
  1.899436058973E+000 -3.835071338256E-001  4.446007577502E-001 -3.276319953360E-001
  1.912025316845E+000 -3.779360602263E-001  4.404390280049E-001 -3.334287877761E-001
  1.924711181638E+000 -3.723756851096E-001  4.361751263165E-001 -3.387083848484E-001
  1.937494622402E+000 -3.668276752220E-001  4.318141616049E-001 -3.434866680192E-001
  1.950376620452E+000 -3.612936683955E-001  4.273611695347E-001 -3.477793441731E-001
  1.963358169552E+000 -3.557752732085E-001  4.228211112358E-001 -3.516019386991E-001
  1.976440276109E+000 -3.502740686640E-001  4.181988721017E-001 -3.549697889081E-001
  1.989623959360E+000 -3.447916038853E-001  4.134992606641E-001 -3.578980377847E-001
  2.002910251577E+000 -3.393293978285E-001  4.087270075433E-001 -3.604016280771E-001
  2.016300198259E+000 -3.338889390132E-001  4.038867644749E-001 -3.624952967255E-001
  2.029794858340E+000 -3.284716852689E-001  3.989831034116E-001 -3.641935696312E-001
  2.043395304396E+000 -3.230790634992E-001  3.940205156984E-001 -3.655107567657E-001
  2.057102622856E+000 -3.177124694626E-001  3.890034113222E-001 -3.664609476202E-001
  2.070917914217E+000 -3.123732675695E-001  3.839361182337E-001 -3.670580069941E-001
  2.084842293261E+000 -3.070627906960E-001  3.788228817399E-001 -3.673155711204E-001
  2.098876889283E+000 -3.017823400135E-001  3.736678639682E-001 -3.672470441263E-001
  2.113022846310E+000 -2.965331848348E-001  3.684751433980E-001 -3.668655948245E-001
  2.127281323341E+000 -2.913165624752E-001  3.632487144612E-001 -3.661841538333E-001
  2.141653494575E+000 -2.861336781302E-001  3.579924872079E-001 -3.652154110185E-001
  2.156140549656E+000 -2.809857047675E-001  3.527102870372E-001 -3.639718132550E-001
  2.170743693911E+000 -2.758737830351E-001  3.474058544917E-001 -3.624655625001E-001
  2.185464148607E+000 -2.707990211837E-001  3.420828451122E-001 -3.607086141736E-001
  2.200303151197E+000 -2.657624950040E-001  3.367448293536E-001 -3.587126758372E-001
  2.215261955581E+000 -2.607652477782E-001  3.313952925576E-001 -3.564892061673E-001
  2.230341832367E+000 -2.558082902465E-001  3.260376349831E-001 -3.540494142123E-001
  2.245544069142E+000 -2.508926005866E-001  3.206751718897E-001 -3.514042589267E-001
  2.260869970742E+000 -2.460191244077E-001  3.153111336750E-001 -3.485644489743E-001
  2.276320859530E+000 -2.411887747579E-001  3.099486660620E-001 -3.455404427907E-001
  2.291898075679E+000 -2.364024321449E-001  3.045908303355E-001 -3.423424488966E-001
  2.307602977460E+000 -2.316609445698E-001  2.992406036263E-001 -3.389804264527E-001
  2.323436941540E+000 -2.269651275738E-001  2.939008792392E-001 -3.354640860460E-001
  2.339401363274E+000 -2.223157642979E-001  2.885744670258E-001 -3.318028906981E-001
  2.355497657016E+000 -2.177136055551E-001  2.832640937972E-001 -3.280060570855E-001
  2.371727256428E+000 -2.131593699145E-001  2.779724037776E-001 -3.240825569616E-001
  2.388091614797E+000 -2.086537437980E-001  2.727019590946E-001 -3.200411187705E-001
  2.404592205358E+000 -2.041973815891E-001  2.674552403061E-001 -3.158902294420E-001
  2.421230521622E+000 -1.997909057533E-001  2.622346469606E-001 -3.116381363577E-001
  2.438008077714E+000 -1.954349069703E-001  2.570424981907E-001 -3.072928494776E-001
  2.454926408713E+000 -1.911299442774E-001  2.518810333364E-001 -3.028621436177E-001
  2.471987071003E+000 -1.868765452252E-001  2.467524125985E-001 -2.983535608678E-001
  2.489191642624E+000 -1.826752060437E-001  2.416587177179E-001 -2.937744131393E-001
  2.506541723641E+000 -1.785263918201E-001  2.366019526827E-001 -2.891317848335E-001
  2.524038936507E+000 -1.744305366874E-001  2.315840444576E-001 -2.844325356212E-001
  2.541684926444E+000 -1.703880440243E-001  2.266068437382E-001 -2.796833033222E-001
  2.559481361827E+000 -1.663992866657E-001  2.216721257254E-001 -2.748905068774E-001
  2.577429934572E+000 -1.624646071243E-001  2.167815909209E-001 -2.700603494034E-001
  2.595532360540E+000 -1.585843178231E-001  2.119368659413E-001 -2.651988213207E-001
  2.613790379943E+000 -1.547587013377E-001  2.071395043504E-001 -2.603117035475E-001
  2.632205757760E+000 -1.509880106508E-001  2.023909875084E-001 -2.554045707502E-001
  2.650780284158E+000 -1.472724694158E-001  1.976927254361E-001 -2.504827946435E-001
  2.669515774928E+000 -1.436122722322E-001  1.930460576948E-001 -2.455515473316E-001
  2.688414071925E+000 -1.400075849307E-001  1.884522542799E-001 -2.406158046842E-001
  2.707477043518E+000 -1.364585448694E-001  1.839125165269E-001 -2.356803497403E-001
  2.726706585047E+000 -1.329652612403E-001  1.794279780311E-001 -2.307497761322E-001
  2.746104619295E+000 -1.295278153860E-001  1.749997055777E-001 -2.258284915253E-001
  2.765673096964E+000 -1.261462611278E-001  1.706287000838E-001 -2.209207210673E-001
  2.785413997161E+000 -1.228206251031E-001  1.663158975508E-001 -2.160305108407E-001
  2.805329327899E+000 -1.195509071145E-001  1.620621700265E-001 -2.111617313150E-001
  2.825421126601E+000 -1.163370804880E-001  1.578683265778E-001 -2.063180807937E-001
  2.845691460623E+000 -1.131790924429E-001  1.537351142715E-001 -2.015030888507E-001
  2.866142427776E+000 -1.100768644713E-001  1.496632191653E-001 -1.967201197551E-001
  2.886776156875E+000 -1.070302927284E-001  1.456532673065E-001 -1.919723758778E-001
  2.907594808280E+000 -1.040392484329E-001  1.417058257403E-001 -1.872629010795E-001
  2.928600574467E+000 -1.011035782779E-001  1.378214035257E-001 -1.825945840763E-001
  2.949795680597E+000 -9.822310485225E-002  1.340004527600E-001 -1.779701617803E-001
  2.971182385105E+000 -9.539762707148E-002  1.302433696116E-001 -1.733922226149E-001
  2.992762980296E+000 -9.262692061974E-002  1.265504953610E-001 -1.688632098011E-001
  3.014539792958E+000 -8.991073840120E-002  1.229221174495E-001 -1.643854246147E-001
  3.036515184988E+000 -8.724881100170E-002  1.193584705366E-001 -1.599610296142E-001
  3.058691554023E+000 -8.464084716026E-002  1.158597375650E-001 -1.555920518366E-001
  3.081071334099E+000 -8.208653425033E-002  1.124260508344E-001 -1.512803859626E-001
  3.103656996309E+000 -7.958553877071E-002  1.090574930828E-001 -1.470277974498E-001
  3.126451049484E+000 -7.713750684586E-002  1.057540985764E-001 -1.428359256352E-001
  3.149456040888E+000 -7.474206473563E-002  1.025158542079E-001 -1.387062868052E-001
  3.172674556926E+000 -7.239881935400E-002  9.934270060274E-002 -1.346402772363E-001
  3.196109223865E+000 -7.010735879676E-002  9.623453323378E-002 -1.306391762042E-001
  3.219762708576E+000 -6.786725287780E-002  9.319120354439E-002 -1.267041489646E-001
  3.243637719289E+000 -6.567805367390E-002  9.021252007960E-002 -1.228362497048E-001
  3.267737006362E+000 -6.353929607748E-002  8.729824962558E-002 -1.190364244677E-001
  3.292063363076E+000 -6.145049835734E-002  8.444811835724E-002 -1.153055140499E-001
  3.316619626434E+000 -5.941116272673E-002  8.166181299378E-002 -1.116442568732E-001
  3.341408677987E+000 -5.742077591865E-002  7.893898196217E-002 -1.080532918336E-001
  3.366433444679E+000 -5.547880976791E-002  7.627923656826E-002 -1.045331611253E-001
  3.391696899702E+000 -5.358472179946E-002  7.368215217535E-002 -1.010843130446E-001
  3.417202063379E+000 -5.173795582279E-002  7.114726938987E-002 -9.770710477179E-002
  3.442952004065E+000 -4.993794253171E-002  6.867409525392E-002 -9.440180513461E-002
  3.468949839059E+000 -4.818410010916E-002  6.626210444422E-002 -9.116859735244E-002
  3.495198735552E+000 -4.647583483664E-002  6.391074047702E-002 -8.800758176361E-002
  3.521701911582E+000 -4.481254170747E-002  6.161941691864E-002 -8.491877853619E-002
  3.548462637020E+000 -4.319360504367E-002  5.938751860082E-002 -8.190213036316E-002
  3.575484234572E+000 -4.161839911565E-002  5.721440284050E-002 -7.895750514293E-002
  3.602770080809E+000 -4.008628876423E-002  5.509940066334E-002 -7.608469864563E-002
  3.630323607217E+000 -3.859663002439E-002  5.304181803013E-002 -7.328343716588E-002
  3.658148301271E+000 -3.714877075007E-002  5.104093706544E-002 -7.055338016225E-002
  3.686247707537E+000 -3.574205123946E-002  4.909601728771E-002 -6.789412288388E-002
  3.714625428793E+000 -3.437580486006E-002  4.720629683970E-002 -6.530519898412E-002
  3.743285127184E+000 -3.304935867287E-002  4.537099371863E-002 -6.278608312133E-002
  3.772230525397E+000 -3.176203405497E-002  4.358930700480E-002 -6.033619354652E-002
  3.801465407866E+000 -3.051314731994E-002  4.186041808773E-002 -5.795489467746E-002
  3.830993622005E+000 -2.930201033524E-002  4.018349188881E-002 -5.564149965883E-002
  3.860819079470E+000 -2.812793113591E-002  3.855767807923E-002 -5.339527290757E-002
  3.890945757450E+000 -2.699021453393E-002  3.698211229196E-002 -5.121543264279E-002
  3.921377699988E+000 -2.588816272237E-002  3.545591732686E-002 -4.910115339896E-002
  3.952119019336E+000 -2.482107587385E-002  3.397820434725E-002 -4.705156852152E-002
  3.983173897337E+000 -2.378825273223E-002  3.254807406714E-002 -4.506577264340E-002
  4.014546586845E+000 -2.278899119717E-002  3.116461792741E-002 -4.314282414117E-002
  4.046241413173E+000 -2.182258890060E-002  2.982691925992E-002 -4.128174756906E-002
  4.078262775585E+000 -2.088834377449E-002  2.853405443803E-002 -3.948153606942E-002
  4.110615148813E+000 -1.998555460922E-002  2.728509401240E-002 -3.774115375759E-002
  4.143303084620E+000 -1.911352160177E-002  2.607910383045E-002 -3.605953807934E-002
  4.176331213391E+000 -1.827154689320E-002  2.491514613841E-002 -3.443560213897E-002
  4.209704245774E+000 -1.745893509461E-002  2.379228066441E-002 -3.286823699590E-002
  4.243426974351E+000 -1.667499380108E-002  2.270956568150E-002 -3.135631392754E-002
  4.277504275353E+000 -1.591903409281E-002  2.166605904900E-002 -2.989868665643E-002
  4.311941110423E+000 -1.519037102306E-002  2.066081923122E-002 -2.849419353924E-002
  4.346742528412E+000 -1.448832409206E-002  1.969290629206E-002 -2.714165971532E-002
  4.381913667228E+000 -1.381221770664E-002  1.876138286433E-002 -2.583989921274E-002
  4.417459755726E+000 -1.316138162479E-002  1.786531509265E-002 -2.458771700923E-002
  4.453386115645E+000 -1.253515138489E-002  1.700377354873E-002 -2.338391104599E-002
  4.489698163598E+000 -1.193286871893E-002  1.617583411799E-002 -2.222727419192E-002
  4.526401413105E+000 -1.135388194956E-002  1.538057885642E-002 -2.111659615619E-002
  4.563501476684E+000 -1.079754637034E-002  1.461709681676E-002 -2.005066534698E-002
  4.601004067991E+000 -1.026322460901E-002  1.388448484304E-002 -1.902827067419E-002
  4.638915004011E+000 -9.750286973445E-003  1.318184833270E-002 -1.804820329424E-002
  4.677240207311E+000 -9.258111779944E-003  1.250830196542E-002 -1.710925829498E-002
  4.715985708351E+000 -8.786085663735E-003  1.186297039807E-002 -1.621023631894E-002
  4.755157647843E+000 -8.333603871467E-003  1.124498892506E-002 -1.534994512314E-002
  4.794762279187E+000 -7.900070535545E-003  1.065350410366E-002 -1.452720107408E-002
  4.834805970953E+000 -7.484898930228E-003  1.008767434373E-002 -1.374083057624E-002
  4.875295209443E+000 -7.087511709435E-003  9.546670461608E-003 -1.298967143308E-002
  4.916236601308E+000 -6.707341126237E-003  9.029676197797E-003 -1.227257413922E-002
  4.957636876237E+000 -6.343829234101E-003  8.535888698332E-003 -1.158840310298E-002
  4.999502889720E+000 -5.996428069926E-003  8.064518959702E-003 -1.093603779842E-002
  5.041841625875E+000 -5.664599819030E-003  7.614792237358E-003 -1.031437384634E-002
  5.084660200360E+000 -5.347816962230E-003  7.185948417890E-003 -9.722324023833E-003
  5.127965863354E+000 -5.045562405227E-003  6.777242355076E-003 -9.158819202072E-003
  5.171766002619E+000 -4.757329590553E-003  6.387944170087E-003 -8.622809212421E-003
  5.216068146649E+000 -4.482622592347E-003  6.017339516216E-003 -8.113263640925E-003
  5.260879967894E+000 -4.220956194304E-003  5.664729808616E-003 -7.629172551570E-003
  5.306209286078E+000 -3.971855951151E-003  5.329432419577E-003 -7.169547138842E-003
  5.352064071605E+000 -3.734858234036E-003  5.010780840002E-003 -6.733420310307E-003
  5.398452449055E+000 -3.509510260276E-003  4.708124807795E-003 -6.319847200124E-003
  5.445382700775E+000 -3.295370107910E-003  4.420830403955E-003 -5.927905614602E-003
  5.492863270572E+000 -3.092006715551E-003  4.148280117264E-003 -5.556696411052E-003
  5.540902767504E+000 -2.898999868044E-003  3.889872878502E-003 -5.205343811409E-003
  5.589509969774E+000 -2.715940168483E-003  3.645024065214E-003 -4.872995652209E-003
  5.638693828737E+000 -2.542428997120E-003  3.413165478092E-003 -4.558823572720E-003
  5.688463473008E+000 -2.378078457771E-003  3.193745290105E-003 -4.262023143118E-003
  5.738828212699E+000 -2.222511312292E-003  2.986227969569E-003 -3.981813934799E-003
  5.789797543759E+000 -2.075360903740E-003  2.790094178361E-003 -3.717439534991E-003
  5.841381152447E+000 -1.936271068828E-003  2.604840646568E-003 -3.468167507986E-003
  5.893588919926E+000 -1.804896040308E-003  2.429980024853E-003 -3.233289305412E-003
  5.946430926988E+000 -1.680900339898E-003  2.265040715875E-003 -3.012120128044E-003
  5.999917458910E+000 -1.563958662387E-003  2.109566686106E-003 -2.803998741758E-003
  6.054059010457E+000 -1.453755751546E-003  1.963117259401E-003 -2.608287250287E-003
  6.108866291020E+000 -1.349986268471E-003  1.825266893713E-003 -2.424370827494E-003
  6.164350229902E+000 -1.252354652967E-003  1.695604942303E-003 -2.251657411943E-003
  6.220521981762E+000 -1.160574978590E-003  1.573735400826E-003 -2.089577366533E-003
  6.277392932215E+000 -1.074370801934E-003  1.459276641650E-003 -1.937583106028E-003
  6.334974703589E+000 -9.934750067563E-004  1.351861136751E-003 -1.795148695290E-003
  6.393279160860E+000 -9.176296434957E-004  1.251135170503E-003 -1.661769421004E-003
  6.452318417752E+000 -8.465857647323E-004  1.156758543661E-003 -1.536961339689E-003
  6.512104843026E+000 -7.801032571227E-004  1.068404269789E-003 -1.420260804735E-003
  6.572651066946E+000 -7.179506703081E-004  9.857582653668E-004 -1.311223975145E-003
  6.633969987942E+000 -6.599050432785E-004  9.085190347532E-004 -1.209426308643E-003
  6.696074779472E+000 -6.057517286506E-004  8.363973511337E-004 -1.114462041693E-003
  6.758978897091E+000 -5.552842152883E-004  7.691159345480E-004 -1.025943658915E-003
  6.822696085726E+000 -5.083039496703E-004  7.064091280222E-004 -9.435013543038E-004
  6.887240387180E+000 -4.646201563805E-004  6.480225727813E-004 -8.667824865249E-004
  6.952626147859E+000 -4.240496580708E-004  5.937128834581E-004 -7.954510304937E-004
  7.018868026732E+000 -3.864166952149E-004  5.432473241536E-004 -7.291870272973E-004
  7.085981003543E+000 -3.515527459487E-004  4.964034861399E-004 -6.676860344181E-004
  7.153980387268E+000 -3.192963462596E-004  4.529689679352E-004 -6.106585780848E-004
  7.222881824836E+000 -2.894929107645E-004  4.127410584148E-004 -5.578296094510E-004
  7.292701310121E+000 -2.619945542881E-004  3.755264235583E-004 -5.089379661658E-004
  7.363455193219E+000 -2.366599144267E-004  3.411407973701E-004 -4.637358407712E-004
  7.435160190001E+000 -2.133539752616E-004  3.094086774462E-004 -4.219882572229E-004
  7.507833391988E+000 -1.919478923590E-004  2.801630255996E-004 -3.834725566972E-004
  7.581492276516E+000 -1.723188191755E-004  2.532449738973E-004 -3.479778937128E-004
  7.656154717242E+000 -1.543497349667E-004  2.285035364022E-004 -3.153047434651E-004
  7.731838994973E+000 -1.379292742776E-004  2.057953268606E-004 -2.852644211400E-004
  7.808563808847E+000 -1.229515580787E-004  1.849842825216E-004 -2.576786138505E-004
  7.886348287874E+000 -1.093160265967E-004  1.659413942277E-004 -2.323789257172E-004
  7.965212002848E+000 -9.692727387516E-005  1.485444428665E-004 -2.092064364989E-004
  8.045174978646E+000 -8.569488409190E-005  1.326777422373E-004 -1.880112740712E-004
  8.126257706932E+000 -7.553326965028E-005  1.182318883404E-004 -1.686522009437E-004
  8.208481159274E+000 -6.636151105507E-005  1.051035150700E-004 -1.509962149158E-004
  8.291866800694E+000 -5.810319857997E-005  9.319505625634E-005 -1.349181638768E-004
  8.376436603664E+000 -5.068627573060E-005  8.241451397764E-005 -1.203003746797E-004
  8.462213062574E+000 -4.404288450653E-005  7.267523304187E-005 -1.070322959393E-004
  8.549219208676E+000 -3.810921246679E-005  6.389568151789E-005 -9.501015454756E-005
  8.637478625536E+000 -3.282534160608E-005  5.599923718274E-005 -8.413662563313E-005
  8.727015464999E+000 -2.813509905291E-005  4.891397974086E-005 -7.432051565182E-005
  8.817854463709E+000 -2.398590960670E-005  4.257248866446E-005 -6.547645824729E-005
  8.910020960175E+000 -2.032865013697E-005  3.691164650057E-005 -5.752462249178E-005
  9.003540912431E+000 -1.711750587574E-005  3.187244749049E-005 -5.039043308980E-005
  9.098440916308E+000 -1.430982864240E-005  2.739981134987E-005 -4.400430210966E-005
  9.194748224321E+000 -1.186599704903E-005  2.344240206295E-005 -3.830137179587E-005
  9.292490765233E+000 -9.749278743634E-006  1.995245155234E-005 -3.322126801060E-005
  9.391697164283E+000 -7.925694757807E-006  1.688558809525E-005 -2.870786385256E-005
  9.492396764138E+000 -6.363886034672E-006  1.420066936843E-005 -2.470905300782E-005
  9.594619646576E+000 -5.034982221948E-006  1.185962001658E-005 -2.117653239745E-005
  9.698396654938E+000 -3.912472823277E-006  9.827273652501E-006 -1.806559370167E-005
  9.803759417385E+000 -2.972080808816E-006  8.071219211577E-006 -1.533492335814E-005
  9.910740370981E+000 -2.191638792876E-006  6.561651597155E-006 -1.294641065323E-005
  1.001937278665E+001 -1.550967892261E-006  5.271226567981E-006 -1.086496354828E-005
  1.012969079502E+001 -1.031759383558E-006  4.174919832552E-006 -9.058331907491E-006
  1.024172941323E+001 -6.174592809199E-007  3.249890328477E-006 -7.496937820480E-006
  1.035552457272E+001 -2.931559577686E-007  2.475347677146E-006 -6.153712738413E-006
  1.047111314798E+001 -4.547093610654E-008  1.832423815051E-006 -5.003941169336E-006
  1.058853298647E+001  1.375470341009E-007  1.304048812677E-006 -4.025110703988E-006
  1.070782293953E+001  2.665244859694E-007  8.748308999338E-007 -3.196768168210E-006
  1.082902289454E+001  3.508622222347E-007  5.309407233542E-007 -2.500381721600E-006
  1.095217380826E+001  3.988306685960E-007  2.599998647301E-007 -1.919208743725E-006
  1.107731774137E+001  4.176614930270E-007  5.097365336162E-008 -1.438169369003E-006
  1.120449789442E+001  4.136353996375E-007 -1.059316953502E-007 -1.043725548838E-006
  1.133375864507E+001  3.921660165586E-007 -2.193675836436E-007 -7.237655346842E-007
  1.146514558681E+001  3.578798095921E-007 -2.969371494822E-007 -4.674936882973E-007
  1.159870556913E+001  3.146919668736E-007 -3.452849761882E-007 -2.653255353751E-007
  1.173448673928E+001  2.658782144023E-007 -3.701823777786E-007 -1.087879861764E-007
  1.187253858566E+001  2.141425378315E-007 -3.766082527383E-007  9.575348487362E-009
  1.201291198287E+001  1.616808021956E-007 -3.688255090221E-007  9.629381515559E-008
  1.215565923859E+001  1.102402780985E-007 -3.504530744290E-007  1.570544187785E-007
  1.230083414231E+001  6.117510008515E-008 -3.245335189392E-007  1.967816383621E-007
  1.244849201595E+001  1.549770026125E-008 -2.935963289371E-007  2.197124327548E-007
  1.259868976657E+001 -2.607372249957E-008 -2.597168872246E-007  2.294665179904E-007
  1.275148594119E+001 -6.307162043253E-008 -2.245712271322E-007  2.291120049418E-007
  1.290694078384E+001 -9.523930801666E-008 -1.894866436149E-007  2.212264945794E-007
  1.306511629490E+001 -1.224948567467E-007 -1.554882587352E-007  2.079537375980E-007
  1.322607629292E+001 -1.448985490186E-007 -1.233416531539E-007  1.910559752780E-007
  1.338988647898E+001 -1.626237527839E-007 -9.359168893853E-008  1.719620889036E-007
  1.355661450375E+001 -1.759310660473E-007 -6.659766194476E-008  1.518116955833E-007
  1.372633003727E+001 -1.851455691073E-007 -4.256493402785E-008  1.314953386430E-007
  1.389910484176E+001 -1.906370127757E-007 -2.157320620889E-008  1.116909306313E-007
  1.407501284743E+001 -1.928027627953E-007 -3.601603504082E-009  9.289661615169E-008
  1.425413023161E+001 -1.920533143591E-007  1.144924972463E-008  7.546023001420E-008
  1.443653550117E+001 -1.888001860998E-007  2.373797842793E-008  5.960553338094E-008
  1.462230957852E+001 -1.834460001765E-007  3.346583908179E-008  4.545541651894E-008
  1.481153589140E+001 -1.763765541536E-007  4.086254169688E-008  3.305226133679E-008
  1.500430046649E+001 -1.679546912107E-007  4.617431627357E-008  2.237565997503E-008
  1.520069202718E+001 -1.585157777962E-007  4.965402846671E-008  1.335768728135E-008
  1.540080209569E+001 -1.483646020633E-007  5.155315101635E-008  5.895924999658E-009
  1.560472509963E+001 -1.377735122055E-007  5.211540091468E-008 -1.355660619491E-010
  1.581255848342E+001 -1.269816210166E-007  5.157185722911E-008 -4.877132712688E-009
  1.602440282470E+001 -1.161949114906E-007  5.013738088214E-008 -8.476086301844E-009
  1.624036195599E+001 -1.055870879008E-007  4.800816536957E-008 -1.108074721895E-008
  1.646054309190E+001 -9.530102736790E-008  4.536025623377E-008 -1.283580152330E-008
  1.668505696224E+001 -8.545069826809E-008  4.234888693492E-008 -1.387880260874E-008
  1.691401795117E+001 -7.612342375260E-008  3.910848940576E-008 -1.433766015366E-008
  1.714754424293E+001 -6.738238094781E-008  3.575324885244E-008 -1.432896877627E-008
  1.738575797433E+001 -5.926923889632E-008  3.237808408749E-008 -1.395703964058E-008
  1.762878539445E+001 -5.180685078465E-008  2.905994666416E-008 -1.331350955939E-008
  1.787675703191E+001 -4.500192830740E-008  2.585934413935E-008 -1.247741373828E-008
  1.812980787015E+001 -3.884763796625E-008  2.282200474831E-008 -1.151562002138E-008
  1.838807753110E+001 -3.332607054156E-008  1.998061246103E-008 -1.048353416382E-008
  1.865171046781E+001 -2.841054576453E-008  1.735655265436E-008 -9.425997105420E-009
  1.892085616642E+001 -2.406772424088E-008  1.496161933858E-008 -8.378306305712E-009
  1.919566935809E+001 -2.025950783517E-008  1.279964490366E-008 -7.367303788468E-009
  1.947631024137E+001 -1.694471794351E-008  1.086802260070E-008 -6.412483517062E-009
  1.976294471571E+001 -1.408054831086E-008  9.159100371732E-009 -5.527079984488E-009
  2.005574462663E+001 -1.162379525910E-008  7.661432131420E-009 -4.719108376456E-009
  2.035488802332E+001 -9.531873379538E-009  6.360879156053E-009 -3.992334298027E-009
  2.066055942930E+001 -7.763628925274E-009  5.241559837535E-009 -3.347157809703E-009
  2.097295012706E+001 -6.279966352133E-009  4.286650723873E-009 -2.781402384631E-009
  2.129225845729E+001 -5.044305757197E-009  3.479045522427E-009 -2.291004381001E-009
  2.161869013374E+001 -4.022890421647E-009  2.801881634352E-009 -1.870602747475E-009
  2.195245857462E+001 -3.184964362998E-009  2.238945879649E-009 -1.514031985164E-009
  2.229378525140E+001 -2.502839833261E-009  1.774972434927E-009 -1.214723931622E-009
  2.264290005632E+001 -1.951874162867E-009  1.395846722521E-009 -9.660257762971E-010
  2.300004168951E+001 -1.510374346885E-009  1.088729147964E-009 -7.614429367118E-010
  2.336545806705E+001 -1.159446401737E-009  8.421122739560E-010 -5.948161002007E-010
  2.373940675129E+001 -8.828048855639E-010  6.458243340240E-010 -4.604419496506E-010
  2.412215540475E+001 -6.665561665515E-010  4.909910166926E-010 -3.531469262588E-010
  2.451398226921E+001 -4.989671256797E-010  3.699662748211E-010 -2.683229183178E-010
  2.491517667142E+001 -3.702290690140E-010  2.762416118193E-010 -2.019330786801E-010
  2.532603955735E+001 -2.722247641547E-010  2.043419351478E-010 -1.504951349732E-010
  2.574688405660E+001 -1.983047586901E-010  1.497147068272E-010 -1.110486283894E-010
  2.617803607920E+001 -1.430775263031E-010  1.086178093599E-010 -8.111155310205E-011
  2.661983494664E+001 -1.022165476965E-010  7.801032184617E-011 -5.863091410909E-011
  2.707263405971E+001 -7.228618671348E-011  5.544929324168E-011 -4.193081244529E-011
  2.753680160532E+001 -5.058717474833E-011  3.899462608116E-011 -2.966083009121E-011
  2.801272130518E+001 -3.502166767162E-011  2.712335422096E-011 -2.074674094142E-011
  2.850079320900E+001 -2.397718046607E-011  1.865391415914E-011 -1.434492959396E-011
  2.900143453541E+001 -1.622822113599E-011  1.268046680464E-011 -9.801360532044E-012
  2.951508056378E+001 -1.085411847290E-011  8.516915644015E-012 -6.615504966712E-012
  3.004218558064E+001 -7.171346456584E-012  5.649974860201E-012 -4.409295296941E-012
  3.058322388437E+001 -4.678568671196E-012  3.700451475115E-012 -2.900928716707E-012
  3.113869085248E+001 -3.012636307608E-012  2.391802213720E-012 -1.883170761156E-012
  3.170910407585E+001 -1.913851313685E-012  1.524991574801E-012 -1.205704255154E-012
  3.229500456485E+001 -1.198932084369E-012  9.586963103274E-013 -7.610167041617E-013
  3.289695803249E+001 -7.402752057308E-013  5.939582942207E-013 -4.733076236233E-013
  3.351555626047E+001 -4.502783885967E-013  3.624695546707E-013 -2.899156166154E-013
  3.415141855403E+001 -2.696649392007E-013  2.177690818077E-013 -1.748035172160E-013
  3.480519329257E+001 -1.589198408847E-013  1.287321010311E-013 -1.036905132898E-013
  3.547755958299E+001 -9.210532208484E-014  7.483213032168E-014 -6.047635970556E-014
  3.616922902393E+001 -5.246555535561E-014  4.274957346353E-014 -3.465967106309E-014
  3.688094758921E+001 -2.935372960948E-014  2.398480194353E-014 -1.950635354523E-014
  3.761349763993E+001 -1.611959276188E-014  1.320702751039E-014 -1.077325154962E-014
  3.836770007534E+001 -8.682281158041E-015  7.132263827392E-015 -5.834820059571E-015
  3.914441663347E+001 -4.583254078363E-015  3.774642635240E-015 -3.096655100118E-015
  3.994455235367E+001 -2.369347441789E-015  1.956168200209E-015 -1.609164955550E-015
  4.076905821405E+001 -1.198491107231E-015  9.918734679601E-016 -8.180695352883E-016
  4.161893395835E+001 -5.926655167076E-016  4.916373051389E-016 -4.065202642790E-016
  4.249523112779E+001 -2.862533971255E-016  2.379964013993E-016 -1.972770570484E-016
  4.339905631520E+001 -1.349067682306E-016  1.124113091916E-016 -9.340107447778E-017
  4.433157466006E+001 -6.197436881006E-017  5.175089936115E-017 -4.309865082154E-017
  4.529401360538E+001 -2.772137300945E-017  2.319658385917E-017 -1.936168893712E-017
  4.628766693861E+001 -1.205993024619E-017  1.011189419990E-017 -8.458549753953E-018
  4.731389914191E+001 -5.096570188753E-018  4.281736808443E-018 -3.589214802655E-018
  4.837415007871E+001 -2.089588735453E-018  1.758869723132E-018 -1.477414118108E-018
  4.946994004686E+001 -8.300579774973E-019  6.999864642319E-019 -5.891438344975E-019
  5.060287523143E+001 -3.190088242006E-019  2.695072796775E-019 -2.272690681914E-019
  5.177465359367E+001 -1.184376697874E-019  1.002358802336E-019 -8.468512166120E-020
  5.298707123650E+001 -4.241095351564E-020  3.595477682604E-020 -3.043206348765E-020
  5.424202929116E+001 -1.462293720853E-020  1.241762960895E-020 -1.052887712417E-020
  5.554154137419E+001 -4.845998841932E-021  4.121866014946E-021 -3.500936438398E-021
  5.688774166961E+001 -1.540639532250E-021  1.312500979072E-021 -1.116647742625E-021
  5.828289369667E+001 -4.689370522540E-022  4.001136007892E-022 -3.409620068677E-022
  5.972939983075E+001 -1.363630477050E-022  1.165247860986E-022 -9.945524808808E-023
  6.122981165190E+001 -3.779744554939E-023  3.234596596937E-023 -2.765014920208E-023
  6.278684120462E+001 -9.962412052775E-024  8.537720810430E-024 -7.309187960482E-024
  6.440337326150E+001 -2.490511356784E-024  2.137321935109E-024 -1.832438484550E-024
  6.608247869451E+001 -5.889087303324E-025  5.060786692645E-025 -4.345030081831E-025
  6.782742906960E+001 -1.313343981074E-025  1.130113982605E-025 -9.716186573393E-026
  6.964171259434E+001 -2.753794553830E-026  2.372654688761E-026 -2.042636252893E-026
  7.152905156377E+001 -5.410879031032E-027  4.667840288237E-027 -4.023832886655E-027
  7.349342146763E+001 -9.927726020768E-028  8.574907075081E-028 -7.401262905650E-028
  7.553907194217E+001 -1.694468322132E-028  1.465315869398E-028 -1.266326167072E-028
  7.767054977292E+001 -2.679535765760E-029  2.319864172861E-029 -2.007246402703E-029
  7.989272418113E+001 -3.908802044377E-030  3.387967693131E-030 -2.934860636317E-030
  8.221081465675E+001 -5.235587748859E-031  4.542985202142E-031 -3.939910146496E-031
  8.463042163523E+001 -6.407028085915E-032  5.565456982309E-032 -4.832030313902E-032
  8.715756035520E+001 -7.125051235455E-033  6.195678125358E-033 -5.385039600934E-033
  8.979869827958E+001 -7.159039328009E-034  6.231618794275E-034 -5.422005049642E-034
  9.256079651532E+001 -6.458928489230E-035  5.627827557222E-035 -4.901701779098E-035
  9.545135572765E+001 -5.197557275920E-036  4.533179687050E-036 -3.952250786005E-036
  9.847846711487E+001 -3.703701743478E-037  3.233347844657E-037 -2.821747442749E-037
  1.016508690915E+002 -2.318911545463E-038  2.026296779597E-038 -1.770035185000E-038
  1.049780104220E+002 -1.264973802149E-039  1.106350576097E-039 -9.673285482754E-040
  1.084701206579E+002 -5.957479778457E-041  5.215024108612E-041 -4.563830205414E-041
  1.121382888606E+002 -2.398435621165E-042  2.101332045720E-042 -1.840558143954E-042
  1.159945517414E+002 -8.166025167405E-044  7.160457727525E-044 -6.277220275761E-044
  1.200519925308E+002 -2.324003561283E-045  2.039487729949E-045 -1.789409206349E-045
  1.243248520934E+002 -5.458620817207E-047  4.794159201560E-047 -4.209722768223E-047
  1.288286540551E+002 -1.043584221051E-048  9.172620290437E-049 -8.060790583743E-049
  1.335803459987E+002 -1.599542413809E-050  1.406984822115E-050 -1.237393202788E-050
  1.385984591287E+002 -1.933293294026E-052  1.701808410610E-052 -1.497801231466E-052
  1.439032892205E+002 -1.809497466241E-054  1.593976329555E-054 -1.403918495307E-054
  1.495171021587E+002 -1.285687938688E-056  1.133345402208E-056 -9.989190968174E-057
  1.554643679592E+002 -6.784740379581E-059  5.984871066653E-059 -5.278645509759E-059
  1.617720278763E+002 -2.595932942741E-061  2.291406032181E-061 -2.022373014211E-061
  1.684698000514E+002 -7.012610767979E-064  6.193949352247E-064 -5.470290307026E-064
  1.755905301928E+002 -1.298793517093E-066  1.147888796823E-066 -1.014420976282E-066
  1.831705950299E+002 -1.596432137088E-069  1.411804454681E-069 -1.248420655913E-069
  1.912503678195E+002 -1.256126649747E-072  1.111513184427E-072 -9.834708052149E-073
  1.998747570544E+002 -6.077836280820E-076  5.381212424960E-076 -4.764090998260E-076
  2.090938318328E+002 -1.729224283099E-079  1.531882245923E-079 -1.356972639031E-079
  2.189635501945E+002 -2.751728320889E-083  2.439021415594E-083 -2.161722713368E-083
  2.295466102647E+002 -2.315564244179E-087  2.053506557528E-087 -1.821009129804E-087
  2.409134484547E+002 -9.674804061267E-092  8.584281310018E-092 -7.616312246974E-092
  2.531434144886E+002 -1.869534635055E-096  1.659629669377E-096 -1.473228082138E-096
  2.663261599835E+002 -1.542047332754E-101  1.369571781711E-101 -1.216339853817E-101
  2.805632861191E+002 -4.957420539498E-107  4.404999677131E-107 -3.913999843732E-107
  2.959703071532E+002 -5.601692150315E-113  4.979733231496E-113 -4.426692305451E-113
  3.126790009236E+002 -1.977315938697E-119  1.758544706659E-119 -1.563934837354E-119
  3.308402360200E+002 -1.904982551127E-126  1.694933744194E-126 -1.508008157309E-126
  3.506273893903E+002 -4.289200755686E-134  3.817828612279E-134 -3.398184467203E-134
  3.722404996260E+002 -1.887020754033E-142  1.680308768555E-142 -1.496211860048E-142
  3.959113426415E+002 -1.318239551425E-151  1.174284219765E-151 -1.046031359160E-151
  4.219096715122E+002 -1.148583612754E-161  1.023533715529E-161 -9.120847544451E-162
  4.505509359373E+002 -9.411154442973E-173  8.389524328760E-173 -7.478699872985E-173
  4.822058963204E+002 -5.203372997596E-185  4.640113594651E-185 -4.137779433599E-185
  5.173126831536E+002 -1.311402125633E-198  1.169831021753E-198 -1.043532833351E-198
  5.563920392209E+002 -9.451719084759E-214  8.434048504747E-214 -7.525887278298E-214
  6.000667421536E+002 -1.115417038011E-230  9.956234135008E-231 -8.886889519366E-231
  6.490865708786E+002 -1.101394204694E-249  9.833943479096E-250 -8.780312002159E-250
  7.043607010442E+002 -4.031364324097E-271  3.600465648029E-271 -3.215607455175E-271
  7.670001674974E+002 -2.022402246832E-295  1.806718638362E-295 -1.614030004090E-295
  8.383741345464E+002  0.000000000000E+000  0.000000000000E+000  0.000000000000E+000
  9.201853543213E+002  0.000000000000E+000  0.000000000000E+000  0.000000000000E+000
  1.014572672318E+003  0.000000000000E+000  0.000000000000E+000  0.000000000000E+000
  1.124252254996E+003  0.000000000000E+000  0.000000000000E+000  0.000000000000E+000
  1.252715205428E+003  0.000000000000E+000  0.000000000000E+000  0.000000000000E+000
  1.404508845568E+003  0.000000000000E+000  0.000000000000E+000  0.000000000000E+000
  1.585644739908E+003  0.000000000000E+000  0.000000000000E+000  0.000000000000E+000
  1.804203189488E+003  0.000000000000E+000  0.000000000000E+000  0.000000000000E+000
  2.071250249814E+003  0.000000000000E+000  0.000000000000E+000  0.000000000000E+000
  2.402266552340E+003  0.000000000000E+000  0.000000000000E+000  0.000000000000E+000
  2.819442449497E+003  0.000000000000E+000  0.000000000000E+000  0.000000000000E+000
  3.355496240167E+003  0.000000000000E+000  0.000000000000E+000  0.000000000000E+000
  4.060290442982E+003  0.000000000000E+000  0.000000000000E+000  0.000000000000E+000
  5.012860622227E+003  0.000000000000E+000  0.000000000000E+000  0.000000000000E+000
  6.344578802016E+003  0.000000000000E+000  0.000000000000E+000  0.000000000000E+000
  8.287000878586E+003  0.000000000000E+000  0.000000000000E+000  0.000000000000E+000
  1.127976970933E+004  0.000000000000E+000  0.000000000000E+000  0.000000000000E+000
  1.624316171036E+004  0.000000000000E+000  0.000000000000E+000  0.000000000000E+000
  2.538031516868E+004  0.000000000000E+000  0.000000000000E+000  0.000000000000E+000
  4.512107881524E+004  0.000000000000E+000  0.000000000000E+000  0.000000000000E+000
  1.015232606647E+005  0.000000000000E+000  0.000000000000E+000  0.000000000000E+000
  4.060950426526E+005  0.000000000000E+000  0.000000000000E+000  0.000000000000E+000
