# 1st line: number of mesh points
# abcissa wavefunction wavefunction_1st wavefunction_2nd
1000
# Principal QN=   3 , l=   1 , Occupation=   5.0010
  2.462477732966E-006  3.588088914725E-004  1.457028448286E+002 -6.227061293105E+003
  9.849959442330E-006  1.435016089231E-003  1.456568494976E+002 -6.225174315943E+003
  2.216259066178E-005  3.227963370143E-003  1.455802205761E+002 -6.222030848473E+003
  3.940061395432E-005  5.736554384698E-003  1.454730029728E+002 -6.217633130359E+003
  6.156436892224E-005  8.959255689357E-003  1.453352594868E+002 -6.211984293056E+003
  8.865429222131E-005  1.289409818959E-002  1.451670707349E+002 -6.205088355740E+003
  1.206709175794E-004  1.753867899126E-002  1.449685350580E+002 -6.196950220102E+003
  1.576148758184E-004  2.289016365738E-002  1.447397684073E+002 -6.187575663982E+003
  1.994868948811E-004  2.894528886662E-002  1.444809042102E+002 -6.176971333893E+003
  2.462877998613E-004  3.570036546940E-002  1.441920932164E+002 -6.165144736422E+003
  2.980185130383E-004  4.315128193667E-002  1.438735033237E+002 -6.152104228525E+003
  3.546800539158E-004  5.129350819599E-002  1.435253193853E+002 -6.137859006753E+003
  4.162735392647E-004  6.012209984860E-002  1.431477429970E+002 -6.122419095402E+003
  4.828001831694E-004  6.963170276111E-002  1.427409922668E+002 -6.105795333630E+003
  5.542612970792E-004  7.981655802445E-002  1.423053015654E+002 -6.087999361545E+003
  6.306582898628E-004  9.067050727215E-002  1.418409212591E+002 -6.069043605309E+003
  7.119926678676E-004  1.021869983499E-001  1.413481174256E+002 -6.048941261265E+003
  7.982660349828E-004  1.143590913271E-001  1.408271715526E+002 -6.027706279126E+003
  8.894800927067E-004  1.271794648420E-001  1.402783802198E+002 -6.005353344254E+003
  9.856366402179E-004  1.406404227689E-001  1.397020547662E+002 -5.981897859058E+003
  1.086737574451E-003  1.547339011988E-001  1.390985209409E+002 -5.957355923550E+003
  1.192784890174E-003  1.694514757221E-001  1.384681185399E+002 -5.931744315074E+003
  1.303780680078E-003  1.847843690020E-001  1.378112010292E+002 -5.905080467279E+003
  1.419727134858E-003  2.007234586269E-001  1.371281351539E+002 -5.877382448328E+003
  1.540626543307E-003  2.172592852311E-001  1.364193005352E+002 -5.848668938421E+003
  1.666481292416E-003  2.343820608699E-001  1.356850892551E+002 -5.818959206645E+003
  1.797293867468E-003  2.520816776378E-001  1.349259054301E+002 -5.788273087202E+003
  1.933066852148E-003  2.703477165163E-001  1.341421647741E+002 -5.756630955053E+003
  2.073802928647E-003  2.891694564384E-001  1.333342941519E+002 -5.724053701021E+003
  2.219504877777E-003  3.085358835567E-001  1.325027311229E+002 -5.690562706394E+003
  2.370175579090E-003  3.284357007014E-001  1.316479234775E+002 -5.656179817073E+003
  2.525818010992E-003  3.488573370142E-001  1.307703287653E+002 -5.620927317305E+003
  2.686435250879E-003  3.697889577445E-001  1.298704138164E+002 -5.584827903049E+003
  2.852030475254E-003  3.912184741947E-001  1.289486542578E+002 -5.547904655022E+003
  3.022606959872E-003  4.131335537990E-001  1.280055340235E+002 -5.510181011459E+003
  3.198168079872E-003  4.355216303228E-001  1.270415448604E+002 -5.471680740649E+003
  3.378717309917E-003  4.583699141685E-001  1.260571858315E+002 -5.432427913274E+003
  3.564258224347E-003  4.816654027730E-001  1.250529628155E+002 -5.392446874613E+003
  3.754794497325E-003  5.053948910832E-001  1.240293880043E+002 -5.351762216639E+003
  3.950329902993E-003  5.295449820958E-001  1.229869794002E+002 -5.310398750079E+003
  4.150868315631E-003  5.541020974462E-001  1.219262603115E+002 -5.268381476447E+003
  4.356413709820E-003  5.790524880349E-001  1.208477588498E+002 -5.225735560136E+003
  4.566970160612E-003  6.043822446751E-001  1.197520074269E+002 -5.182486300570E+003
  4.782541843700E-003  6.300773087498E-001  1.186395422550E+002 -5.138659104499E+003
  5.003133035593E-003  6.561234828647E-001  1.175109028490E+002 -5.094279458455E+003
  5.228748113801E-003  6.825064414835E-001  1.163666315314E+002 -5.049372901413E+003
  5.459391557015E-003  7.092117415326E-001  1.152072729427E+002 -5.003964997717E+003
  5.695067945303E-003  7.362248329630E-001  1.140333735557E+002 -4.958081310293E+003
  5.935781960296E-003  7.635310692574E-001  1.128454811952E+002 -4.911747374191E+003
  6.181538385392E-003  7.911157178695E-001  1.116441445645E+002 -4.864988670510E+003
  6.432342105956E-003  8.189639705846E-001  1.104299127780E+002 -4.817830600724E+003
  6.688198109528E-003  8.470609537898E-001  1.092033349017E+002 -4.770298461461E+003
  6.949111486034E-003  8.753917386437E-001  1.079649595016E+002 -4.722417419765E+003
  7.215087428003E-003  9.039413511334E-001  1.067153342006E+002 -4.674212488871E+003
  7.486131230784E-003  9.326947820103E-001  1.054550052444E+002 -4.625708504536E+003
  7.762248292776E-003  9.616369965939E-001  1.041845170781E+002 -4.576930101949E+003
  8.043444115654E-003  9.907529444350E-001  1.029044119314E+002 -4.527901693260E+003
  8.329724304602E-003  1.020027568829E+000  1.016152294160E+002 -4.478647445738E+003
  8.621094568555E-003  1.049445816170E+000  1.003175061332E+002 -4.429191260615E+003
  8.917560720438E-003  1.078992645142E+000  9.901177529383E+001 -4.379556752611E+003
  9.219128677417E-003  1.108653035732E+000  9.769856634908E+001 -4.329767230186E+003
  9.525804461149E-003  1.138411998064E+000  9.637840463494E+001 -4.279845676534E+003
  9.837594198038E-003  1.168254581048E+000  9.505181102847E+001 -4.229814731336E+003
  1.015450411950E-002  1.198165880837E+000  9.371930161735E+001 -4.179696673298E+003
  1.047654056222E-002  1.228131049078E+000  9.238138738272E+001 -4.129513403493E+003
  1.080370996845E-002  1.258135300966E+000  9.103857389549E+001 -4.079286429508E+003
  1.113601888623E-002  1.288163923092E+000  8.969136102641E+001 -4.029036850436E+003
  1.147347396972E-002  1.318202281070E+000  8.834024267008E+001 -3.978785342697E+003
  1.181608197948E-002  1.348235826956E+000  8.698570648304E+001 -3.928552146722E+003
  1.216384978272E-002  1.378250106447E+000  8.562823363607E+001 -3.878357054495E+003
  1.251678435364E-002  1.408230765858E+000  8.426829858083E+001 -3.828219397963E+003
  1.287489277369E-002  1.438163558875E+000  8.290636883081E+001 -3.778158038326E+003
  1.323818223191E-002  1.468034353084E+000  8.154290475679E+001 -3.728191356200E+003
  1.360666002522E-002  1.497829136278E+000  8.017835939657E+001 -3.678337242666E+003
  1.398033355872E-002  1.527534022531E+000  7.881317827928E+001 -3.628613091194E+003
  1.435921034603E-002  1.557135258053E+000  7.744779926386E+001 -3.579035790452E+003
  1.474329800963E-002  1.586619226813E+000  7.608265239188E+001 -3.529621717985E+003
  1.513260428113E-002  1.615972455939E+000  7.471815975453E+001 -3.480386734775E+003
  1.552713700165E-002  1.645181620897E+000  7.335473537355E+001 -3.431346180654E+003
  1.592690412217E-002  1.674233550441E+000  7.199278509611E+001 -3.382514870584E+003
  1.633191370382E-002  1.703115231349E+000  7.063270650327E+001 -3.333907091782E+003
  1.674217391826E-002  1.731813812936E+000  6.927488883196E+001 -3.285536601678E+003
  1.715769304806E-002  1.760316611353E+000  6.791971291012E+001 -3.237416626703E+003
  1.757847948698E-002  1.788611113680E+000  6.656755110489E+001 -3.189559861884E+003
  1.800454174044E-002  1.816684981795E+000  6.521876728335E+001 -3.141978471235E+003
  1.843588842578E-002  1.844526056054E+000  6.387371678583E+001 -3.094684088929E+003
  1.887252827273E-002  1.872122358760E+000  6.253274641107E+001 -3.047687821225E+003
  1.931447012370E-002  1.899462097440E+000  6.119619441326E+001 -3.001000249148E+003
  1.976172293425E-002  1.926533667924E+000  5.986439051038E+001 -2.954631431878E+003
  2.021429577341E-002  1.953325657240E+000  5.853765590354E+001 -2.908590910849E+003
  2.067219782411E-002  1.979826846330E+000  5.721630330691E+001 -2.862887714525E+003
  2.113543838356E-002  2.006026212580E+000  5.590063698789E+001 -2.817530363827E+003
  2.160402686371E-002  2.031912932183E+000  5.459095281703E+001 -2.772526878199E+003
  2.207797279156E-002  2.057476382337E+000  5.328753832732E+001 -2.727884782271E+003
  2.255728580967E-002  2.082706143276E+000  5.199067278237E+001 -2.683611113111E+003
  2.304197567655E-002  2.107592000149E+000  5.070062725314E+001 -2.639712428030E+003
  2.353205226706E-002  2.132123944754E+000  4.941766470262E+001 -2.596194812909E+003
  2.402752557287E-002  2.156292177118E+000  4.814204007805E+001 -2.553063891033E+003
  2.452840570292E-002  2.180087106949E+000  4.687400041035E+001 -2.510324832393E+003
  2.503470288379E-002  2.203499354951E+000  4.561378492001E+001 -2.467982363432E+003
  2.554642746023E-002  2.226519754016E+000  4.436162512925E+001 -2.426040777206E+003
  2.606358989558E-002  2.249139350292E+000  4.311774497979E+001 -2.384503943931E+003
  2.658620077221E-002  2.271349404144E+000  4.188236095582E+001 -2.343375321889E+003
  2.711427079202E-002  2.293141391001E+000  4.065568221175E+001 -2.302657968653E+003
  2.764781077690E-002  2.314507002106E+000  3.943791070408E+001 -2.262354552619E+003
  2.818683166921E-002  2.335438145164E+000  3.822924132720E+001 -2.222467364798E+003
  2.873134453224E-002  2.355926944903E+000  3.702986205237E+001 -2.182998330853E+003
  2.928136055074E-002  2.375965743553E+000  3.583995406962E+001 -2.143949023342E+003
  2.983689103139E-002  2.395547101240E+000  3.465969193202E+001 -2.105320674138E+003
  3.039794740329E-002  2.414663796304E+000  3.348924370191E+001 -2.067114187008E+003
  3.096454121851E-002  2.433308825559E+000  3.232877109865E+001 -2.029330150305E+003
  3.153668415253E-002  2.451475404475E+000  3.117842964739E+001 -1.991968849763E+003
  3.211438800486E-002  2.469156967310E+000  3.003836882856E+001 -1.955030281353E+003
  3.269766469947E-002  2.486347167183E+000  2.890873222761E+001 -1.918514164179E+003
  3.328652628537E-002  2.503039876098E+000  2.778965768455E+001 -1.882419953390E+003
  3.388098493714E-002  2.519229184920E+000  2.668127744303E+001 -1.846746853073E+003
  3.448105295547E-002  2.534909403312E+000  2.558371829847E+001 -1.811493829109E+003
  3.508674276771E-002  2.550075059627E+000  2.449710174497E+001 -1.776659621966E+003
  3.569806692844E-002  2.564720900774E+000  2.342154412058E+001 -1.742242759401E+003
  3.631503812000E-002  2.578841892041E+000  2.235715675071E+001 -1.708241569054E+003
  3.693766915309E-002  2.592433216901E+000  2.130404608924E+001 -1.674654190903E+003
  3.756597296732E-002  2.605490276779E+000  2.026231385717E+001 -1.641478589564E+003
  3.819996263183E-002  2.618008690806E+000  1.923205717840E+001 -1.608712566419E+003
  3.883965134583E-002  2.629984295545E+000  1.821336871250E+001 -1.576353771537E+003
  3.948505243923E-002  2.641413144699E+000  1.720633678417E+001 -1.544399715388E+003
  4.013617937323E-002  2.652291508802E+000  1.621104550912E+001 -1.512847780321E+003
  4.079304574093E-002  2.662615874891E+000  1.522757491627E+001 -1.481695231785E+003
  4.145566526792E-002  2.672382946166E+000  1.425600106602E+001 -1.450939229289E+003
  4.212405181296E-002  2.681589641632E+000  1.329639616437E+001 -1.420576837078E+003
  4.279821936853E-002  2.690233095727E+000  1.234882867287E+001 -1.390605034509E+003
  4.347818206155E-002  2.698310657944E+000  1.141336341415E+001 -1.361020726121E+003
  4.416395415396E-002  2.705819892428E+000  1.049006167290E+001 -1.331820751384E+003
  4.485555004336E-002  2.712758577566E+000  9.578981292419E+000 -1.303001894111E+003
  4.555298426375E-002  2.719124705568E+000  8.680176766270E+000 -1.274560891533E+003
  4.625627148608E-002  2.724916482024E+000  7.793699325391E+000 -1.246494443018E+003
  4.696542651902E-002  2.730132325451E+000  6.919597020325E+000 -1.218799218436E+003
  4.768046430958E-002  2.734770866827E+000  6.057914798670E+000 -1.191471866154E+003
  4.840139994379E-002  2.738830949103E+000  5.208694577725E+000 -1.164509020664E+003
  4.912824864743E-002  2.742311626700E+000  4.371975312312E+000 -1.137907309829E+003
  4.986102578670E-002  2.745212164983E+000  3.547793057820E+000 -1.111663361758E+003
  5.059974686895E-002  2.747532039718E+000  2.736181028505E+000 -1.085773811294E+003
  5.134442754336E-002  2.749270936501E+000  1.937169651090E+000 -1.060235306116E+003
  5.209508360169E-002  2.750428750168E+000  1.150786613744E+000 -1.035044512465E+003
  5.285173097899E-002  2.751005584166E+000  3.770569105210E-001 -1.010198120478E+003
  5.361438575437E-002  2.751001749912E+000 -3.839971186537E-001 -9.856928491437E+002
  5.438306415168E-002  2.750417766102E+000 -1.132355752326E+000 -9.615254508776E+002
  5.515778254035E-002  2.749254357997E+000 -1.868001856078E+000 -9.376927157200E+002
  5.593855743605E-002  2.747512456670E+000 -2.590920855175E+000 -9.141914751590E+002
  5.672540550155E-002  2.745193198212E+000 -3.301100711148E+000 -8.910186055868E+002
  5.751834354743E-002  2.742297922895E+000 -3.998531902166E+000 -8.681710313915E+002
  5.831738853289E-002  2.738828174295E+000 -4.683207407033E+000 -8.456457276928E+002
  5.912255756656E-002  2.734785698360E+000 -5.355122692624E+000 -8.234397227273E+002
  5.993386790726E-002  2.730172442438E+000 -6.014275704604E+000 -8.015500998920E+002
  6.075133696481E-002  2.724990554244E+000 -6.660666861221E+000 -7.799739994531E+002
  6.157498230090E-002  2.719242380774E+000 -7.294299049990E+000 -7.587086199303E+002
  6.240482162984E-002  2.712930467163E+000 -7.915177627064E+000 -7.377512191652E+002
  6.324087281946E-002  2.706057555478E+000 -8.523310419094E+000 -7.170991150838E+002
  6.408315389190E-002  2.698626583454E+000 -9.118707727358E+000 -6.967496861643E+002
  6.493168302447E-002  2.690640683157E+000 -9.701382333957E+000 -6.767003716199E+002
  6.578647855056E-002  2.682103179583E+000 -1.027134950986E+001 -6.569486713095E+002
  6.664755896041E-002  2.673017589189E+000 -1.082862702457E+001 -6.374921453865E+002
  6.751494290207E-002  2.663387618341E+000 -1.137323515723E+001 -6.183284136988E+002
  6.838864918226E-002  2.653217161700E+000 -1.190519670888E+001 -5.994551549512E+002
  6.926869676725E-002  2.642510300523E+000 -1.242453701573E+001 -5.808701056448E+002
  7.015510478375E-002  2.631271300885E+000 -1.293128396320E+001 -5.625710588033E+002
  7.104789251987E-002  2.619504611824E+000 -1.342546800044E+001 -5.445558625017E+002
  7.194707942599E-002  2.607214863401E+000 -1.390712215524E+001 -5.268224182091E+002
  7.285268511573E-002  2.594406864677E+000 -1.437628204907E+001 -5.093686789591E+002
  7.376472936684E-002  2.581085601607E+000 -1.483298591197E+001 -4.921926473613E+002
  7.468323212221E-002  2.567256234841E+000 -1.527727459720E+001 -4.752923734661E+002
  7.560821349078E-002  2.552924097449E+000 -1.570919159542E+001 -4.586659524978E+002
  7.653969374850E-002  2.538094692546E+000 -1.612878304813E+001 -4.423115224671E+002
  7.747769333938E-002  2.522773690838E+000 -1.653609776027E+001 -4.262272616775E+002
  7.842223287637E-002  2.506966928073E+000 -1.693118721186E+001 -4.104113861385E+002
  7.937333314243E-002  2.490680402404E+000 -1.731410556824E+001 -3.948621468967E+002
  8.033101509154E-002  2.473920271668E+000 -1.768490968912E+001 -3.795778273002E+002
  8.129529984966E-002  2.456692850565E+000 -1.804365913595E+001 -3.645567402057E+002
  8.226620871580E-002  2.439004607762E+000 -1.839041617767E+001 -3.497972251427E+002
  8.324376316303E-002  2.420862162897E+000 -1.872524579459E+001 -3.352976454455E+002
  8.422798483957E-002  2.402272283501E+000 -1.904821568032E+001 -3.210563853646E+002
  8.521889556978E-002  2.383241881835E+000 -1.935939624157E+001 -3.070718471694E+002
  8.621651735528E-002  2.363778011639E+000 -1.965886059584E+001 -2.933424482522E+002
  8.722087237602E-002  2.343887864795E+000 -1.994668456663E+001 -2.798666182450E+002
  8.823198299134E-002  2.323578767916E+000 -2.022294667641E+001 -2.666427961575E+002
  8.924987174107E-002  2.302858178845E+000 -2.048772813701E+001 -2.536694275492E+002
  9.027456134670E-002  2.281733683078E+000 -2.074111283738E+001 -2.409449617406E+002
  9.130607471240E-002  2.260212990117E+000 -2.098318732885E+001 -2.284678490770E+002
  9.234443492626E-002  2.238303929738E+000 -2.121404080756E+001 -2.162365382490E+002
  9.338966526132E-002  2.216014448195E+000 -2.143376509420E+001 -2.042494736813E+002
  9.444178917683E-002  2.193352604351E+000 -2.164245461098E+001 -1.925050929949E+002
  9.550083031933E-002  2.170326565746E+000 -2.184020635574E+001 -1.810018245509E+002
  9.656681252387E-002  2.146944604598E+000 -2.202711987327E+001 -1.697380850819E+002
  9.763975981519E-002  2.123215093744E+000 -2.220329722376E+001 -1.587122774174E+002
  9.871969640891E-002  2.099146502525E+000 -2.236884294847E+001 -1.479227883089E+002
  9.980664671274E-002  2.074747392616E+000 -2.252386403245E+001 -1.373679863595E+002
  1.009006353277E-001  2.050026413811E+000 -2.266846986463E+001 -1.270462200621E+002
  1.020016870494E-001  2.024992299748E+000 -2.280277219494E+001 -1.169558159519E+002
  1.031098268692E-001  1.999653863608E+000 -2.292688508883E+001 -1.070950768748E+002
  1.042250799756E-001  1.974019993760E+000 -2.304092487902E+001 -9.746228037661E+001
  1.053474717553E-001  1.948099649378E+000 -2.314501011462E+001 -8.805567721442E+001
  1.064770277946E-001  1.921901856026E+000 -2.323926150764E+001 -7.887348999314E+001
  1.076137738809E-001  1.895435701213E+000 -2.332380187707E+001 -6.991391192850E+001
  1.087577360036E-001  1.868710329928E+000 -2.339875609037E+001 -6.117510573798E+001
  1.099089403557E-001  1.841734940150E+000 -2.346425100277E+001 -5.265520266044E+001
  1.110674133350E-001  1.814518778347E+000 -2.352041539416E+001 -4.435230160469E+001
  1.122331815458E-001  1.787071134967E+000 -2.356737990388E+001 -3.626446842730E+001
  1.134062717995E-001  1.759401339911E+000 -2.360527696339E+001 -2.838973533879E+001
  1.145867111168E-001  1.731518758018E+000 -2.363424072701E+001 -2.072610043774E+001
  1.157745267286E-001  1.703432784540E+000 -2.365440700078E+001 -1.327152737131E+001
  1.169697460775E-001  1.675152840627E+000 -2.366591316953E+001 -6.023945120785E+000
  1.181723968193E-001  1.646688368823E+000 -2.366889812240E+001  1.018752089924E+000
  1.193825068243E-001  1.618048828573E+000 -2.366350217679E+001  7.858704764992E+000
  1.206001041787E-001  1.589243691750E+000 -2.364986700093E+001  1.449808798926E+001
  1.218252171865E-001  1.560282438208E+000 -2.362813553522E+001  2.093911116551E+001
  1.230578743703E-001  1.531174551349E+000 -2.359845191245E+001  2.718401763962E+001
  1.242981044731E-001  1.501929513735E+000 -2.356096137696E+001  3.323508421700E+001
  1.255459364600E-001  1.472556802723E+000 -2.351581020300E+001  3.909462057401E+001
  1.268013995194E-001  1.443065886145E+000 -2.346314561233E+001  4.476496856814E+001
  1.280645230647E-001  1.413466218021E+000 -2.340311569123E+001  5.024850145120E+001
  1.293353367356E-001  1.383767234326E+000 -2.333586930706E+001  5.554762298962E+001
  1.306138704000E-001  1.353978348798E+000 -2.326155602442E+001  6.066476649645E+001
  1.319001541553E-001  1.324108948804E+000 -2.318032602125E+001  6.560239377952E+001
  1.331942183303E-001  1.294168391254E+000 -2.309233000468E+001  7.036299401056E+001
  1.344960934863E-001  1.264165998578E+000 -2.299771912715E+001  7.494908252008E+001
  1.358058104191E-001  1.234111054764E+000 -2.289664490253E+001  7.936319952286E+001
  1.371234001607E-001  1.204012801457E+000 -2.278925912271E+001  8.360790877916E+001
  1.384488939805E-001  1.173880434127E+000 -2.267571377454E+001  8.768579619656E+001
  1.397823233874E-001  1.143723098306E+000 -2.255616095736E+001  9.159946837763E+001
  1.411237201313E-001  1.113549885895E+000 -2.243075280125E+001  9.535155111838E+001
  1.424731162050E-001  1.083369831545E+000 -2.229964138604E+001  9.894468786273E+001
  1.438305438454E-001  1.053191909121E+000 -2.216297866122E+001  1.023815381180E+002
  1.451960355357E-001  1.023025028230E+000 -2.202091636688E+001  1.056647758367E+002
  1.465696240072E-001  9.928780308438E-001 -2.187360595581E+001  1.087970877689E+002
  1.479513422405E-001  9.627596879944E-001 -2.172119851676E+001  1.117811717914E+002
  1.493412234681E-001  9.326786965556E-001 -2.156384469903E+001  1.146197352174E+002
  1.507393011753E-001  9.026436761087E-001 -2.140169463850E+001  1.173154930920E+002
  1.521456091027E-001  8.726631658943E-001 -2.123489788509E+001  1.198711664782E+002
  1.535601812478E-001  8.427456218511E-001 -2.106360333185E+001  1.222894807381E+002
  1.549830518669E-001  8.128994137420E-001 -2.088795914564E+001  1.245731638136E+002
  1.564142554766E-001  7.831328223697E-001 -2.070811269957E+001  1.267249445106E+002
  1.578538268564E-001  7.534540368808E-001 -2.052421050723E+001  1.287475507918E+002
  1.593018010499E-001  7.238711521604E-001 -2.033639815867E+001  1.306437080815E+002
  1.607582133673E-001  6.943921663162E-001 -2.014482025842E+001  1.324161375863E+002
  1.622230993867E-001  6.650249782537E-001 -1.994962036529E+001  1.340675546354E+002
  1.636964949568E-001  6.357773853413E-001 -1.975094093435E+001  1.356006670452E+002
  1.651784361984E-001  6.066570811660E-001 -1.954892326073E+001  1.370181735091E+002
  1.666689595063E-001  5.776716533794E-001 -1.934370742567E+001  1.383227620188E+002
  1.681681015517E-001  5.488285816335E-001 -1.913543224451E+001  1.395171083173E+002
  1.696758992842E-001  5.201352356064E-001 -1.892423521692E+001  1.406038743888E+002
  1.711923899335E-001  4.915988731161E-001 -1.871025247914E+001  1.415857069861E+002
  1.727176110118E-001  4.632266383237E-001 -1.849361875847E+001  1.424652361995E+002
  1.742516003158E-001  4.350255600234E-001 -1.827446732986E+001  1.432450740691E+002
  1.757943959287E-001  4.070025500194E-001 -1.805292997464E+001  1.439278132412E+002
  1.773460362227E-001  3.791644015893E-001 -1.782913694145E+001  1.445160256731E+002
  1.789065598608E-001  3.515177880306E-001 -1.760321690929E+001  1.450122613862E+002
  1.804760057990E-001  3.240692612929E-001 -1.737529695271E+001  1.454190472691E+002
  1.820544132889E-001  2.968252506908E-001 -1.714550250915E+001  1.457388859328E+002
  1.836418218792E-001  2.697920616990E-001 -1.691395734836E+001  1.459742546177E+002
  1.852382714189E-001  2.429758748270E-001 -1.668078354388E+001  1.461276041557E+002
  1.868438020586E-001  2.163827445719E-001 -1.644610144667E+001  1.462013579851E+002
  1.884584542535E-001  1.900185984490E-001 -1.621002966065E+001  1.461979112213E+002
  1.900822687655E-001  1.638892360968E-001 -1.597268502033E+001  1.461196297824E+002
  1.917152866652E-001  1.380003284574E-001 -1.573418257036E+001  1.459688495709E+002
  1.933575493349E-001  1.123574170280E-001 -1.549463554699E+001  1.457478757103E+002
  1.950090984705E-001  8.696591318411E-002 -1.525415536146E+001  1.454589818375E+002
  1.966699760840E-001  6.183109757171E-002 -1.501285158517E+001  1.451044094508E+002
  1.983402245061E-001  3.695811956670E-002 -1.477083193665E+001  1.446863673120E+002
  2.000198863884E-001  1.235199680062E-002 -1.452820227033E+001  1.442070309039E+002
  2.017090047061E-001 -1.198238524951E-002 -1.428506656693E+001  1.436685419402E+002
  2.034076227605E-001 -3.604027360889E-002 -1.404152692552E+001  1.430730079298E+002
  2.051157841813E-001 -5.981704809165E-002 -1.379768355718E+001  1.424225017917E+002
  2.068335329293E-001 -8.330822152840E-002 -1.355363478016E+001  1.417190615217E+002
  2.085609132993E-001 -1.065094399362E-001 -1.330947701657E+001  1.409646899093E+002
  2.102979699219E-001 -1.294164826325E-001 -1.306530479042E+001  1.401613543022E+002
  2.120447477670E-001 -1.520252622953E-001 -1.282121072709E+001  1.393109864194E+002
  2.138012921459E-001 -1.743318249697E-001 -1.257728555408E+001  1.384154822095E+002
  2.155676487143E-001 -1.963323500243E-001 -1.233361810299E+001  1.374767017541E+002
  2.173438634747E-001 -2.180231500574E-001 -1.209029531273E+001  1.364964692138E+002
  2.191299827795E-001 -2.394006707557E-001 -1.184740223385E+001  1.354765728166E+002
  2.209260533334E-001 -2.604614907058E-001 -1.160502203394E+001  1.344187648850E+002
  2.227321221965E-001 -2.812023211613E-001 -1.136323600402E+001  1.333247619026E+002
  2.245482367870E-001 -3.016200057657E-001 -1.112212356598E+001  1.321962446161E+002
  2.263744448840E-001 -3.217115202332E-001 -1.088176228087E+001  1.310348581734E+002
  2.282107946304E-001 -3.414739719886E-001 -1.064222785801E+001  1.298422122935E+002
  2.300573345358E-001 -3.609045997673E-001 -1.040359416497E+001  1.286198814689E+002
  2.319141134796E-001 -3.800007731766E-001 -1.016593323827E+001  1.273694051966E+002
  2.337811807137E-001 -3.987599922204E-001 -9.929315294783E+000  1.260922882379E+002
  2.356585858657E-001 -4.171798867872E-001 -9.693808743734E+000  1.247900009032E+002
  2.375463789419E-001 -4.352582161027E-001 -9.459480199386E+000  1.234639793621E+002
  2.394446103301E-001 -4.529928681495E-001 -9.226394494202E+000  1.221156259752E+002
  2.413533308032E-001 -4.703818590526E-001 -8.994614692548E+000  1.207463096473E+002
  2.432725915217E-001 -4.874233324331E-001 -8.764202104849E+000  1.193573661993E+002
  2.452024440374E-001 -5.041155587313E-001 -8.535216302159E+000  1.179500987580E+002
  2.471429402963E-001 -5.204569344984E-001 -8.307715131120E+000  1.165257781611E+002
  2.490941326418E-001 -5.364459816594E-001 -8.081754729254E+000  1.150856433772E+002
  2.510560738180E-001 -5.520813467469E-001 -7.857389540561E+000  1.136309019378E+002
  2.530288169732E-001 -5.673618001066E-001 -7.634672331388E+000  1.121627303802E+002
  2.550124156627E-001 -5.822862350755E-001 -7.413654206533E+000  1.106822747013E+002
  2.570069238527E-001 -5.968536671331E-001 -7.194384625555E+000  1.091906508181E+002
  2.590123959233E-001 -6.110632330264E-001 -6.976911419260E+000  1.076889450362E+002
  2.610288866721E-001 -6.249141898690E-001 -6.761280806335E+000  1.061782145230E+002
  2.630564513176E-001 -6.384059142149E-001 -6.547537410115E+000  1.046594877861E+002
  2.650951455027E-001 -6.515379011073E-001 -6.335724275435E+000  1.031337651538E+002
  2.671450252982E-001 -6.643097631038E-001 -6.125882885583E+000  1.016020192583E+002
  2.692061472063E-001 -6.767212292759E-001 -5.918053179292E+000  1.000651955194E+002
  2.712785681644E-001 -6.887721441866E-001 -5.712273567792E+000  9.852421262804E+001
  2.733623455485E-001 -7.004624668436E-001 -5.508580951880E+000  9.697996302901E+001
  2.754575371771E-001 -7.117922696295E-001 -5.307010739000E+000  9.543331340111E+001
  2.775642013146E-001 -7.227617372094E-001 -5.107596860334E+000  9.388510513497E+001
  2.796823966754E-001 -7.333711654160E-001 -4.910371787872E+000  9.233615480693E+001
  2.818121824272E-001 -7.436209601124E-001 -4.715366551463E+000  9.078725464872E+001
  2.839536181956E-001 -7.535116360323E-001 -4.522610755845E+000  8.923917301199E+001
  2.861067640671E-001 -7.630438155994E-001 -4.332132597629E+000  8.769265482742E+001
  2.882716805935E-001 -7.722182277239E-001 -4.143958882257E+000  8.614842205751E+001
  2.904484287958E-001 -7.810357065782E-001 -3.958115040902E+000  8.460717414292E+001
  2.926370701682E-001 -7.894971903514E-001 -3.774625147332E+000  8.306958844164E+001
  2.948376666818E-001 -7.976037199823E-001 -3.593511934726E+000  8.153632066084E+001
  2.970502807892E-001 -8.053564378712E-001 -3.414796812433E+000  8.000800528094E+001
  2.992749754281E-001 -8.127565865719E-001 -3.238499882696E+000  7.848525597174E+001
  3.015118140259E-001 -8.198055074618E-001 -3.064639957323E+000  7.696866600034E+001
  3.037608605035E-001 -8.265046393926E-001 -2.893234574313E+000  7.545880863062E+001
  3.060221792797E-001 -8.328555173203E-001 -2.724300014448E+000  7.395623751433E+001
  3.082958352758E-001 -8.388597709150E-001 -2.557851317842E+000  7.246148707352E+001
  3.105818939192E-001 -8.445191231514E-001 -2.393902300464E+000  7.097507287441E+001
  3.128804211487E-001 -8.498353888792E-001 -2.232465570629E+000  6.949749199261E+001
  3.151914834180E-001 -8.548104733742E-001 -2.073552545470E+000  6.802922336977E+001
  3.175151477009E-001 -8.594463708704E-001 -1.917173467391E+000  6.657072816172E+001
  3.198514814953E-001 -8.637451630731E-001 -1.763337420511E+000  6.512245007819E+001
  3.222005528283E-001 -8.677090176538E-001 -1.612052347110E+000  6.368481571429E+001
  3.245624302601E-001 -8.713401867261E-001 -1.463325064068E+000  6.225823487376E+001
  3.269371828894E-001 -8.746410053045E-001 -1.317161279319E+000  6.084310088443E+001
  3.293248803576E-001 -8.776138897449E-001 -1.173565608320E+000  5.943979090581E+001
  3.317255928537E-001 -8.802613361680E-001 -1.032541590544E+000  5.804866622920E+001
  3.341393911192E-001 -8.825859188667E-001 -8.940917059978E-001  5.667007257059E+001
  3.365663464529E-001 -8.845902886958E-001 -7.582173917781E-001  5.530434035644E+001
  3.390065307159E-001 -8.862771714466E-001 -6.249190586698E-001  5.395178500277E+001
  3.414600163363E-001 -8.876493662058E-001 -4.941961077894E-001  5.261270718782E+001
  3.439268763145E-001 -8.887097436994E-001 -3.660469472824E-001  5.128739311841E+001
  3.464071842282E-001 -8.894612446223E-001 -2.404690090797E-001  4.997611479058E+001
  3.489010142374E-001 -8.899068779533E-001 -1.174587657164E-001  4.867913024452E+001
  3.514084410898E-001 -8.900497192576E-001  2.988252780625E-003  4.739668381433E+001
  3.539295401259E-001 -8.898929089766E-001  1.208774419336E-001  4.612900637273E+001
  3.564643872842E-001 -8.894396507042E-001  2.362151057789E-001  4.487631557124E+001
  3.590130591069E-001 -8.886932094534E-001  3.490084397527E-001  4.363881607589E+001
  3.615756327448E-001 -8.876569099112E-001  4.592655134955E-001  4.241669979895E+001
  3.641521859632E-001 -8.863341346833E-001  5.669952535727E-001  4.121014612696E+001
  3.667427971473E-001 -8.847283225295E-001  6.722074261094E-001  4.001932214524E+001
  3.693475453076E-001 -8.828429665910E-001  7.749126193392E-001  3.884438285929E+001
  3.719665100860E-001 -8.806816126091E-001  8.751222260661E-001  3.768547141334E+001
  3.745997717609E-001 -8.782478571372E-001  9.728484260386E-001  3.654271930619E+001
  3.772474112534E-001 -8.755453457466E-001  1.068104168239E+000  3.541624660485E+001
  3.799095101331E-001 -8.725777712263E-001  1.160903153086E+000  3.430616215600E+001
  3.825861506238E-001 -8.693488717790E-001  1.251259814557E+000  3.321256379558E+001
  3.852774156096E-001 -8.658624292126E-001  1.339189302225E+000  3.213553855685E+001
  3.879833886411E-001 -8.621222671294E-001  1.424707463222E+000  3.107516287694E+001
  3.907041539409E-001 -8.581322491126E-001  1.507830824130E+000  3.003150280226E+001
  3.934397964105E-001 -8.538962769125E-001  1.588576572790E+000  2.900461419286E+001
  3.961904016361E-001 -8.494182886321E-001  1.666962540063E+000  2.799454292593E+001
  3.989560558949E-001 -8.447022569133E-001  1.743007181517E+000  2.700132509870E+001
  4.017368461617E-001 -8.397521871248E-001  1.816729559061E+000  2.602498723068E+001
  4.045328601149E-001 -8.345721155531E-001  1.888149322541E+000  2.506554646563E+001
  4.073441861437E-001 -8.291661075962E-001  1.957286691277E+000  2.412301077311E+001
  4.101709133538E-001 -8.235382559624E-001  2.024162435579E+000  2.319737914996E+001
  4.130131315750E-001 -8.176926788742E-001  2.088797858229E+000  2.228864182163E+001
  4.158709313670E-001 -8.116335182788E-001  2.151214775944E+000  2.139678044355E+001
  4.187444040269E-001 -8.053649380653E-001  2.211435500825E+000  2.052176830246E+001
  4.216336415958E-001 -7.988911222914E-001  2.269482821811E+000  1.966357051791E+001
  4.245387368658E-001 -7.922162734174E-001  2.325379986128E+000  1.882214424392E+001
  4.274597833869E-001 -7.853446105523E-001  2.379150680761E+000  1.799743887070E+001
  4.303968754741E-001 -7.782803677094E-001  2.430819013948E+000  1.718939622660E+001
  4.333501082151E-001 -7.710277920747E-001  2.480409496705E+000  1.639795078027E+001
  4.363195774768E-001 -7.635911422876E-001  2.527947024398E+000  1.562302984288E+001
  4.393053799131E-001 -7.559746867361E-001  2.573456858372E+000  1.486455377056E+001
  4.423076129724E-001 -7.481827018657E-001  2.616964607636E+000  1.412243616688E+001
  4.453263749047E-001 -7.402194705044E-001  2.658496210627E+000  1.339658408545E+001
  4.483617647698E-001 -7.320892802040E-001  2.698077917061E+000  1.268689823245E+001
  4.514138824444E-001 -7.237964215983E-001  2.735736269876E+000  1.199327316917E+001
  4.544828286302E-001 -7.153451867797E-001  2.771498087279E+000  1.131559751438E+001
  4.575687048617E-001 -7.067398676940E-001  2.805390444914E+000  1.065375414655E+001
  4.606716135142E-001 -6.979847545555E-001  2.837440658155E+000  1.000762040572E+001
  4.637916578118E-001 -6.890841342822E-001  2.867676264530E+000  9.377068295029E+000
  4.669289418353E-001 -6.800422889514E-001  2.896125006306E+000  8.761964681797E+000
  4.700835705309E-001 -6.708634942784E-001  2.922814813215E+000  8.162171497977E+000
  4.732556497182E-001 -6.615520181165E-001  2.947773785361E+000  7.577545939978E+000
  4.764452860985E-001 -6.521121189805E-001  2.971030176301E+000  7.007940667673E+000
  4.796525872639E-001 -6.425480445945E-001  2.992612376309E+000  6.453204002522E+000
  4.828776617050E-001 -6.328640304635E-001  3.012548895844E+000  5.913180124669E+000
  4.861206188205E-001 -6.230642984701E-001  3.030868349220E+000  5.387709268913E+000
  4.893815689254E-001 -6.131530554969E-001  3.047599438497E+000  4.876627919416E+000
  4.926606232602E-001 -6.031344920751E-001  3.062770937589E+000  4.379769003049E+000
  4.959578939999E-001 -5.930127810591E-001  3.076411676617E+000  3.896962081231E+000
  4.992734942630E-001 -5.827920763289E-001  3.088550526490E+000  3.428033540155E+000
  5.026075381207E-001 -5.724765115196E-001  3.099216383752E+000  2.972806779272E+000
  5.059601406064E-001 -5.620701987790E-001  3.108438155673E+000  2.531102397919E+000
  5.093314177250E-001 -5.515772275533E-001  3.116244745613E+000  2.102738379967E+000
  5.127214864626E-001 -5.410016634014E-001  3.122665038661E+000  1.687530276360E+000
  5.161304647959E-001 -5.303475468389E-001  3.127727887546E+000  1.285291385457E+000
  5.195584717022E-001 -5.196188922105E-001  3.131462098840E+000  8.958329310315E-001
  5.230056271692E-001 -5.088196865924E-001  3.133896419453E+000  5.189642378396E-001
  5.264720522050E-001 -4.979538887247E-001  3.135059523421E+000  1.544929046350E-001
  5.299578688483E-001 -4.870254279731E-001  3.134979999007E+000 -1.977750254651E-001
  5.334632001783E-001 -4.760382033216E-001  3.133686336097E+000 -5.380348973711E-001
  5.369881703256E-001 -4.649960823952E-001  3.131206913924E+000 -8.664832792636E-001
  5.405329044823E-001 -4.539029005128E-001  3.127569989099E+000 -1.183317800783E+000
  5.440975289128E-001 -4.427624597709E-001  3.122803683966E+000 -1.488736994252E+000
  5.476821709641E-001 -4.315785281579E-001  3.116935975283E+000 -1.782940139028E+000
  5.512869590774E-001 -4.203548386990E-001  3.109994683229E+000 -2.066127109041E+000
  5.549120227985E-001 -4.090950886317E-001  3.102007460745E+000 -2.338498223630E+000
  5.585574927889E-001 -3.978029386116E-001  3.093001783200E+000 -2.600254101709E+000
  5.622235008375E-001 -3.864820119497E-001  3.083004938402E+000 -2.851595519362E+000
  5.659101798716E-001 -3.751358938789E-001  3.072044016938E+000 -3.092723270906E+000
  5.696176639685E-001 -3.637681308516E-001  3.060145902851E+000 -3.323838033490E+000
  5.733460883672E-001 -3.523822298677E-001  3.047337264661E+000 -3.545140235280E+000
  5.770955894803E-001 -3.409816578320E-001  3.033644546721E+000 -3.756829927264E+000
  5.808663049055E-001 -3.295698409423E-001  3.019093960907E+000 -3.959106658742E+000
  5.846583734383E-001 -3.181501641064E-001  3.003711478655E+000 -4.152169356505E+000
  5.884719350837E-001 -3.067259703889E-001  2.987522823331E+000 -4.336216207765E+000
  5.923071310690E-001 -2.953005604876E-001  2.970553462933E+000 -4.511444546834E+000
  5.961641038558E-001 -2.838771922380E-001  2.952828603139E+000 -4.678050745594E+000
  6.000429971532E-001 -2.724590801471E-001  2.934373180679E+000 -4.836230107756E+000
  6.039439559304E-001 -2.610493949556E-001  2.915211857040E+000 -4.986176766933E+000
  6.078671264295E-001 -2.496512632272E-001  2.895369012506E+000 -5.128083588520E+000
  6.118126561791E-001 -2.382677669664E-001  2.874868740514E+000 -5.262142075385E+000
  6.157806940069E-001 -2.269019432637E-001  2.853734842345E+000 -5.388542277376E+000
  6.197713900541E-001 -2.155567839665E-001  2.831990822126E+000 -5.507472704618E+000
  6.237848957880E-001 -2.042352353780E-001  2.809659882154E+000 -5.619120244605E+000
  6.278213640166E-001 -1.929401979809E-001  2.786764918529E+000 -5.723670083052E+000
  6.318809489022E-001 -1.816745261873E-001  2.763328517101E+000 -5.821305628503E+000
  6.359638059756E-001 -1.704410281140E-001  2.739372949717E+000 -5.912208440651E+000
  6.400700921502E-001 -1.592424653819E-001  2.714920170771E+000 -5.996558162349E+000
  6.441999657370E-001 -1.480815529397E-001  2.689991814049E+000 -6.074532455291E+000
  6.483535864586E-001 -1.369609589124E-001  2.664609189861E+000 -6.146306939289E+000
  6.525311154647E-001 -1.258833044712E-001  2.638793282466E+000 -6.212055135151E+000
  6.567327153465E-001 -1.148511637280E-001  2.612564747768E+000 -6.271948411078E+000
  6.609585501525E-001 -1.038670636509E-001  2.585943911295E+000 -6.326155932552E+000
  6.652087854034E-001 -9.293348400204E-002  2.558950766443E+000 -6.374844615662E+000
  6.694835881080E-001 -8.205285729617E-002  2.531604972983E+000 -6.418179083805E+000
  6.737831267789E-001 -7.122756878040E-002  2.503925855823E+000 -6.456321627719E+000
  6.781075714485E-001 -6.045995643365E-002  2.475932404031E+000 -6.489432168776E+000
  6.824570936852E-001 -4.975231098582E-002  2.447643270090E+000 -6.517668225489E+000
  6.868318666096E-001 -3.910687595598E-002  2.419076769401E+000 -6.541184883149E+000
  6.912320649114E-001 -2.852584770904E-002  2.390250880016E+000 -6.560134766546E+000
  6.956578648660E-001 -1.801137553025E-002  2.361183242597E+000 -6.574668015693E+000
  7.001094443516E-001 -7.565561717217E-003  2.331891160591E+000 -6.584932264492E+000
  7.045869828664E-001  2.809538311456E-003  2.302391600624E+000 -6.591072622264E+000
  7.090906615461E-001  1.311191589113E-002  2.272701193098E+000 -6.593231658073E+000
  7.136206631812E-001  2.333960897047E-002  2.242836232987E+000 -6.591549387771E+000
  7.181771722357E-001  3.349070195564E-002  2.212812680825E+000 -6.586163263694E+000
  7.227603748644E-001  4.356332553986E-002  2.182646163886E+000 -6.577208166915E+000
  7.273704589315E-001  5.355565651899E-002  2.152351977534E+000 -6.564816401999E+000
  7.320076140295E-001  6.346591759355E-002  2.121945086753E+000 -6.549117694168E+000
  7.366720314977E-001  7.329237715780E-002  2.091440127842E+000 -6.530239188803E+000
  7.413639044413E-001  8.303334907647E-002  2.060851410264E+000 -6.508305453201E+000
  7.460834277508E-001  9.268719244945E-002  2.030192918654E+000 -6.483438480508E+000
  7.508307981215E-001  1.022523113653E-001  1.999478314968E+000 -6.455757695758E+000
  7.556062140732E-001  1.117271546436E-001  1.968720940772E+000 -6.425379963917E+000
  7.604098759705E-001  1.211102155676E-001  1.937933819668E+000 -6.392419599880E+000
  7.652419860431E-001  1.304000316061E-001  1.907129659838E+000 -6.356988380317E+000
  7.701027484060E-001  1.395951841268E-001  1.876320856714E+000 -6.319195557303E+000
  7.749923690810E-001  1.486942981006E-001  1.845519495759E+000 -6.279147873650E+000
  7.799110560171E-001  1.576960417972E-001  1.814737355355E+000 -6.236949579864E+000
  7.848590191124E-001  1.665991264731E-001  1.783985909791E+000 -6.192702452640E+000
  7.898364702358E-001  1.754023060523E-001  1.753276332346E+000 -6.146505814838E+000
  7.948436232486E-001  1.841043767995E-001  1.722619498461E+000 -6.098456556841E+000
  7.998806940270E-001  1.927041769872E-001  1.692025988992E+000 -6.048649159232E+000
  8.049479004846E-001  2.012005865568E-001  1.661506093545E+000 -5.997175716719E+000
  8.100454625952E-001  2.095925267733E-001  1.631069813869E+000 -5.944125963221E+000
  8.151736024160E-001  2.178789598755E-001  1.600726867334E+000 -5.889587298061E+000
  8.203325441110E-001  2.260588887208E-001  1.570486690450E+000 -5.833644813173E+000
  8.255225139746E-001  2.341313564257E-001  1.540358442452E+000 -5.776381321278E+000
  8.307437404560E-001  2.420954460021E-001  1.510351008931E+000 -5.717877384935E+000
  8.359964541833E-001  2.499502799897E-001  1.480473005509E+000 -5.658211346422E+000
  8.412808879885E-001  2.576950200856E-001  1.450732781555E+000 -5.597459358364E+000
  8.465972769320E-001  2.653288667696E-001  1.421138423930E+000 -5.535695415059E+000
  8.519458583285E-001  2.728510589280E-001  1.391697760774E+000 -5.472991384425E+000
  8.573268717726E-001  2.802608734742E-001  1.362418365303E+000 -5.409417040516E+000
  8.627405591648E-001  2.875576249673E-001  1.333307559638E+000 -5.345040096544E+000
  8.681871647376E-001  2.947406652292E-001  1.304372418647E+000 -5.279926238351E+000
  8.736669350829E-001  3.018093829594E-001  1.275619773799E+000 -5.214139158272E+000
  8.791801191785E-001  3.087632033489E-001  1.247056217030E+000 -5.147740589339E+000
  8.847269684160E-001  3.156015876935E-001  1.218688104608E+000 -5.080790339763E+000
  8.903077366283E-001  3.223240330052E-001  1.190521561004E+000 -5.013346327660E+000
  8.959226801184E-001  3.289300716237E-001  1.162562482761E+000 -4.945464615953E+000
  9.015720576873E-001  3.354192708275E-001  1.134816542355E+000 -4.877199447417E+000
  9.072561306635E-001  3.417912324449E-001  1.107289192047E+000 -4.808603279811E+000
  9.129751629322E-001  3.480455924640E-001  1.079985667728E+000 -4.739726821060E+000
  9.187294209652E-001  3.541820206445E-001  1.052910992743E+000 -4.670619064441E+000
  9.245191738511E-001  3.602002201286E-001  1.026069981698E+000 -4.601327323736E+000
  9.303446933257E-001  3.660999270528E-001  9.994672442575E-001 -4.531897268307E+000
  9.362062538036E-001  3.718809101604E-001  9.731071889029E-001 -4.462372958060E+000
  9.421041324088E-001  3.775429704147E-001  9.469940266795E-001 -4.392796878274E+000
  9.480386090075E-001  3.830859406135E-001  9.211317749105E-001 -4.323209974232E+000
  9.540099662399E-001  3.885096850036E-001  8.955242608832E-001 -4.253651685661E+000
  9.600184895530E-001  3.938140988978E-001  8.701751255046E-001 -4.184159980915E+000
  9.660644672342E-001  3.989991082920E-001  8.450878269243E-001 -4.114771390900E+000
  9.721481904447E-001  4.040646694840E-001  8.202656441226E-001 -4.045521042703E+000
  9.782699532537E-001  4.090107686941E-001  7.957116804635E-001 -3.976442692891E+000
  9.844300526731E-001  4.138374216862E-001  7.714288672107E-001 -3.907568760482E+000
  9.906287886927E-001  4.185446733916E-001  7.474199670041E-001 -3.838930359539E+000
  9.968664643158E-001  4.231325975331E-001  7.236875772981E-001 -3.770557331384E+000
  1.003143385595E+000  4.276012962515E-001  7.002341337584E-001 -3.702478276414E+000
  1.009459861670E+000  4.319508997340E-001  6.770619136179E-001 -3.634720585486E+000
  1.015816204803E+000  4.361815658429E-001  6.541730389900E-001 -3.567310470875E+000
  1.022212730417E+000  4.402934797477E-001  6.315694801391E-001 -3.500272996780E+000
  1.028649757135E+000  4.442868535575E-001  6.092530587078E-001 -3.433632109365E+000
  1.035127606818E+000  4.481619259558E-001  5.872254508995E-001 -3.367410666334E+000
  1.041646604604E+000  4.519189618369E-001  5.654881906168E-001 -3.301630466013E+000
  1.048207078948E+000  4.555582519440E-001  5.440426725557E-001 -3.236312275946E+000
  1.054809361664E+000  4.590801125086E-001  5.228901552542E-001 -3.171475860989E+000
  1.061453787962E+000  4.624848848918E-001  5.020317640956E-001 -3.107140010899E+000
  1.068140696494E+000  4.657729352278E-001  4.814684942676E-001 -3.043322567412E+000
  1.074870429395E+000  4.689446540680E-001  4.612012136753E-001 -2.980040450801E+000
  1.081643332322E+000  4.720004560273E-001  4.412306658095E-001 -2.917309685925E+000
  1.088459754505E+000  4.749407794320E-001  4.215574725703E-001 -2.855145427746E+000
  1.095320048782E+000  4.777660859689E-001  4.021821370455E-001 -2.793561986338E+000
  1.102224571653E+000  4.804768603358E-001  3.831050462450E-001 -2.732572851357E+000
  1.109173683316E+000  4.830736098943E-001  3.643264737911E-001 -2.672190716010E+000
  1.116167747721E+000  4.855568643226E-001  3.458465825643E-001 -2.612427500487E+000
  1.123207132611E+000  4.879271752708E-001  3.276654273072E-001 -2.553294374886E+000
  1.130292209573E+000  4.901851160172E-001  3.097829571842E-001 -2.494801781622E+000
  1.137423354084E+000  4.923312811254E-001  2.921990182995E-001 -2.436959457323E+000
  1.144600945560E+000  4.943662861031E-001  2.749133561738E-001 -2.379776454222E+000
  1.151825367405E+000  4.962907670618E-001  2.579256181785E-001 -2.323261161048E+000
  1.159097007063E+000  4.981053803778E-001  2.412353559306E-001 -2.267421323418E+000
  1.166416256069E+000  4.998108023540E-001  2.248420276473E-001 -2.212264063746E+000
  1.173783510095E+000  5.014077288828E-001  2.087450004604E-001 -2.157795900662E+000
  1.181199169012E+000  5.028968751099E-001  1.929435526938E-001 -2.104022767958E+000
  1.188663636935E+000  5.042789750991E-001  1.774368761014E-001 -2.050950033065E+000
  1.196177322279E+000  5.055547814975E-001  1.622240780689E-001 -1.998582515068E+000
  1.203740637818E+000  5.067250652023E-001  1.473041837786E-001 -1.946924502269E+000
  1.211354000735E+000  5.077906150273E-001  1.326761383385E-001 -1.895979769299E+000
  1.219017832681E+000  5.087522373711E-001  1.183388088766E-001 -1.845751593805E+000
  1.226732559833E+000  5.096107558850E-001  1.042909866009E-001 -1.796242772697E+000
  1.234498612950E+000  5.103670111419E-001  9.053138882529E-002 -1.747455637982E+000
  1.242316427433E+000  5.110218603059E-001  7.705866096345E-002 -1.699392072189E+000
  1.250186443388E+000  5.115761768023E-001  6.387137849016E-002 -1.652053523388E+000
  1.258109105679E+000  5.120308499874E-001  5.096804887142E-002 -1.605441019821E+000
  1.266084863999E+000  5.123867848200E-001  3.834711346389E-002 -1.559555184154E+000
  1.274114172926E+000  5.126449015317E-001  2.600694938451E-002 -1.514396247342E+000
  1.282197491990E+000  5.128061352987E-001  1.394587135081E-002 -1.469964062152E+000
  1.290335285734E+000  5.128714359135E-001  2.162133492786E-003 -1.426258116308E+000
  1.298528023786E+000  5.128417674569E-001 -9.346068863139E-003 -1.383277545308E+000
  1.306776180919E+000  5.127181079697E-001 -2.058059743729E-002 -1.341021144898E+000
  1.315080237120E+000  5.125014491256E-001 -3.154336926649E-002 -1.299487383216E+000
  1.323440677664E+000  5.121927959033E-001 -4.223635499967E-002 -1.258674412625E+000
  1.331857993175E+000  5.117931662593E-001 -5.266157721886E-002 -1.218580081232E+000
  1.340332679704E+000  5.113035908004E-001 -6.282110878484E-002 -1.179201944106E+000
  1.348865238797E+000  5.107251124570E-001 -7.271707120689E-002 -1.140537274208E+000
  1.357456177571E+000  5.100587861556E-001 -8.235163303628E-002 -1.102583073032E+000
  1.366106008782E+000  5.093056784916E-001 -9.172700828262E-002 -1.065336080979E+000
  1.374815250909E+000  5.084668674028E-001 -1.008454548529E-001 -1.028792787453E+000
  1.383584428224E+000  5.075434418419E-001 -1.097092730127E-001 -9.929494407051E-001
  1.392414070872E+000  5.065365014499E-001 -1.183208038685E-001 -9.578020574280E-001
  1.401304714948E+000  5.054471562290E-001 -1.266824278719E-001 -9.233464320973E-001
  1.410256902580E+000  5.042765262152E-001 -1.347965633438E-001 -8.895781460842E-001
  1.419271182008E+000  5.030257411523E-001 -1.426656650195E-001 -8.564925765342E-001
  1.428348107668E+000  5.016959401637E-001 -1.502922226134E-001 -8.240849050239E-001
  1.437488240275E+000  5.002882714264E-001 -1.576787594032E-001 -7.923501260008E-001
  1.446692146911E+000  4.988038918436E-001 -1.648278308338E-001 -7.612830550135E-001
  1.455960401104E+000  4.972439667175E-001 -1.717420231397E-001 -7.308783367366E-001
  1.465293582927E+000  4.956096694225E-001 -1.784239519860E-001 -7.011304527985E-001
  1.474692279079E+000  4.939021810783E-001 -1.848762611278E-001 -6.720337294164E-001
  1.484157082978E+000  4.921226902227E-001 -1.911016210881E-001 -6.435823448432E-001
  1.493688594856E+000  4.902723924846E-001 -1.971027278527E-001 -6.157703366332E-001
  1.503287421848E+000  4.883524902571E-001 -2.028823015831E-001 -5.885916087308E-001
  1.512954178094E+000  4.863641923708E-001 -2.084430853471E-001 -5.620399383861E-001
  1.522689484827E+000  4.843087137665E-001 -2.137878438659E-001 -5.361089829033E-001
  1.532493970480E+000  4.821872751687E-001 -2.189193622786E-001 -5.107922862254E-001
  1.542368270780E+000  4.800011027587E-001 -2.238404449234E-001 -4.860832853592E-001
  1.552313028853E+000  4.777514278482E-001 -2.285539141356E-001 -4.619753166451E-001
  1.562328895326E+000  4.754394865524E-001 -2.330626090615E-001 -4.384616218751E-001
  1.572416528431E+000  4.730665194640E-001 -2.373693844896E-001 -4.155353542617E-001
  1.582576594115E+000  4.706337713265E-001 -2.414771096974E-001 -3.931895842628E-001
  1.592809766145E+000  4.681424907085E-001 -2.453886673143E-001 -3.714173052638E-001
  1.603116726218E+000  4.655939296772E-001 -2.491069522005E-001 -3.502114391214E-001
  1.613498164078E+000  4.629893434733E-001 -2.526348703424E-001 -3.295648415711E-001
  1.623954777622E+000  4.603299901850E-001 -2.559753377631E-001 -3.094703075012E-001
  1.634487273025E+000  4.576171304228E-001 -2.591312794485E-001 -2.899205760959E-001
  1.645096364848E+000  4.548520269945E-001 -2.621056282900E-001 -2.709083358499E-001
  1.655782776168E+000  4.520359445803E-001 -2.649013240415E-001 -2.524262294567E-001
  1.666547238688E+000  4.491701494084E-001 -2.675213122926E-001 -2.344668585731E-001
  1.677390492873E+000  4.462559089306E-001 -2.699685434571E-001 -2.170227884610E-001
  1.688313288066E+000  4.432944914988E-001 -2.722459717765E-001 -2.000865525092E-001
  1.699316382620E+000  4.402871660411E-001 -2.743565543388E-001 -1.836506566374E-001
  1.710400544029E+000  4.372352017388E-001 -2.763032501124E-001 -1.677075835830E-001
  1.721566549058E+000  4.341398677039E-001 -2.780890189952E-001 -1.522497970731E-001
  1.732815183877E+000  4.310024326565E-001 -2.797168208785E-001 -1.372697458829E-001
  1.744147244202E+000  4.278241646028E-001 -2.811896147255E-001 -1.227598677834E-001
  1.755563535430E+000  4.246063305143E-001 -2.825103576650E-001 -1.087125933773E-001
  1.767064872781E+000  4.213501960061E-001 -2.836820040994E-001 -9.512034982693E-002
  1.778652081442E+000  4.180570250173E-001 -2.847075048273E-001 -8.197556447472E-002
  1.790325996715E+000  4.147280794905E-001 -2.855898061810E-001 -6.927066835716E-002
  1.802087464166E+000  4.113646190529E-001 -2.863318491772E-001 -5.699809961436E-002
  1.813937339772E+000  4.079679006976E-001 -2.869365686834E-001 -4.515030679599E-002
  1.825876490081E+000  4.045391784655E-001 -2.874068925969E-001 -3.371975206522E-002
  1.837905792365E+000  4.010797031278E-001 -2.877457410389E-001 -2.269891430185E-002
  1.850026134778E+000  3.975907218696E-001 -2.879560255616E-001 -1.208029210593E-002
  1.862238416525E+000  3.940734779738E-001 -2.880406483697E-001 -1.856406703295E-003
  1.874543548019E+000  3.905292105059E-001 -2.880025015543E-001  7.980195245812E-003
  1.886942451054E+000  3.869591539996E-001 -2.878444663415E-001  1.743693893351E-002
  1.899436058973E+000  3.833645381434E-001 -2.875694123532E-001  2.652121878524E-002
  1.912025316845E+000  3.797465874678E-001 -2.871801968811E-001  3.524039593338E-002
  1.924711181638E+000  3.761065210336E-001 -2.866796641736E-001  4.360179578224E-002
  1.937494622402E+000  3.724455521211E-001 -2.860706447360E-001  5.161270566285E-002
  1.950376620452E+000  3.687648879206E-001 -2.853559546416E-001  5.928037257619E-002
  1.963358169552E+000  3.650657292233E-001 -2.845383948566E-001  6.661200102326E-002
  1.976440276109E+000  3.613492701145E-001 -2.836207505766E-001  7.361475092047E-002
  1.989623959360E+000  3.576166976663E-001 -2.826057905742E-001  8.029573559879E-002
  2.002910251577E+000  3.538691916334E-001 -2.814962665597E-001  8.666201988495E-002
  2.016300198259E+000  3.501079241489E-001 -2.802949125519E-001  9.272061826317E-002
  2.029794858340E+000  3.463340594222E-001 -2.790044442611E-001  9.847849311552E-002
  2.043395304396E+000  3.425487534377E-001 -2.776275584826E-001  1.039425530393E-001
  2.057102622856E+000  3.387531536560E-001 -2.761669325015E-001  1.091196512397E-001
  2.070917914217E+000  3.349483987157E-001 -2.746252235075E-001  1.140165839957E-001
  2.084842293261E+000  3.311356181379E-001 -2.730050680211E-001  1.186400891975E-001
  2.098876889283E+000  3.273159320317E-001 -2.713090813287E-001  1.229968449539E-001
  2.113022846310E+000  3.234904508018E-001 -2.695398569295E-001  1.270934682669E-001
  2.127281323341E+000  3.196602748590E-001 -2.676999659903E-001  1.309365137721E-001
  2.141653494575E+000  3.158264943311E-001 -2.657919568117E-001  1.345324725435E-001
  2.156140549656E+000  3.119901887779E-001 -2.638183543024E-001  1.378877709591E-001
  2.170743693911E+000  3.081524269074E-001 -2.617816594641E-001  1.410087696271E-001
  2.185464148607E+000  3.043142662946E-001 -2.596843488845E-001  1.439017623692E-001
  2.200303151197E+000  3.004767531036E-001 -2.575288742395E-001  1.465729752597E-001
  2.215261955581E+000  2.966409218117E-001 -2.553176618054E-001  1.490285657184E-001
  2.230341832367E+000  2.928077949368E-001 -2.530531119779E-001  1.512746216550E-001
  2.245544069142E+000  2.889783827678E-001 -2.507375988016E-001  1.533171606625E-001
  2.260869970742E+000  2.851536830985E-001 -2.483734695069E-001  1.551621292583E-001
  2.276320859530E+000  2.813346809641E-001 -2.459630440556E-001  1.568154021710E-001
  2.291898075679E+000  2.775223483825E-001 -2.435086146954E-001  1.582827816703E-001
  2.307602977460E+000  2.737176440981E-001 -2.410124455223E-001  1.595699969375E-001
  2.323436941540E+000  2.699215133301E-001 -2.384767720510E-001  1.606827034770E-001
  2.339401363274E+000  2.661348875254E-001 -2.359038007948E-001  1.616264825634E-001
  2.355497657016E+000  2.623586841147E-001 -2.332957088524E-001  1.624068407257E-001
  2.371727256428E+000  2.585938062741E-001 -2.306546435044E-001  1.630292092641E-001
  2.388091614797E+000  2.548411426911E-001 -2.279827218172E-001  1.634989437995E-001
  2.404592205358E+000  2.511015673352E-001 -2.252820302562E-001  1.638213238523E-001
  2.421230521622E+000  2.473759392341E-001 -2.225546243070E-001  1.640015524505E-001
  2.438008077714E+000  2.436651022553E-001 -2.198025281061E-001  1.640447557642E-001
  2.454926408713E+000  2.399698848929E-001 -2.170277340796E-001  1.639559827652E-001
  2.471987071003E+000  2.362911000607E-001 -2.142322025920E-001  1.637402049115E-001
  2.489191642624E+000  2.326295448909E-001 -2.114178616033E-001  1.634023158528E-001
  2.506541723641E+000  2.289860005395E-001 -2.085866063367E-001  1.629471311584E-001
  2.524038936507E+000  2.253612319983E-001 -2.057402989547E-001  1.623793880645E-001
  2.541684926444E+000  2.217559879133E-001 -2.028807682469E-001  1.617037452404E-001
  2.559481361827E+000  2.181710004103E-001 -2.000098093267E-001  1.609247825732E-001
  2.577429934572E+000  2.146069849284E-001 -1.971291833396E-001  1.600470009683E-001
  2.595532360540E+000  2.110646400597E-001 -1.942406171820E-001  1.590748221674E-001
  2.613790379943E+000  2.075446473983E-001 -1.913458032316E-001  1.580125885812E-001
  2.632205757760E+000  2.040476713963E-001 -1.884463990897E-001  1.568645631369E-001
  2.650780284158E+000  2.005743592284E-001 -1.855440273355E-001  1.556349291410E-001
  2.669515774928E+000  1.971253406652E-001 -1.826402752928E-001  1.543277901552E-001
  2.688414071925E+000  1.937012279553E-001 -1.797366948106E-001  1.529471698870E-001
  2.707477043518E+000  1.903026157155E-001 -1.768348020558E-001  1.514970120932E-001
  2.726706585047E+000  1.869300808318E-001 -1.739360773217E-001  1.499811804979E-001
  2.746104619295E+000  1.835841823685E-001 -1.710419648492E-001  1.484034587237E-001
  2.765673096964E+000  1.802654614878E-001 -1.681538726643E-001  1.467675502373E-001
  2.785413997161E+000  1.769744413788E-001 -1.652731724306E-001  1.450770783091E-001
  2.805329327899E+000  1.737116271967E-001 -1.624011993174E-001  1.433355859881E-001
  2.825421126601E+000  1.704775060130E-001 -1.595392518854E-001  1.415465360908E-001
  2.845691460623E+000  1.672725467749E-001 -1.566885919884E-001  1.397133112077E-001
  2.866142427776E+000  1.640972002766E-001 -1.538504446934E-001  1.378392137250E-001
  2.886776156875E+000  1.609518991404E-001 -1.510259982179E-001  1.359274658643E-001
  2.907594808280E+000  1.578370578100E-001 -1.482164038872E-001  1.339812097404E-001
  2.928600574467E+000  1.547530725535E-001 -1.454227761092E-001  1.320035074384E-001
  2.949795680597E+000  1.517003214787E-001 -1.426461923703E-001  1.299973411110E-001
  2.971182385105E+000  1.486791645593E-001 -1.398876932506E-001  1.279656130974E-001
  2.992762980296E+000  1.456899436730E-001 -1.371482824601E-001  1.259111460640E-001
  3.014539792958E+000  1.427329826501E-001 -1.344289268956E-001  1.238366831700E-001
  3.036515184988E+000  1.398085873349E-001 -1.317305567196E-001  1.217448882568E-001
  3.058691554023E+000  1.369170456581E-001 -1.290540654604E-001  1.196383460646E-001
  3.081071334099E+000  1.340586277207E-001 -1.264003101354E-001  1.175195624757E-001
  3.103656996309E+000  1.312335858899E-001 -1.237701113966E-001  1.153909647876E-001
  3.126451049484E+000  1.284421549062E-001 -1.211642536984E-001  1.132549020154E-001
  3.149456040888E+000  1.256845520028E-001 -1.185834854899E-001  1.111136452268E-001
  3.172674556926E+000  1.229609770354E-001 -1.160285194300E-001  1.089693879086E-001
  3.196109223865E+000  1.202716126245E-001 -1.135000326259E-001  1.068242463688E-001
  3.219762708576E+000  1.176166243085E-001 -1.109986668961E-001  1.046802601733E-001
  3.243637719289E+000  1.149961607074E-001 -1.085250290570E-001  1.025393926192E-001
  3.267737006362E+000  1.124103536990E-001 -1.060796912336E-001  1.004035312460E-001
  3.292063363076E+000  1.098593186042E-001 -1.036631911941E-001  9.827448838619E-002
  3.316619626434E+000  1.073431543841E-001 -1.012760327089E-001  9.615400175523E-002
  3.341408677987E+000  1.048619438471E-001 -9.891868593269E-002  9.404373508245E-002
  3.366433444679E+000  1.024157538660E-001 -9.659158781140E-002  9.194527878406E-002
  3.391696899702E+000  1.000046356050E-001 -9.429514251165E-002  8.986015067850E-002
  3.417202063379E+000  9.762862475664E-002 -9.202972187406E-002  8.778979674498E-002
  3.442952004065E+000  9.528774178710E-002 -8.979566588925E-002  8.573559192593E-002
  3.468949839059E+000  9.298199219126E-002 -8.759328319650E-002  8.369884097344E-002
  3.495198735552E+000  9.071136675569E-002 -8.542285160431E-002  8.168077934040E-002
  3.521701911582E+000  8.847584182991E-002 -8.328461863272E-002  7.968257411619E-002
  3.548462637020E+000  8.627537960527E-002 -8.117880207644E-002  7.770532500704E-002
  3.575484234572E+000  8.410992840117E-002 -7.910559058838E-002  7.575006536107E-002
  3.602770080809E+000  8.197942295790E-002 -7.706514428278E-002  7.381776323752E-002
  3.630323607217E+000  7.988378473592E-002 -7.505759535720E-002  7.190932251992E-002
  3.658148301271E+000  7.782292222089E-002 -7.308304873252E-002  7.002558407259E-002
  3.686247707537E+000  7.579673123400E-002 -7.114158271006E-002  6.816732693959E-002
  3.714625428793E+000  7.380509524710E-002 -6.923324964493E-002  6.633526958543E-002
  3.743285127184E+000  7.184788570209E-002 -6.735807663447E-002  6.453007117635E-002
  3.772230525397E+000  6.992496233396E-002 -6.551606622093E-002  6.275233290092E-002
  3.801465407866E+000  6.803617349700E-002 -6.370719710709E-002  6.100259932871E-002
  3.830993622005E+000  6.618135649362E-002 -6.193142488375E-002  5.928135980531E-002
  3.860819079470E+000  6.436033790511E-002 -6.018868276790E-002  5.758904988213E-002
  3.890945757450E+000  6.257293392389E-002 -5.847888235036E-002  5.592605277912E-002
  3.921377699988E+000  6.081895068657E-002 -5.680191435142E-002  5.429270087833E-002
  3.952119019336E+000  5.909818460734E-002 -5.515764938350E-002  5.268927724618E-002
  3.983173897337E+000  5.741042271097E-002 -5.354593871914E-002  5.111601718230E-002
  4.014546586845E+000  5.575544296506E-002 -5.196661506315E-002  4.957310979232E-002
  4.046241413173E+000  5.413301461075E-002 -5.041949332755E-002  4.806069958222E-002
  4.078262775585E+000  5.254289849150E-002 -4.890437140774E-002  4.657888807156E-002
  4.110615148813E+000  5.098484737930E-002 -4.742103095860E-002  4.512773542282E-002
  4.143303084620E+000  4.945860629782E-002 -4.596923816914E-002  4.370726208404E-002
  4.176331213391E+000  4.796391284200E-002 -4.454874453406E-002  4.231745044184E-002
  4.209704245774E+000  4.650049749350E-002 -4.315928762111E-002  4.095824648173E-002
  4.243426974351E+000  4.506808393161E-002 -4.180059183257E-002  3.962956145279E-002
  4.277504275353E+000  4.366638933915E-002 -4.047236915960E-002  3.833127353355E-002
  4.311941110423E+000  4.229512470289E-002 -3.917431992806E-002  3.706322949587E-002
  4.346742528412E+000  4.095399510811E-002 -3.790613353447E-002  3.582524636377E-002
  4.381913667228E+000  3.964270002691E-002 -3.666748917073E-002  3.461711306391E-002
  4.417459755726E+000  3.836093359992E-002 -3.545805653646E-002  3.343859206474E-002
  4.453386115645E+000  3.710838491115E-002 -3.427749653759E-002  3.228942100092E-002
  4.489698163598E+000  3.588473825553E-002 -3.312546197011E-002  3.116931428013E-002
  4.526401413105E+000  3.468967339916E-002 -3.200159818782E-002  3.007796466901E-002
  4.563501476684E+000  3.352286583175E-002 -3.090554375307E-002  2.901504485541E-002
  4.601004067991E+000  3.238398701136E-002 -2.983693106940E-002  2.798020898385E-002
  4.638915004011E+000  3.127270460107E-002 -2.879538699523E-002  2.697309416139E-002
  4.677240207311E+000  3.018868269765E-002 -2.778053343768E-002  2.599332193121E-002
  4.715985708351E+000  2.913158205213E-002 -2.679198792582E-002  2.504049971128E-002
  4.755157647843E+000  2.810106028216E-002 -2.582936416258E-002  2.411422219544E-002
  4.794762279187E+000  2.709677207637E-002 -2.489227255475E-002  2.321407271481E-002
  4.834805970953E+000  2.611836939059E-002 -2.398032072049E-002  2.233962455698E-002
  4.875295209443E+000  2.516550163627E-002 -2.309311397400E-002  2.149044224126E-002
  4.916236601308E+000  2.423781586102E-002 -2.223025578697E-002  2.066608274773E-002
  4.957636876237E+000  2.333495692163E-002 -2.139134822649E-002  1.986609669876E-002
  4.999502889720E+000  2.245656764973E-002 -2.057599236942E-002  1.909002949112E-002
  5.041841625875E+000  2.160228901038E-002 -1.978378869303E-002  1.833742237759E-002
  5.084660200360E+000  2.077176025387E-002 -1.901433744197E-002  1.760781349684E-002
  5.127965863354E+000  1.996461906109E-002 -1.826723897180E-002  1.690073885061E-002
  5.171766002619E+000  1.918050168292E-002 -1.754209406922E-002  1.621573322756E-002
  5.216068146649E+000  1.841904307383E-002 -1.683850424933E-002  1.555233107321E-002
  5.260879967894E+000  1.767987702044E-002 -1.615607203038E-002  1.491006730564E-002
  5.306209286078E+000  1.696263626521E-002 -1.549440118650E-002  1.428847807704E-002
  5.352064071605E+000  1.626695262590E-002 -1.485309697897E-002  1.368710148093E-002
  5.398452449055E+000  1.559245711134E-002 -1.423176636679E-002  1.310547820570E-002
  5.445382700775E+000  1.493878003391E-002 -1.363001819719E-002  1.254315213483E-002
  5.492863270572E+000  1.430555111934E-002 -1.304746337701E-002  1.199967089456E-002
  5.540902767504E+000  1.369239961442E-002 -1.248371502579E-002  1.147458635002E-002
  5.589509969774E+000  1.309895439309E-002 -1.193838861159E-002  1.096745505087E-002
  5.638693828737E+000  1.252484406155E-002 -1.141110207044E-002  1.047783862782E-002
  5.688463473008E+000  1.196969706287E-002 -1.090147591068E-002  1.000530414154E-002
  5.738828212699E+000  1.143314178173E-002 -1.040913330315E-002  9.549424385542E-003
  5.789797543759E+000  1.091480664983E-002 -9.933700158389E-003  9.109778144905E-003
  5.841381152447E+000  1.041432025241E-002 -9.474805192207E-003  8.685950412798E-003
  5.893588919926E+000  9.931311436542E-003 -9.032079980579E-003  8.277532566821E-003
  5.946430926988E+000  9.465409421546E-003 -8.605159005291E-003  7.884122507417E-003
  5.999917458910E+000  9.016243912106E-003 -8.193679691474E-003  7.505324760616E-003
  6.054059010457E+000  8.583445214467E-003 -7.797282438275E-003  7.140750547510E-003
  6.108866291020E+000  8.166644356138E-003 -7.415610643891E-003  6.790017822900E-003
  6.164350229902E+000  7.765473209465E-003 -7.048310726168E-003  6.452751285621E-003
  6.220521981762E+000  7.379564619408E-003 -6.695032139943E-003  6.128582363095E-003
  6.277392932215E+000  7.008552535796E-003 -6.355427392283E-003  5.817149172686E-003
  6.334974703589E+000  6.652072150307E-003 -6.029152056711E-003  5.518096462414E-003
  6.393279160860E+000  6.309760038348E-003 -5.715864787508E-003  5.231075533617E-003
  6.452318417752E+000  5.981254305978E-003 -5.415227335056E-003  4.955744148080E-003
  6.512104843026E+000  5.666194741943E-003 -5.126904563195E-003  4.691766422150E-003
  6.572651066946E+000  5.364222974848E-003 -4.850564469456E-003  4.438812710264E-003
  6.633969987942E+000  5.074982635426E-003 -4.585878208963E-003  4.196559480275E-003
  6.696074779472E+000  4.798119523810E-003 -4.332520122740E-003  3.964689182862E-003
  6.758978897091E+000  4.533281781643E-003 -4.090167771040E-003  3.742890117199E-003
  6.822696085726E+000  4.280120068801E-003 -3.858501972259E-003  3.530856294984E-003
  6.887240387180E+000  4.038287744468E-003 -3.637206847879E-003  3.328287304770E-003
  6.952626147859E+000  3.807441052198E-003 -3.425969873813E-003  3.134888178424E-003
  7.018868026732E+000  3.587239308574E-003 -3.224481938397E-003  2.950369261394E-003
  7.085981003543E+000  3.377345095013E-003 -3.032437407215E-003  2.774446088324E-003
  7.153980387268E+000  3.177424452182E-003 -2.849534194803E-003  2.606839265373E-003
  7.222881824836E+000  2.987147076480E-003 -2.675473843218E-003  2.447274360472E-003
  7.292701310121E+000  2.806186517955E-003 -2.509961607326E-003  2.295481802542E-003
  7.363455193219E+000  2.634220378991E-003 -2.352706546595E-003  2.151196790560E-003
  7.435160190001E+000  2.470930513069E-003 -2.203421623062E-003  2.014159213164E-003
  7.507833391988E+000  2.316003222838E-003 -2.061823805077E-003  1.884113579348E-003
  7.581492276516E+000  2.169129456738E-003 -1.927634176313E-003  1.760808960580E-003
  7.656154717242E+000  2.030005003344E-003 -1.800578049480E-003  1.643998944566E-003
  7.731838994973E+000  1.898330682620E-003 -1.680385084083E-003  1.533441600663E-003
  7.808563808847E+000  1.773812533220E-003 -1.566789407503E-003  1.428899456843E-003
  7.886348287874E+000  1.656161994982E-003 -1.459529738615E-003  1.330139487900E-003
  7.965212002848E+000  1.545096085748E-003 -1.358349513112E-003  1.236933114503E-003
  8.045174978646E+000  1.440337571649E-003 -1.262997009643E-003  1.149056212531E-003
  8.126257706932E+000  1.341615129998E-003 -1.173225475830E-003  1.066289132005E-003
  8.208481159274E+000  1.248663503948E-003 -1.088793253237E-003  9.884167248375E-004
  8.291866800694E+000  1.161223648108E-003 -1.009463900280E-003  9.152283804928E-004
  8.376436603664E+000  1.079042864306E-003 -9.350063121134E-004  8.465180685894E-004
  8.462213062574E+000  1.001874926772E-003 -8.651948364958E-004  7.820843873754E-004
  8.549219208676E+000  9.294801960018E-004 -7.998093846476E-004  7.217306169633E-004
  8.637478625536E+000  8.616257206589E-004 -7.386355361357E-004  6.652647761537E-004
  8.727015464999E+000  7.980853268851E-004 -6.814646368431E-004  6.124996816454E-004
  8.817854463709E+000  7.386396944851E-004 -6.280938891142E-004  5.632530084095E-004
  8.910020960175E+000  6.830764194898E-004 -5.783264332135E-004  5.173473499976E-004
  9.003540912431E+000  6.311900626880E-004 -5.319714192833E-004  4.746102775626E-004
  9.098440916308E+000  5.827821837850E-004 -4.888440690488E-004  4.348743963913E-004
  9.194748224321E+000  5.376613609262E-004 -4.487657265841E-004  3.979773987820E-004
  9.292490765233E+000  4.956431954066E-004 -4.115638975281E-004  3.637621121455E-004
  9.391697164283E+000  4.565503014706E-004 -3.770722762176E-004  3.320765412680E-004
  9.492396764138E+000  4.202122811933E-004 -3.451307602926E-004  3.027739037394E-004
  9.594619646576E+000  3.864656845228E-004 -3.155854524164E-004  2.757126576326E-004
  9.698396654938E+000  3.551539546500E-004 -2.882886488480E-004  2.507565206041E-004
  9.803759417385E+000  3.261273589623E-004 -2.630988147024E-004  2.277744796830E-004
  9.910740370981E+000  2.992429059223E-004 -2.398805458292E-004  2.066407911152E-004
  1.001937278665E+001  2.743642483000E-004 -2.185045173432E-004  1.872349697394E-004
  1.012969079502E+001  2.513615732683E-004 -1.988474189379E-004  1.694417674787E-004
  1.024172941323E+001  2.301114799501E-004 -1.807918772110E-004  1.531511406510E-004
  1.035552457272E+001  2.104968450833E-004 -1.642263653297E-004  1.382582059114E-004
  1.047111314798E+001  1.924066775353E-004 -1.490451004543E-004  1.246631847596E-004
  1.058853298647E+001  1.757359624692E-004 -1.351479294301E-004  1.122713366591E-004
  1.070782293953E+001  1.603854960155E-004 -1.224402033418E-004  1.009928809266E-004
  1.082902289454E+001  1.462617113609E-004 -1.108326416043E-004  9.074290766080E-005
  1.095217380826E+001  1.332764972049E-004 -1.002411863349E-004  8.144127808354E-005
  1.107731774137E+001  1.213470095748E-004 -9.058684782033E-005  7.301251476468E-005
  1.120449789442E+001  1.103954780135E-004 -8.179554194746E-005  6.538568229531E-005
  1.133375864507E+001  1.003490071789E-004 -7.379792051647E-005  5.849425905746E-005
  1.146514558681E+001  9.113937489938E-005 -6.652919539621E-005  5.227600081484E-005
  1.159870556913E+001  8.270282773309E-005 -5.992895751189E-005  4.667279691595E-005
  1.173448673928E+001  7.497987507316E-005 -5.394099167721E-005  4.163051995771E-005
  1.187253858566E+001  6.791508282063E-005 -4.851308829436E-005  3.709886980476E-005
  1.201291198287E+001  6.145686762470E-005 -4.359685294730E-005  3.303121289515E-005
  1.215565923859E+001  5.555729265465E-005 -3.914751490590E-005  2.938441778900E-005
  1.230083414231E+001  5.017186582612E-005 -3.512373554058E-005  2.611868793028E-005
  1.244849201595E+001  4.525934135517E-005 -3.148741762041E-005  2.319739259563E-005
  1.259868976657E+001  4.078152545641E-005 -2.820351643150E-005  2.058689699661E-005
  1.275148594119E+001  3.670308693903E-005 -2.523985360822E-005  1.825639248392E-005
  1.290694078384E+001  3.299137338553E-005 -2.256693451747E-005  1.617772777448E-005
  1.306511629490E+001  2.961623352472E-005 -2.015776997698E-005  1.432524208478E-005
  1.322607629292E+001  2.654984633331E-005 -1.798770302284E-005  1.267560100852E-005
  1.338988647898E+001  2.376655732020E-005 -1.603424137052E-005  1.120763592217E-005
  1.355661450375E+001  2.124272236538E-005 -1.427689613802E-005  9.902187641528E-006
  1.372633003727E+001  1.895655940271E-005 -1.269702732075E-005  8.741954985312E-006
  1.389910484176E+001  1.688800815279E-005 -1.127769642676E-005  7.711348829695E-006
  1.407501284743E+001  1.501859803069E-005 -1.000352659768E-005  6.796352161832E-006
  1.425413023161E+001  1.333132427425E-005 -8.860570458585E-006  5.984386561545E-006
  1.443653550117E+001  1.181053226224E-005 -7.836185857616E-006  5.264185459881E-006
  1.462230957852E+001  1.044180992019E-005 -6.918919576328E-006  4.625674442223E-006
  1.481153589140E+001  9.211888044595E-006 -6.098399014875E-006  4.059858783284E-006
  1.500430046649E+001  8.108548315372E-006 -5.365231782969E-006  3.558718322614E-006
  1.520069202718E+001  7.120538711759E-006 -4.710913059396E-006  3.115109713382E-006
  1.540080209569E+001  6.237495999425E-006 -4.127740520309E-006  2.722676005069E-006
  1.560472509963E+001  5.449874916465E-006 -3.608736580196E-006  2.375763453256E-006
  1.581255848342E+001  4.748883653704E-006 -3.147577640072E-006  2.069345387677E-006
  1.602440282470E+001  4.126425200314E-006 -2.738529995316E-006  1.798952913864E-006
  1.624036195599E+001  3.575044109331E-006 -2.376392021110E-006  1.560612174564E-006
  1.646054309190E+001  3.087878228984E-006 -2.056442226695E-006  1.350787855057E-006
  1.668505696224E+001  2.658614944581E-006 -1.774392750742E-006  1.166332581912E-006
  1.691401795117E+001  2.281451481673E-006 -1.526347858781E-006  1.004441837599E-006
  1.714754424293E+001  1.951058833717E-006 -1.308766999713E-006  8.626139938529E-007
  1.738575797433E+001  1.662548895897E-006 -1.118431981454E-006  7.386150545034E-007
  1.762878539445E+001  1.411444410373E-006 -9.524178351716E-007  6.304476933942E-007
  1.787675703191E+001  1.193651356168E-006 -8.080669529062E-007  5.363241746484E-007
  1.812980787015E+001  1.005433448356E-006 -6.829661036454E-007  4.546427502730E-007
  1.838807753110E+001  8.433884451605E-007 -5.749259576339E-007  3.839671434005E-007
  1.865171046781E+001  7.044259971956E-007 -4.819627767628E-007  3.230087435820E-007
  1.892085616642E+001  5.857468093586E-007 -4.022819595915E-007  2.706111627214E-007
  1.919566935809E+001  4.848229220331E-007 -3.342631619478E-007  2.257368256731E-007
  1.947631024137E+001  3.993789533495E-007 -2.764467473005E-007  1.874552973809E-007
  1.976294471571E+001  3.273741776104E-007 -2.275213543776E-007  1.549330778936E-007
  2.005574462663E+001  2.669853459161E-007 -1.863124020415E-007  1.274246268559E-007
  2.035488802332E+001  2.165901829836E-007 -1.517713825524E-007  1.042644093822E-007
  2.066055942930E+001  1.747515187143E-007 -1.229658234513E-007  8.485978488260E-008
  2.097295012706E+001  1.402020339245E-007 -9.906982488114E-008  6.868458881181E-008
  2.129225845729E+001  1.118296166359E-007 -7.935510286558E-008  5.527328392100E-008
  2.161869013374E+001  8.866333839475E-008 -6.318248960735E-008  4.421558198718E-008
  2.195245857462E+001  6.986006931367E-008 -4.999385911213E-008  3.515145885140E-008
  2.229378525140E+001  5.469175611613E-008 -3.930446035580E-008  2.776650470001E-008
  2.264290005632E+001  4.253338969385E-008 -3.069565086545E-008  2.178756776520E-008
  2.300004168951E+001  3.285168793964E-008 -2.380803114886E-008  1.697866299056E-008
  2.336545806705E+001  2.519451633507E-008 -1.833498513682E-008  1.313712778795E-008
  2.373940675129E+001  1.918106343642E-008 -1.401663401562E-008  1.009001496463E-008
  2.412215540475E+001  1.449278152376E-008 -1.063421089244E-008  7.690718453343E-009
  2.451398226921E+001  1.086509476680E-008 -8.004862054285E-009  5.815830913031E-009
  2.491517667142E+001  8.079868812451E-009 -5.976877563214E-009  4.362233898528E-009
  2.532603955735E+001  5.958627171995E-009 -4.425349985060E-009  3.244421460207E-009
  2.574688405660E+001  4.356491589717E-009 -3.248255564143E-009  2.392057066263E-009
  2.617803607920E+001  3.156816058677E-009 -2.362947485015E-009  1.747761970754E-009
  2.661983494664E+001  2.266477589902E-009 -1.703046314048E-009  1.265130884850E-009
  2.707263405971E+001  1.611781442384E-009 -1.215708543883E-009  9.069683204153E-010
  2.753680160532E+001  1.134934410049E-009 -8.592505710459E-010  6.437364968673E-010
  2.801272130518E+001  7.910369933106E-010 -6.011025601903E-010  4.522034223760E-010
  2.850079320900E+001  5.455438444496E-010 -4.160645689149E-010  3.142778198421E-010
  2.900143453541E+001  3.721416974111E-010 -2.848360522751E-010  2.160160614383E-010
  2.951508056378E+001  2.509949549312E-010 -1.927894162409E-010  1.467852538548E-010
  3.004218558064E+001  1.673110544536E-010 -1.289585851439E-010  9.856609194434E-011
  3.058322388437E+001  1.101804902459E-010 -8.521449998643E-011  6.537905064723E-011
  3.113869085248E+001  7.164974167843E-011 -5.560096176844E-011  4.281786754763E-011
  3.170910407585E+001  4.598915513078E-011 -3.580615446887E-011  2.767501643931E-011
  3.229500456485E+001  2.912186659326E-011 -2.274740063964E-011  1.764490997277E-011
  3.289695803249E+001  1.818396761278E-011 -1.424909775478E-011  1.109181646015E-011
  3.351555626047E+001  1.119016521842E-011 -8.796244911822E-012  6.870853224308E-012
  3.415141855403E+001  6.783049504373E-012 -5.348401462025E-012  4.191853503451E-012
  3.480519329257E+001  4.047671169707E-012 -3.201243529378E-012  2.517332336003E-012
  3.547755958299E+001  2.376383649171E-012 -1.885041895017E-012  1.487147137990E-012
  3.616922902393E+001  1.371784457183E-012 -1.091334783933E-012  8.637215230545E-013
  3.688094758921E+001  7.780847447807E-013 -6.207884650926E-013  4.928494840560E-013
  3.761349763993E+001  4.333505642683E-013 -3.467192310202E-013  2.761061265669E-013
  3.836770007534E+001  2.368144583983E-013 -1.899967114879E-013  1.517555516462E-013
  3.914441663347E+001  1.268827797829E-013 -1.020745848563E-013  8.176922814567E-014
  3.994455235367E+001  6.660017411456E-014 -5.372116516344E-014  4.315839616001E-014
  4.076905821405E+001  3.421851525036E-014 -2.767353856594E-014  2.229494686904E-014
  4.161893395835E+001  1.719397169028E-014 -1.394093410467E-014  1.126238120834E-014
  4.249523112779E+001  8.441442791216E-015 -6.861569248611E-015  5.558192543185E-015
  4.339905631520E+001  4.045363470058E-015 -3.296360502913E-015  2.677270595311E-015
  4.433157466006E+001  1.890389087264E-015 -1.544110359681E-015  1.257359393640E-015
  4.529401360538E+001  8.604507285552E-016 -7.045033102625E-016  5.751276018933E-016
  4.628766693861E+001  3.810524291106E-016 -3.127172898781E-016  2.559234886171E-016
  4.731389914191E+001  1.639845280056E-016 -1.348840846906E-016  1.106556238256E-016
  4.837415007871E+001  6.848994474997E-017 -5.646199123000E-017  4.643028919063E-017
  4.946994004686E+001  2.772502151826E-017 -2.290624927282E-017  1.888034481659E-017
  5.060287523143E+001  1.086226171609E-017 -8.993661910262E-018  7.429883263029E-018
  5.177465359367E+001  4.112620471442E-018 -3.412329249149E-018  2.825302996984E-018
  5.298707123650E+001  1.502366135829E-018 -1.249125814532E-018  1.036498179800E-018
  5.424202929116E+001  5.286398654920E-019 -4.404238339634E-019  3.662363352910E-019
  5.554154137419E+001  1.788527879246E-019 -1.493034423671E-019  1.244139534949E-019
  5.688774166961E+001  5.807126482029E-020 -4.857150821866E-020  4.055741822352E-020
  5.828289369667E+001  1.805862570579E-020 -1.513332917772E-020  1.266175206564E-020
  5.972939983075E+001  5.367107735340E-021 -4.506124001102E-021  3.777588316125E-021
  6.122981165190E+001  1.521054512311E-021 -1.279394535514E-021  1.074607963999E-021
  6.278684120462E+001  4.100649512774E-022 -3.455360534711E-022  2.907738051588E-022
  6.440337326150E+001  1.048942411336E-022 -8.854371793650E-023  7.464807882002E-023
  6.608247869451E+001  2.538969291866E-023 -2.146908808949E-023  1.813244681662E-023
  6.782742906960E+001  5.798398489697E-024 -4.911330469191E-024  4.155346097141E-024
  6.964171259434E+001  1.245539776174E-024 -1.056741615345E-024  8.956239655724E-025
  7.152905156377E+001  2.508242720433E-025 -2.131504672499E-025  1.809572440694E-025
  7.349342146763E+001  4.718558760243E-026 -4.016217889810E-026  3.415261683527E-026
  7.553907194217E+001  8.261069454021E-027 -7.042408777239E-027  5.998318616591E-027
  7.767054977292E+001  1.340585208515E-027 -1.144570524141E-027  9.764213744850E-028
  7.989272418113E+001  2.007719542650E-028 -1.716724889855E-028  1.466786712332E-028
  8.221081465675E+001  2.762139801307E-029 -2.365262810950E-029  2.023963188287E-029
  8.463042163523E+001  3.473426753508E-030 -2.978617694739E-030  2.552587174275E-030
  8.715756035520E+001  3.971144104909E-031 -3.410217925192E-031  2.926688445973E-031
  8.979869827958E+001  4.104100736363E-032 -3.529243002409E-032  3.033127387291E-032
  9.256079651532E+001  3.810427747317E-033 -3.281117208242E-033  2.823787383945E-033
  9.545135572765E+001  3.157054744139E-034 -2.722088144364E-034  2.345850153649E-034
  9.847846711487E+001  2.317466669102E-035 -2.000752695388E-035  1.726498616599E-035
  1.016508690915E+002  1.495502857315E-036 -1.292751273756E-036  1.116990998237E-036
  1.049780104220E+002  8.412929361275E-038 -7.281333686376E-038  6.299337279533E-038
  1.084701206579E+002  4.088222514801E-039 -3.542603191352E-039  3.068620870980E-039
  1.121382888606E+002  1.699247882937E-040 -1.474203752868E-040  1.278506118300E-040
  1.159945517414E+002  5.976595850859E-042 -5.191060864049E-042  4.507274106064E-042
  1.200519925308E+002  1.758166359258E-043 -1.528806369201E-043  1.328957391681E-043
  1.243248520934E+002  4.271297044396E-045 -3.718189880095E-045  3.235781786259E-045
  1.288286540551E+002  8.451627441041E-047 -7.365132191626E-047  6.416612949062E-047
  1.335803459987E+002  1.341640253519E-048 -1.170399112280E-048  1.020764700781E-048
  1.385984591287E+002  1.680609229114E-050 -1.467613794783E-050  1.281323250915E-050
  1.439032892205E+002  1.631425184884E-052 -1.426096511354E-052  1.246350434501E-052
  1.495171021587E+002  1.203115640561E-054 -1.052726500735E-054  9.209591541904E-055
  1.554643679592E+002  6.594801135054E-057 -5.775986406683E-057  5.057942947179E-057
  1.617720278763E+002  2.623040489426E-059 -2.299512132677E-059  2.015561071553E-059
  1.684698000514E+002  7.372144303672E-062 -6.468757844553E-062  5.675228258628E-062
  1.755905301928E+002  1.421773005856E-064 -1.248659170015E-064  1.096474076870E-064
  1.831705950299E+002  1.821398851086E-067 -1.601015840532E-067  1.407123051237E-067
  1.912503678195E+002  1.495053547941E-070 -1.315269354261E-070  1.156973067967E-070
  1.998747570544E+002  7.553744472144E-074 -6.650865964500E-074  5.855299070315E-074
  2.090938318328E+002  2.246435721041E-077 -1.979513799742E-077  1.744143139728E-077
  2.189635501945E+002  3.740558448870E-081 -3.298681593795E-081  2.908755238389E-081
  2.295466102647E+002  3.297278508244E-085 -2.909979188631E-085  2.567973043760E-085
  2.409134484547E+002  1.444810687329E-089 -1.276046436887E-089  1.126916071766E-089
  2.531434144886E+002  2.931557294362E-094 -2.590993247266E-094  2.289848347567E-094
  2.663261599835E+002  2.542206006654E-099 -2.248444472723E-099  1.988515082344E-099
  2.805632861191E+002  8.603932626944E-105 -7.614882713114E-105  6.739183221998E-105
  2.959703071532E+002  1.024941228047E-110 -9.077187738713E-111  8.038663054190E-111
  3.126790009236E+002  3.819770934717E-117 -3.385066784348E-117  2.999711211465E-117
  3.308402360200E+002  3.891458285977E-124 -3.450733161172E-124  3.059811043147E-124
  3.506273893903E+002  9.280580624348E-132 -8.234454037096E-132  7.306013705905E-132
  3.722404996260E+002  4.332237780375E-140 -3.846132780162E-140  3.414474643112E-140
  3.959113426415E+002  3.217157358418E-149 -2.857777103748E-149  2.538478576788E-149
  4.219096715122E+002  2.985650463897E-159 -2.653572001377E-159  2.358376961284E-159
  4.505509359373E+002  2.611133920658E-170 -2.321928253981E-170  2.064714858509E-170
  4.822058963204E+002  1.544378644132E-182 -1.374020172247E-182  1.222433241087E-182
  5.173126831536E+002  4.173761298413E-196 -3.715169203833E-196  3.306916903635E-196
  5.563920392209E+002  3.234005645374E-211 -2.880019910488E-211  2.564748415487E-211
  6.000667421536E+002  4.114379908211E-228 -3.665683351952E-228  3.265884655635E-228
  6.490865708786E+002  4.392779162228E-247 -3.915416222975E-247  3.489896341272E-247
  7.043607010442E+002  1.744115732223E-268 -1.555228099999E-268  1.386786238104E-268
  7.670001674974E+002  9.524297661613E-293 -8.496190771570E-293  7.579014163813E-293
  8.383741345464E+002  0.000000000000E+000  0.000000000000E+000  0.000000000000E+000
  9.201853543213E+002  0.000000000000E+000  0.000000000000E+000  0.000000000000E+000
  1.014572672318E+003  0.000000000000E+000  0.000000000000E+000  0.000000000000E+000
  1.124252254996E+003  0.000000000000E+000  0.000000000000E+000  0.000000000000E+000
  1.252715205428E+003  0.000000000000E+000  0.000000000000E+000  0.000000000000E+000
  1.404508845568E+003  0.000000000000E+000  0.000000000000E+000  0.000000000000E+000
  1.585644739908E+003  0.000000000000E+000  0.000000000000E+000  0.000000000000E+000
  1.804203189488E+003  0.000000000000E+000  0.000000000000E+000  0.000000000000E+000
  2.071250249814E+003  0.000000000000E+000  0.000000000000E+000  0.000000000000E+000
  2.402266552340E+003  0.000000000000E+000  0.000000000000E+000  0.000000000000E+000
  2.819442449497E+003  0.000000000000E+000  0.000000000000E+000  0.000000000000E+000
  3.355496240167E+003  0.000000000000E+000  0.000000000000E+000  0.000000000000E+000
  4.060290442982E+003  0.000000000000E+000  0.000000000000E+000  0.000000000000E+000
  5.012860622227E+003  0.000000000000E+000  0.000000000000E+000  0.000000000000E+000
  6.344578802016E+003  0.000000000000E+000  0.000000000000E+000  0.000000000000E+000
  8.287000878586E+003  0.000000000000E+000  0.000000000000E+000  0.000000000000E+000
  1.127976970933E+004  0.000000000000E+000  0.000000000000E+000  0.000000000000E+000
  1.624316171036E+004  0.000000000000E+000  0.000000000000E+000  0.000000000000E+000
  2.538031516868E+004  0.000000000000E+000  0.000000000000E+000  0.000000000000E+000
  4.512107881524E+004  0.000000000000E+000  0.000000000000E+000  0.000000000000E+000
  1.015232606647E+005  0.000000000000E+000  0.000000000000E+000  0.000000000000E+000
  4.060950426526E+005  0.000000000000E+000  0.000000000000E+000  0.000000000000E+000
