# 1st line: number of mesh points
# abcissa wavefunction wavefunction_1st wavefunction_2nd
1000
# Principal QN=   3 , l=   1 , Occupation=   4.9990
  2.462477732966E-006  3.588630098134E-004  1.457248208295E+002 -6.228026986550E+003
  9.849959442330E-006  1.435232528528E-003  1.456788183656E+002 -6.226139695435E+003
  2.216259066178E-005  3.228450230848E-003  1.456021775610E+002 -6.222995704986E+003
  3.940061395432E-005  5.737419597102E-003  1.454949433318E+002 -6.218597255275E+003
  6.156436892224E-005  8.960606945774E-003  1.453571784876E+002 -6.212947478328E+003
  8.865429222131E-005  1.289604287677E-002  1.451889636586E+002 -6.206050394059E+003
  1.206709175794E-004  1.754132412314E-002  1.449903972021E+002 -6.197910905051E+003
  1.576148758184E-004  2.289361580815E-002  1.447615950887E+002 -6.188534790203E+003
  1.994868948811E-004  2.894965410432E-002  1.445026907680E+002 -6.177928697243E+003
  2.462877998613E-004  3.570574928997E-002  1.442138350147E+002 -6.166100134125E+003
  2.980185130383E-004  4.315778919860E-002  1.438951957547E+002 -6.153057459335E+003
  3.546800539158E-004  5.130124305556E-002  1.435469578718E+002 -6.138809871100E+003
  4.162735392647E-004  6.013116569592E-002  1.431693229955E+002 -6.123367395546E+003
  4.828001831694E-004  6.964220215686E-002  1.427625092699E+002 -6.106740873807E+003
  5.542612970792E-004  7.982859263744E-002  1.423267511048E+002 -6.088941948113E+003
  6.306582898628E-004  9.068417781781E-002  1.418622989080E+002 -6.069983046890E+003
  7.119926678676E-004  1.022024045297E-001  1.413694188013E+002 -6.049877368883E+003
  7.982660349828E-004  1.143763317689E-001  1.408483923190E+002 -6.028638866343E+003
  8.894800927067E-004  1.271986370416E-001  1.402995160903E+002 -6.006282227303E+003
  9.856366402179E-004  1.406616230325E-001  1.397231015055E+002 -5.982822856972E+003
  1.086737574451E-003  1.547572245870E-001  1.391194743676E+002 -5.958276858282E+003
  1.192784890174E-003  1.694770159945E-001  1.384889745289E+002 -5.932661011624E+003
  1.303780680078E-003  1.848122185635E-001  1.378319555137E+002 -5.905992753806E+003
  1.419727134858E-003  2.007537084753E-001  1.371487841277E+002 -5.878290156264E+003
  1.540626543307E-003  2.172920249060E-001  1.364398400547E+002 -5.849571902578E+003
  1.666481292416E-003  2.344173784027E-001  1.357055154413E+002 -5.819857265319E+003
  1.797293867468E-003  2.521196595033E-001  1.349462144705E+002 -5.789166082271E+003
  1.933066852148E-003  2.703884475860E-001  1.341623529246E+002 -5.757518732071E+003
  2.073802928647E-003  2.892130199350E-001  1.333543577384E+002 -5.724936109308E+003
  2.219504877777E-003  3.085823610102E-001  1.325226665432E+002 -5.691439599117E+003
  2.370175579090E-003  3.284851719067E-001  1.316677272026E+002 -5.657051051328E+003
  2.525818010992E-003  3.489098799902E-001  1.307899973411E+002 -5.621792754188E+003
  2.686435250879E-003  3.698446486952E-001  1.298899438653E+002 -5.585687407727E+003
  2.852030475254E-003  3.912773874715E-001  1.289680424796E+002 -5.548758096795E+003
  3.022606959872E-003  4.131957618645E-001  1.280247771967E+002 -5.511028263821E+003
  3.198168079872E-003  4.355872037170E-001  1.270606398440E+002 -5.472521681335E+003
  3.378717309917E-003  4.584389214758E-001  1.260761295653E+002 -5.433262424313E+003
  3.564258224347E-003  4.817379105914E-001  1.250717523214E+002 -5.393274842366E+003
  3.754794497325E-003  5.054709639951E-001  1.240480203872E+002 -5.352583531840E+003
  3.950329902993E-003  5.296246826402E-001  1.230054518486E+002 -5.311213307861E+003
  4.150868315631E-003  5.541854860933E-001  1.219445700987E+002 -5.269189176373E+003
  4.356413709820E-003  5.791396231613E-001  1.208659033339E+002 -5.226536306215E+003
  4.566970160612E-003  6.044731825417E-001  1.197699840518E+002 -5.183280001277E+003
  4.782541843700E-003  6.301721034810E-001  1.186573485509E+002 -5.139445672782E+003
  5.003133035593E-003  6.562221864292E-001  1.175285364321E+002 -5.095058811738E+003
  5.228748113801E-003  6.826091036769E-001  1.163840901050E+002 -5.050144961602E+003
  5.459391557015E-003  7.093184099616E-001  1.152245542969E+002 -5.004729691188E+003
  5.695067945303E-003  7.363355530314E-001  1.140504755677E+002 -4.958838567885E+003
  5.935781960296E-003  7.636458841535E-001  1.128624018294E+002 -4.912497131189E+003
  6.181538385392E-003  7.912346685553E-001  1.116608818721E+002 -4.865730866625E+003
  6.432342105956E-003  8.190870957865E-001  1.104464648973E+002 -4.818565180068E+003
  6.688198109528E-003  8.471882899912E-001  1.092197000577E+002 -4.771025372518E+003
  6.949111486034E-003  8.755233200785E-001  1.079811360056E+002 -4.723136615354E+003
  7.215087428003E-003  9.040772097818E-001  1.067313204499E+002 -4.674923926110E+003
  7.486131230784E-003  9.328349475955E-001  1.054707997223E+002 -4.626412144797E+003
  7.762248292776E-003  9.617814965807E-001  1.042001183526E+002 -4.577625910812E+003
  8.043444115654E-003  9.909018040299E-001  1.029198186554E+002 -4.528589640459E+003
  8.329724304602E-003  1.020180810981E+000  1.016304403261E+002 -4.479327505110E+003
  8.621094568555E-003  1.049603461574E+000  1.003325200496E+002 -4.429863410035E+003
  8.917560720438E-003  1.079154712243E+000  9.902659111878E+001 -4.380220973933E+003
  9.219128677417E-003  1.108819540728E+000  9.771318306681E+001 -4.330423509177E+003
  9.525804461149E-003  1.138582954916E+000  9.639282131043E+001 -4.280494002802E+003
  9.837594198038E-003  1.168430001489E+000  9.506602680657E+001 -4.230455098258E+003
  1.015450411950E-002  1.198345774376E+000  9.373331572185E+001 -4.180329077947E+003
  1.047654056222E-002  1.228315423015E+000  9.239519911531E+001 -4.130137846554E+003
  1.080370996845E-002  1.258324160402E+000  9.105218263469E+001 -4.079902915201E+003
  1.113601888623E-002  1.288357270941E+000  8.970476622646E+001 -4.029645386431E+003
  1.147347396972E-002  1.318400118074E+000  8.835344385979E+001 -3.979385940026E+003
  1.181608197948E-002  1.348438151701E+000  8.699870326463E+001 -3.929144819694E+003
  1.216384978272E-002  1.378456915375E+000  8.564102568391E+001 -3.878941820603E+003
  1.251678435364E-002  1.408442053286E+000  8.428088564021E+001 -3.828796277794E+003
  1.287489277369E-002  1.438379317013E+000  8.291875071667E+001 -3.778727055465E+003
  1.323818223191E-002  1.468254572055E+000  8.155508135234E+001 -3.728752537138E+003
  1.360666002522E-002  1.498053804134E+000  8.019033065207E+001 -3.678890616701E+003
  1.398033355872E-002  1.527763125276E+000  7.882494421060E+001 -3.629158690335E+003
  1.435921034603E-002  1.557368779662E+000  7.745935995112E+001 -3.579573649321E+003
  1.474329800963E-002  1.586857149256E+000  7.609400797810E+001 -3.530151873717E+003
  1.513260428113E-002  1.616214759203E+000  7.472931044419E+001 -3.480909226920E+003
  1.552713700165E-002  1.645428283007E+000  7.336568143121E+001 -3.431861051075E+003
  1.592690412217E-002  1.674484547486E+000  7.200352684496E+001 -3.383022163359E+003
  1.633191370382E-002  1.703370537506E+000  7.064324432374E+001 -3.334406853102E+003
  1.674217391826E-002  1.732073400493E+000  6.928522316024E+001 -3.286028879748E+003
  1.715769304806E-002  1.760580450740E+000  6.792984423678E+001 -3.237901471643E+003
  1.757847948698E-002  1.788879173486E+000  6.657747997341E+001 -3.190037325629E+003
  1.800454174044E-002  1.816957228803E+000  6.522849428875E+001 -3.142448607435E+003
  1.843588842578E-002  1.844802455264E+000  6.388324257320E+001 -3.095146952853E+003
  1.887252827273E-002  1.872402873416E+000  6.254207167416E+001 -3.048143469665E+003
  1.931447012370E-002  1.899746689057E+000  6.120531989312E+001 -3.001448740318E+003
  1.976172293425E-002  1.926822296318E+000  5.987331699393E+001 -2.955072825325E+003
  2.021429577341E-002  1.953618280556E+000  5.854638422220E+001 -2.909025267356E+003
  2.067219782411E-002  1.980123421069E+000  5.722483433526E+001 -2.863315096019E+003
  2.113543838356E-002  2.006326693630E+000  5.590897164229E+001 -2.817950833290E+003
  2.160402686371E-002  2.032217272846E+000  5.459909205433E+001 -2.772940499576E+003
  2.207797279156E-002  2.057784534359E+000  5.329548314350E+001 -2.728291620387E+003
  2.255728580967E-002  2.083018056876E+000  5.199842421132E+001 -2.684011233583E+003
  2.304197567655E-002  2.107907624051E+000  5.070818636534E+001 -2.640105897183E+003
  2.353205226706E-002  2.132443226214E+000  4.942503260392E+001 -2.596581697697E+003
  2.402752557287E-002  2.156615061955E+000  4.814921790847E+001 -2.553444258958E+003
  2.452840570292E-002  2.180413539577E+000  4.688098934285E+001 -2.510698751427E+003
  2.503470288379E-002  2.203829278405E+000  4.562058615935E+001 -2.468349901944E+003
  2.554642746023E-002  2.226853109986E+000  4.436823991085E+001 -2.426402003889E+003
  2.606358989558E-002  2.249476079152E+000  4.312417456861E+001 -2.384858927734E+003
  2.658620077221E-002  2.271689444983E+000  4.188860664531E+001 -2.343724131946E+003
  2.711427079202E-002  2.293484681653E+000  4.066174532273E+001 -2.303000674218E+003
  2.764781077690E-002  2.314853479180E+000  3.944379258378E+001 -2.262691223006E+003
  2.818683166921E-002  2.335787744075E+000  3.823494334823E+001 -2.222798069321E+003
  2.873134453224E-002  2.356279599905E+000  3.703538561176E+001 -2.183323138766E+003
  2.928136055074E-002  2.376321387767E+000  3.584530058790E+001 -2.144268003786E+003
  2.983689103139E-002  2.395905666684E+000  3.466486285228E+001 -2.105633896089E+003
  3.039794740329E-002  2.415025213927E+000  3.349424048897E+001 -2.067421719226E+003
  3.096454121851E-002  2.433673025270E+000  3.233359523816E+001 -2.029632061290E+003
  3.153668415253E-002  2.451842315173E+000  3.118308264504E+001 -1.992265207707E+003
  3.211438800486E-002  2.469526516916E+000  3.004285220929E+001 -1.955321154101E+003
  3.269766469947E-002  2.486719282670E+000  2.891304753485E+001 -1.918799619192E+003
  3.328652628537E-002  2.503414483523E+000  2.779380647948E+001 -1.882700057703E+003
  3.388098493714E-002  2.519606209453E+000  2.668526130388E+001 -1.847021673266E+003
  3.448105295547E-002  2.535288769268E+000  2.558753881983E+001 -1.811763431274E+003
  3.508674276771E-002  2.550456690498E+000  2.450076053715E+001 -1.776924071678E+003
  3.569806692844E-002  2.565104719257E+000  2.342504280899E+001 -1.742502121695E+003
  3.631503812000E-002  2.579227820071E+000  2.236049697523E+001 -1.708495908397E+003
  3.693766915309E-002  2.592821175681E+000  2.130722950367E+001 -1.674903571173E+003
  3.756597296732E-002  2.605880186811E+000  2.026534212866E+001 -1.641723074036E+003
  3.819996263183E-002  2.618400471922E+000  1.923493198693E+001 -1.608952217741E+003
  3.883965134583E-002  2.630377866938E+000  1.821609175037E+001 -1.576588651721E+003
  3.948505243923E-002  2.641808424953E+000  1.720890975549E+001 -1.544629885796E+003
  4.013617937323E-002  2.652688415925E+000  1.621347012935E+001 -1.513073301655E+003
  4.079304574093E-002  2.663014326344E+000  1.522985291178E+001 -1.481916164077E+003
  4.145566526792E-002  2.672782858895E+000  1.425813417364E+001 -1.451155631898E+003
  4.212405181296E-002  2.681990932098E+000  1.329838613098E+001 -1.420788768682E+003
  4.279821936853E-002  2.690635679939E+000  1.235067725499E+001 -1.390812553105E+003
  4.347818206155E-002  2.698714451487E+000  1.141507237755E+001 -1.361223889025E+003
  4.416395415396E-002  2.706224810496E+000  1.049163279224E+001 -1.332019615229E+003
  4.485555004336E-002  2.713164534996E+000  9.580416350865E+000 -1.303196514851E+003
  4.555298426375E-002  2.719531616865E+000  8.681477555152E+000 -1.274751324447E+003
  4.625627148608E-002  2.725324261396E+000  7.794867643857E+000 -1.246680742716E+003
  4.696542651902E-002  2.730540886840E+000  6.920634675004E+000 -1.218981438865E+003
  4.768046430958E-002  2.735180123941E+000  6.058823603353E+000 -1.191650060605E+003
  4.840139994379E-002  2.739240815445E+000  5.209476353036E+000 -1.164683241781E+003
  4.912824864743E-002  2.742722015600E+000  4.372631885400E+000 -1.138077609623E+003
  4.986102578670E-002  2.745622989631E+000  3.548326262047E+000 -1.111829791613E+003
  5.059974686895E-002  2.747943213193E+000  2.736592703140E+000 -1.085936421983E+003
  5.134442754336E-002  2.749682371805E+000  1.937461641004E+000 -1.060394147812E+003
  5.209508360169E-002  2.750840360254E+000  1.150960769113E+000 -1.035199634755E+003
  5.285173097899E-002  2.751417281974E+000  3.771150865199E-001 -1.010349572376E+003
  5.361438575437E-002  2.751413448396E+000 -3.840530621481E-001 -9.858406791090E+002
  5.438306415168E-002  2.750829378262E+000 -1.132523951038E+000 -9.616697068272E+002
  5.515778254035E-002  2.749665796915E+000 -1.868280441637E+000 -9.378334450455E+002
  5.593855743605E-002  2.747923635537E+000 -2.591307955417E+000 -9.143287247427E+002
  5.672540550155E-002  2.745604030358E+000 -3.301594450430E+000 -8.911524218181E+002
  5.751834354743E-002  2.742708321825E+000 -3.999130401675E+000 -8.683014601836E+002
  5.831738853289E-002  2.739238053716E+000 -4.683908785101E+000 -8.457728144995E+002
  5.912255756656E-002  2.735194972216E+000 -5.355925065052E+000 -8.235635125596E+002
  5.993386790726E-002  2.730581024939E+000 -6.015177184987E+000 -8.016706373352E+002
  6.075133696481E-002  2.725398359897E+000 -6.661665561282E+000 -7.800913286835E+002
  6.157498230090E-002  2.719649324415E+000 -7.295393079918E+000 -7.588227847317E+002
  6.240482162984E-002  2.713336463986E+000 -7.916365095859E+000 -7.378622629454E+002
  6.324087281946E-002  2.706462521068E+000 -8.524589434919E+000 -7.172070808909E+002
  6.408315389190E-002  2.699030433817E+000 -9.120076397900E+000 -6.968546167022E+002
  6.493168302447E-002  2.691043334749E+000 -9.702838766793E+000 -6.768023092643E+002
  6.578647855056E-002  2.682504549342E+000 -1.027289181283E+001 -6.570476581229E+002
  6.664755896041E-002  2.673417594565E+000 -1.083025330616E+001 -6.375882231328E+002
  6.751494290207E-002  2.663786177326E+000 -1.137494352697E+001 -6.184216238575E+002
  6.838864918226E-002  2.653614192857E+000 -1.190698527772E+001 -5.995455387313E+002
  6.926869676725E-002  2.642905723015E+000 -1.242640389649E+001 -5.809577039977E+002
  7.015510478375E-002  2.631665034507E+000 -1.293322727091E+001 -5.626559124354E+002
  7.104789251987E-002  2.619896577029E+000 -1.342748585283E+001 -5.446380118865E+002
  7.194707942599E-002  2.607604981330E+000 -1.390921267314E+001 -5.269019035982E+002
  7.285268511573E-002  2.594795057188E+000 -1.437844335683E+001 -5.094455403932E+002
  7.376472936684E-002  2.581471791301E+000 -1.483521613794E+001 -4.922669246797E+002
  7.468323212221E-002  2.567640345095E+000 -1.527957187414E+001 -4.753641063163E+002
  7.560821349078E-002  2.553306052437E+000 -1.571155406098E+001 -4.587351803438E+002
  7.653969374850E-002  2.538474417270E+000 -1.613120884529E+001 -4.423782845970E+002
  7.747769333938E-002  2.523151111153E+000 -1.653858503785E+001 -4.262915972112E+002
  7.842223287637E-002  2.507341970714E+000 -1.693373412491E+001 -4.104733340331E+002
  7.937333314243E-002  2.491052995013E+000 -1.731671027861E+001 -3.949217459528E+002
  8.033101509154E-002  2.474290342817E+000 -1.768757036586E+001 -3.796351161661E+002
  8.129529984966E-002  2.457060329783E+000 -1.804637395586E+001 -3.646117573821E+002
  8.226620871580E-002  2.439369425559E+000 -1.839318332573E+001 -3.498500089853E+002
  8.324376316303E-002  2.421224250787E+000 -1.872806346448E+001 -3.353482341682E+002
  8.422798483957E-002  2.402631574027E+000 -1.905108207490E+001 -3.211048170409E+002
  8.521889556978E-002  2.383598308592E+000 -1.936230957339E+001 -3.071181597339E+002
  8.621651735528E-002  2.364131509293E+000 -1.966181908759E+001 -2.933866795008E+002
  8.722087237602E-002  2.344238369111E+000 -1.994968645168E+001 -2.799088058345E+002
  8.823198299134E-002  2.323926215773E+000 -2.022599019929E+001 -2.666829776053E+002
  8.924987174107E-002  2.303202508260E+000 -2.049081155386E+001 -2.537076402309E+002
  9.027456134670E-002  2.282074833227E+000 -2.074423441649E+001 -2.409812428886E+002
  9.130607471240E-002  2.260550901352E+000 -2.098634535111E+001 -2.285022357772E+002
  9.234443492626E-002  2.238638543606E+000 -2.121723356697E+001 -2.162690674378E+002
  9.338966526132E-002  2.216345707458E+000 -2.143699089832E+001 -2.042801821413E+002
  9.444178917683E-002  2.193680453003E+000 -2.164571178143E+001 -1.925340173508E+002
  9.550083031933E-002  2.170650949030E+000 -2.184349322864E+001 -1.810290012643E+002
  9.656681252387E-002  2.147265469020E+000 -2.203043479972E+001 -1.697635504459E+002
  9.763975981519E-002  2.123532387090E+000 -2.220663857029E+001 -1.587360675510E+002
  9.871969640891E-002  2.099460173876E+000 -2.237220909748E+001 -1.479449391505E+002
  9.980664671274E-002  2.075057392364E+000 -2.252725338268E+001 -1.373885336603E+002
  1.009006353277E-001  2.050332693667E+000 -2.267188083153E+001 -1.270651993790E+002
  1.020016870494E-001  2.025294812761E+000 -2.280620321117E+001 -1.169732626404E+002
  1.031098268692E-001  1.999952564172E+000 -2.293033460460E+001 -1.071110260811E+002
  1.042250799756E-001  1.974314837627E+000 -2.304439136253E+001 -9.747676703006E+001
  1.053474717553E-001  1.948390593670E+000 -2.314849205244E+001 -8.806873601915E+001
  1.064770277946E-001  1.922188859242E+000 -2.324275740510E+001 -7.888515541993E+001
  1.076137738809E-001  1.895718723240E+000 -2.332731025860E+001 -6.992421820629E+001
  1.087577360036E-001  1.868989332047E+000 -2.340227549989E+001 -6.118408684534E+001
  1.099089403557E-001  1.842009885045E+000 -2.346778000402E+001 -5.266289231685E+001
  1.110674133350E-001  1.814789630114E+000 -2.352395257101E+001 -4.435873326184E+001
  1.122331815458E-001  1.787337859114E+000 -2.357092386066E+001 -3.626967526030E+001
  1.134062717995E-001  1.759663903370E+000 -2.360882632521E+001 -2.839375023742E+001
  1.145867111168E-001  1.731777129145E+000 -2.363779414001E+001 -2.072895599767E+001
  1.157745267286E-001  1.703686933121E+000 -2.365796313242E+001 -1.327325588540E+001
  1.169697460775E-001  1.675402737879E+000 -2.366947070885E+001 -6.024578570453E+000
  1.181723968193E-001  1.646933987398E+000 -2.367245578028E+001  1.019182043204E+000
  1.193825068243E-001  1.618290142559E+000 -2.366705868613E+001  7.860166788107E+000
  1.206001041787E-001  1.589480676674E+000 -2.365342111690E+001  1.450055108569E+001
  1.218252171865E-001  1.560515071031E+000 -2.363168603547E+001  2.094254468339E+001
  1.230578743703E-001  1.531402810471E+000 -2.360199759724E+001  2.718839127962E+001
  1.242981044731E-001  1.502153378991E+000 -2.356450106936E+001  3.324036803995E+001
  1.255459364600E-001  1.472776255383E+000 -2.351934274903E+001  3.910078500831E+001
  1.268013995194E-001  1.443280908908E+000 -2.346666988110E+001  4.477198441690E+001
  1.280645230647E-001  1.413676795015E+000 -2.340663057506E+001  5.025633989912E+001
  1.293353367356E-001  1.383973351103E+000 -2.333937372156E+001  5.555625560955E+001
  1.306138704000E-001  1.354179992330E+000 -2.326504890860E+001  6.067416525567E+001
  1.319001541553E-001  1.324306107477E+000 -2.318380633757E+001  6.561253104568E+001
  1.331942183303E-001  1.294361054863E+000 -2.309579673914E+001  7.037384255729E+001
  1.344960934863E-001  1.264354158320E+000 -2.300117128927E+001  7.496061553224E+001
  1.358058104191E-001  1.234294703233E+000 -2.290008152545E+001  7.937539060146E+001
  1.371234001607E-001  1.204191932634E+000 -2.279267926312E+001  8.362073194592E+001
  1.384488939805E-001  1.174055043374E+000 -2.267911651274E+001  8.769922589807E+001
  1.397823233874E-001  1.143893182355E+000 -2.255954539722E+001  9.161347948913E+001
  1.411237201313E-001  1.113715442841E+000 -2.243411807016E+001  9.536611894720E+001
  1.424731162050E-001  1.083530860838E+000 -2.230298663487E+001  9.895978815132E+001
  1.438305438454E-001  1.053348411551E+000 -2.216630306426E+001  1.023971470466E+002
  1.451960355357E-001  1.023177005920E+000 -2.202421912178E+001  1.056808700254E+002
  1.465696240072E-001  9.930254872376E-001 -2.187688628349E+001  1.088136442798E+002
  1.479513422405E-001  9.629026278460E-001 -2.172445566128E+001  1.117981681299E+002
  1.493412234681E-001  9.328171259161E-001 -2.156707792752E+001  1.146371493333E+002
  1.507393011753E-001  9.027776023145E-001 -2.140490324100E+001  1.173333033802E+002
  1.521456091027E-001  8.727925975543E-001 -2.123808117444E+001  1.198893517791E+002
  1.535601812478E-001  8.428705688332E-001 -2.106676064353E+001  1.223080203375E+002
  1.549830518669E-001  8.130198871599E-001 -2.089108983762E+001  1.245920374421E+002
  1.564142554766E-001  7.832488345689E-001 -2.071121615215E+001  1.267441323432E+002
  1.578538268564E-001  7.535656014242E-001 -2.052728612284E+001  1.287670334465E+002
  1.593018010499E-001  7.239782838139E-001 -2.033944536171E+001  1.306634666178E+002
  1.607582133673E-001  6.944948810336E-001 -2.014783849505E+001  1.324361535034E+002
  1.622230993867E-001  6.651232931618E-001 -1.995260910326E+001  1.340878098704E+002
  1.636964949568E-001  6.358713187240E-001 -1.975389966273E+001  1.356211439700E+002
  1.651784361984E-001  6.067466524488E-001 -1.955185148974E+001  1.370388549282E+002
  1.666689595063E-001  5.777568831133E-001 -1.934660468645E+001  1.383436311659E+002
  1.681681015517E-001  5.489094914788E-001 -1.913829808887E+001  1.395381488521E+002
  1.696758992842E-001  5.202118483159E-001 -1.892706921711E+001  1.406250703934E+002
  1.711923899335E-001  4.916712125187E-001 -1.871305422762E+001  1.416070429610E+002
  1.727176110118E-001  4.632947293073E-001 -1.849638786765E+001  1.424866970597E+002
  1.742516003158E-001  4.350894285178E-001 -1.827720343185E+001  1.432666451394E+002
  1.757943959287E-001  4.070622229792E-001 -1.805563272099E+001  1.439494802520E+002
  1.773460362227E-001  3.792199069758E-001 -1.783180600289E+001  1.445377747555E+002
  1.789065598608E-001  3.515691547949E-001 -1.760585197547E+001  1.450340790669E+002
  1.804760057990E-001  3.241165193577E-001 -1.737789773193E+001  1.454409204655E+002
  1.820544132889E-001  2.968684309324E-001 -1.714806872809E+001  1.457608019474E+002
  1.836418218792E-001  2.698311959294E-001 -1.691648875179E+001  1.459962011329E+002
  1.852382714189E-001  2.430109957757E-001 -1.668327989442E+001  1.461495692282E+002
  1.868438020586E-001  2.164138858676E-001 -1.644856252447E+001  1.462233300400E+002
  1.884584542535E-001  1.900457946010E-001 -1.621245526316E+001  1.462198790463E+002
  1.900822687655E-001  1.639125224769E-001 -1.597507496198E+001  1.461415825221E+002
  1.917152866652E-001  1.380197412810E-001 -1.573653668230E+001  1.459907767205E+002
  1.933575493349E-001  1.123729933355E-001 -1.549695367681E+001  1.457697671098E+002
  1.950090984705E-001  8.697769082238E-002 -1.525643737290E+001  1.454808276655E+002
  1.966699760840E-001  6.183911517502E-002 -1.501509735783E+001  1.451262002180E+002
  1.983402245061E-001  3.696241653807E-002 -1.477304136575E+001  1.447080938554E+002
  2.000198863884E-001  1.235261329292E-002 -1.453037526639E+001  1.442286843803E+002
  2.017090047061E-001 -1.198540835253E-002 -1.428720305551E+001  1.436901138202E+002
  2.034076227605E-001 -3.604689471155E-002 -1.404362684692E+001  1.430944899911E+002
  2.051157841813E-001 -5.982722490535E-002 -1.379974686620E+001  1.424438861132E+002
  2.068335329293E-001 -8.332191109062E-002 -1.355566144580E+001  1.417403404774E+002
  2.085609132993E-001 -1.065265986295E-001 -1.331146702175E+001  1.409858561615E+002
  2.102979699219E-001 -1.294370662039E-001 -1.306725813173E+001  1.401824007960E+002
  2.120447477670E-001 -1.520492258747E-001 -1.282312741451E+001  1.393319063761E+002
  2.138012921459E-001 -1.743591230896E-001 -1.257916561069E+001  1.384362691208E+002
  2.155676487143E-001 -1.963629366385E-001 -1.233546156474E+001  1.374973493757E+002
  2.173438634747E-001 -2.180569785603E-001 -1.209210222814E+001  1.365169715600E+002
  2.191299827795E-001 -2.394376940012E-001 -1.184917266378E+001  1.354969241539E+002
  2.209260533334E-001 -2.605016610266E-001 -1.160675605129E+001  1.344389597267E+002
  2.227321221965E-001 -2.812455903875E-001 -1.136493369352E+001  1.333447950026E+002
  2.245482367870E-001 -3.016663252444E-001 -1.112378502390E+001  1.322161109638E+002
  2.263744448840E-001 -3.217608408472E-001 -1.088338761476E+001  1.310545529876E+002
  2.282107946304E-001 -3.415262441753E-001 -1.064381718648E+001  1.298617310174E+002
  2.300573345358E-001 -3.609597735379E-001 -1.040514761743E+001  1.286392197645E+002
  2.319141134796E-001 -3.800587981350E-001 -1.016745095467E+001  1.273885589395E+002
  2.337811807137E-001 -3.988208175821E-001 -9.930797425360E+000  1.261112535121E+002
  2.356585858657E-001 -4.172434613980E-001 -9.695255448810E+000  1.248087739962E+002
  2.375463789419E-001 -4.353244884578E-001 -9.460891649095E+000  1.234825567597E+002
  2.394446103301E-001 -4.530617864122E-001 -9.227770868265E+000  1.221340043568E+002
  2.413533308032E-001 -4.704533710729E-001 -8.995956180034E+000  1.207644858812E+002
  2.432725915217E-001 -4.874973857666E-001 -8.765508903942E+000  1.193753373380E+002
  2.452024440374E-001 -5.041921006579E-001 -8.536488619930E+000  1.179678620338E+002
  2.471429402963E-001 -5.205359120406E-001 -8.308953183296E+000  1.165433309817E+002
  2.490941326418E-001 -5.365273416013E-001 -8.082958739992E+000  1.151029833212E+002
  2.510560738180E-001 -5.521650356524E-001 -7.858559742224E+000  1.136480267506E+002
  2.530288169732E-001 -5.674477643377E-001 -7.635808964322E+000  1.121796379700E+002
  2.550124156627E-001 -5.823744208110E-001 -7.414757518845E+000  1.106989631351E+002
  2.570069238527E-001 -5.969440203866E-001 -7.195454872895E+000  1.092071183178E+002
  2.590123959233E-001 -6.111556996648E-001 -6.977948864604E+000  1.077051899746E+002
  2.610288866721E-001 -6.250087156302E-001 -6.762285719769E+000  1.061942354206E+002
  2.630564513176E-001 -6.385024447263E-001 -6.548510068621E+000  1.046752833069E+002
  2.650951455027E-001 -6.516363819038E-001 -6.336664962680E+000  1.031493341023E+002
  2.671450252982E-001 -6.644101396450E-001 -6.126791891706E+000  1.016173605758E+002
  2.692061472063E-001 -6.768234469648E-001 -5.918930800698E+000  1.000803082808E+002
  2.712785681644E-001 -6.888761483867E-001 -5.713120106941E+000  9.853909603869E+001
  2.733623455485E-001 -7.005682028965E-001 -5.509396717080E+000  9.699461642122E+001
  2.754575371771E-001 -7.118996828727E-001 -5.307796044207E+000  9.544773623134E+001
  2.775642013146E-001 -7.228707729935E-001 -5.108352024943E+000  9.389929698072E+001
  2.796823966754E-001 -7.334817691218E-001 -4.911097136516E+000  9.235011536382E+001
  2.818121824272E-001 -7.437330771681E-001 -4.716062413812E+000  9.080098372757E+001
  2.839536181956E-001 -7.536252119307E-001 -4.523277466405E+000  8.925267053607E+001
  2.861067640671E-001 -7.631587959145E-001 -4.332770495543E+000  8.770592082961E+001
  2.882716805935E-001 -7.723345581278E-001 -4.144568311107E+000  8.616145667767E+001
  2.904484287958E-001 -7.811533328576E-001 -3.958696348512E+000  8.461997762520E+001
  2.926370701682E-001 -7.896160584240E-001 -3.775178685574E+000  8.308216113189E+001
  2.948376666818E-001 -7.977237759130E-001 -3.594038059320E+000  8.154866300407E+001
  2.970502807892E-001 -8.054776278886E-001 -3.415295882759E+000  8.002011781880E+001
  2.992749754281E-001 -8.128788570837E-001 -3.238972261599E+000  7.849713934007E+001
  3.015118140259E-001 -8.199288050709E-001 -3.065086010918E+000  7.698032092670E+001
  3.037608605035E-001 -8.266289109128E-001 -2.893654671800E+000  7.547023593193E+001
  3.060221792797E-001 -8.329807097914E-001 -2.724694527919E+000  7.396743809449E+001
  3.082958352758E-001 -8.389858316182E-001 -2.558220622094E+000  7.247246192108E+001
  3.105818939192E-001 -8.446459996244E-001 -2.394246772810E+000  7.098582306025E+001
  3.128804211487E-001 -8.499630289308E-001 -2.232785590715E+000  6.950801866768E+001
  3.151914834180E-001 -8.549388250990E-001 -2.073848495085E+000  6.803952776280E+001
  3.175151477009E-001 -8.595753826633E-001 -1.917445730286E+000  6.658081157699E+001
  3.198514814953E-001 -8.638747836435E-001 -1.763586382220E+000  6.513231389334E+001
  3.222005528283E-001 -8.678391960393E-001 -1.612278394763E+000  6.369446137803E+001
  3.245624302601E-001 -8.714708723065E-001 -1.463528586214E+000  6.226766390378E+001
  3.269371828894E-001 -8.747721478152E-001 -1.317342665747E+000  6.085231486515E+001
  3.293248803576E-001 -8.777454392900E-001 -1.173725249883E+000  5.944879148624E+001
  3.317255928537E-001 -8.803932432336E-001 -1.032679878981E+000  5.805745512079E+001
  3.341393911192E-001 -8.827181343333E-001 -8.942090337642E-001  5.667865154507E+001
  3.365663464529E-001 -8.847227638511E-001 -7.583141518704E-001  5.531271124370E+001
  3.390065307159E-001 -8.864098579975E-001 -6.249956444564E-001  5.395994968874E+001
  3.414600163363E-001 -8.877822162905E-001 -4.942529128416E-001  5.262066761232E+001
  3.439268763145E-001 -8.888427098990E-001 -3.660843652084E-001  5.129515127309E+001
  3.464071842282E-001 -8.895942799722E-001 -2.404874333593E-001  4.998367271677E+001
  3.489010142374E-001 -8.900399359543E-001 -1.174585895388E-001  4.868649003118E+001
  3.514084410898E-001 -8.901827538870E-001  3.006636677372E-003  4.740384759592E+001
  3.539295401259E-001 -8.900258746982E-001  1.209136414211E-001  4.613597632717E+001
  3.564643872842E-001 -8.895725024791E-001  2.362687294941E-001  4.488309391781E+001
  3.590130591069E-001 -8.888259027499E-001  3.490790972517E-001  4.364540507318E+001
  3.615756327448E-001 -8.877894007140E-001  4.593528154048E-001  4.242310174282E+001
  3.641521859632E-001 -8.864663795033E-001  5.670988117376E-001  4.121636334848E+001
  3.667427971473E-001 -8.848602784128E-001  6.723268537403E-001  4.002535700865E+001
  3.693475453076E-001 -8.829745911274E-001  7.750475311550E-001  3.885023776002E+001
  3.719665100860E-001 -8.808128639408E-001  8.752722384345E-001  3.769114877593E+001
  3.745997717609E-001 -8.783786939669E-001  9.730131571141E-001  3.654822158236E+001
  3.772474112534E-001 -8.756757273449E-001  1.068283238098E+000  3.542157627150E+001
  3.799095101331E-001 -8.727076574399E-001  1.161096183858E+000  3.431132171320E+001
  3.825861506238E-001 -8.694782230372E-001  1.251466430553E+000  3.321755576469E+001
  3.852774156096E-001 -8.659912065345E-001  1.339409130066E+000  3.214036547852E+001
  3.879833886411E-001 -8.622504321303E-001  1.424940131959E+000  3.107982730924E+001
  3.907041539409E-001 -8.582597640104E-001  1.508075965363E+000  3.003600731877E+001
  3.934397964105E-001 -8.540231045336E-001  1.588833820786E+000  2.900896138078E+001
  3.961904016361E-001 -8.495443924167E-001  1.667231531866E+000  2.799873538427E+001
  3.989560558949E-001 -8.448276009208E-001  1.743287557060E+000  2.700536543641E+001
  4.017368461617E-001 -8.398767360390E-001  1.817020961271E+000  2.602887806488E+001
  4.045328601149E-001 -8.346958346865E-001  1.888451397439E+000  2.506929041980E+001
  4.073441861437E-001 -8.292889628944E-001  1.957599088081E+000  2.412661047538E+001
  4.101709133538E-001 -8.236602140083E-001  2.024484806795E+000  2.320083723137E+001
  4.130131315750E-001 -8.178137068915E-001  2.089129859746E+000  2.229196091445E+001
  4.158709313670E-001 -8.117535841354E-001  2.151556067119E+000  2.139996317962E+001
  4.187444040269E-001 -8.054840102766E-001  2.211785744570E+000  2.052481731156E+001
  4.216336415958E-001 -7.990091700227E-001  2.269841684672E+000  1.966648842620E+001
  4.245387368658E-001 -7.923332664869E-001  2.325747138364E+000  1.882493367234E+001
  4.274597833869E-001 -7.854605194328E-001  2.379525796415E+000  1.800010243349E+001
  4.303968754741E-001 -7.783951635304E-001  2.431201770916E+000  1.719193652981E+001
  4.333501082151E-001 -7.711414466241E-001  2.480799576806E+000  1.640037042032E+001
  4.363195774768E-001 -7.637036280130E-001  2.528344113434E+000  1.562533140515E+001
  4.393053799131E-001 -7.560859767457E-001  2.573860646184E+000  1.486673982804E+001
  4.423076129724E-001 -7.482927699291E-001  2.617374788164E+000  1.412450927884E+001
  4.453263749047E-001 -7.403282910533E-001  2.658912481958E+000  1.339854679616E+001
  4.483617647698E-001 -7.321968283321E-001  2.698499981479E+000  1.268875306995E+001
  4.514138824444E-001 -7.239026730617E-001  2.736163833902E+000  1.199502264407E+001
  4.544828286302E-001 -7.154501179961E-001  2.771930861718E+000  1.131724411873E+001
  4.575687048617E-001 -7.068434557425E-001  2.805828144887E+000  1.065530035271E+001
  4.606716135142E-001 -6.980869771760E-001  2.837883003134E+000  1.000906866531E+001
  4.637916578118E-001 -6.891849698737E-001  2.868122978370E+000  9.378421037935E+000
  4.669289418353E-001 -6.801417165714E-001  2.896575817268E+000  8.763224315158E+000
  4.700835705309E-001 -6.709614936412E-001  2.923269453994E+000  8.163340405292E+000
  4.732556497182E-001 -6.616485695912E-001  2.948231993105E+000  7.578626480215E+000
  4.764452860985E-001 -6.522072035896E-001  2.971491692624E+000  7.008935174439E+000
  4.796525872639E-001 -6.426416440114E-001  2.993076947311E+000  6.454114783273E+000
  4.828776617050E-001 -6.329561270101E-001  3.013016272117E+000  5.914009459968E+000
  4.861206188205E-001 -6.231548751145E-001  3.031338285860E+000  5.388459411729E+000
  4.893815689254E-001 -6.132420958506E-001  3.048071695104E+000  4.877301094478E+000
  4.926606232602E-001 -6.032219803898E-001  3.063245278275E+000  4.380367406230E+000
  4.959578939999E-001 -5.930987022239E-001  3.076887869998E+000  3.897487878989E+000
  4.992734942630E-001 -5.828764158669E-001  3.089028345689E+000  3.428488869008E+000
  5.026075381207E-001 -5.725592555846E-001  3.099695606389E+000  2.973193745325E+000
  5.059601406064E-001 -5.621513341516E-001  3.108918563856E+000  2.531423076429E+000
  5.093314177250E-001 -5.516567416372E-001  3.116726125931E+000  2.102994814945E+000
  5.127214864626E-001 -5.410795442198E-001  3.123147182166E+000  1.687724480226E+000
  5.161304647959E-001 -5.304237830299E-001  3.128210589738E+000  1.285425338724E+000
  5.195584717022E-001 -5.196934730233E-001  3.131945159650E+000  8.959085820362E-001
  5.230056271692E-001 -5.088926018828E-001  3.134379643221E+000  5.189835025093E-001
  5.264720522050E-001 -4.980251289506E-001  3.135542718877E+000  1.544576662926E-001
  5.299578688483E-001 -4.870949841900E-001  3.135462979241E+000 -1.978629162593E-001
  5.334632001783E-001 -4.761060671779E-001  3.134168918539E+000 -5.381736229410E-001
  5.369881703256E-001 -4.650622461273E-001  3.131688920313E+000 -8.666710549046E-001
  5.405329044823E-001 -4.539673569402E-001  3.128051245453E+000 -1.183552874815E+000
  5.440975289128E-001 -4.428252022912E-001  3.123284020550E+000 -1.489017648042E+000
  5.476821709641E-001 -4.316395507417E-001  3.117415226579E+000 -1.783264686973E+000
  5.512869590774E-001 -4.204141358846E-001  3.110472687901E+000 -2.066493898535E+000
  5.549120227985E-001 -4.091526555198E-001  3.102484061599E+000 -2.338905634986E+000
  5.585574927889E-001 -3.978587708603E-001  3.093476827154E+000 -2.600700548062E+000
  5.622235008375E-001 -3.865361057684E-001  3.083478276444E+000 -2.852079446543E+000
  5.659101798716E-001 -3.751882460232E-001  3.072515504086E+000 -3.093243157290E+000
  5.696176639685E-001 -3.638187386178E-001  3.060615398115E+000 -3.324392389820E+000
  5.733460883672E-001 -3.524310910868E-001  3.047804631001E+000 -3.545727604465E+000
  5.770955894803E-001 -3.410287708643E-001  3.034109651004E+000 -3.757448884160E+000
  5.808663049055E-001 -3.296152046714E-001  3.019556673867E+000 -3.959755809905E+000
  5.846583734383E-001 -3.181937779336E-001  3.004171674845E+000 -4.152847339932E+000
  5.884719350837E-001 -3.067678342271E-001  2.987980381082E+000 -4.336921692608E+000
  5.923071310690E-001 -2.953406747556E-001  2.971008264310E+000 -4.512176233106E+000
  5.961641038558E-001 -2.839155578545E-001  2.953280533893E+000 -4.678807363853E+000
  6.000429971532E-001 -2.724956985248E-001  2.934822130201E+000 -4.837010418773E+000
  6.039439559304E-001 -2.610842679947E-001  2.915657718318E+000 -4.986979561350E+000
  6.078671264295E-001 -2.496843933100E-001  2.895811682075E+000 -5.128907686493E+000
  6.118126561791E-001 -2.382991569508E-001  2.875308118412E+000 -5.262986326216E+000
  6.157806940069E-001 -2.269315964772E-001  2.854170832065E+000 -5.389405559134E+000
  6.197713900541E-001 -2.155847042002E-001  2.832423330566E+000 -5.508353923752E+000
  6.237848957880E-001 -2.042614268801E-001  2.810088819574E+000 -5.620018335547E+000
  6.278213640166E-001 -1.929646654507E-001  2.787190198502E+000 -5.724584007814E+000
  6.318809489022E-001 -1.816972747693E-001  2.763750056465E+000 -5.822234376264E+000
  6.359638059756E-001 -1.704620633912E-001  2.739790668529E+000 -5.913151027344E+000
  6.400700921502E-001 -1.592617933697E-001  2.715333992257E+000 -5.997513630241E+000
  6.441999657370E-001 -1.480991800800E-001  2.690401664559E+000 -6.075499872555E+000
  6.483535864586E-001 -1.369768920667E-001  2.665014998821E+000 -6.147285399582E+000
  6.525311154647E-001 -1.258975509150E-001  2.639194982331E+000 -6.213043757182E+000
  6.567327153465E-001 -1.148637311440E-001  2.612962273976E+000 -6.272946338179E+000
  6.609585501525E-001 -1.038779601231E-001  2.586337202220E+000 -6.327162332248E+000
  6.652087854034E-001 -9.294271800899E-002  2.559339763349E+000 -6.375858679237E+000
  6.694835881080E-001 -8.206043770514E-002  2.531989619974E+000 -6.419200025877E+000
  6.737831267789E-001 -7.123350484080E-002  2.504306099805E+000 -6.457348685809E+000
  6.781075714485E-001 -6.046425777075E-002  2.476308194659E+000 -6.490464602884E+000
  6.824570936852E-001 -4.975498759446E-002  2.448014559726E+000 -6.518705317668E+000
  6.868318666096E-001 -3.910793819424E-002  2.419443513070E+000 -6.542225937086E+000
  6.912320649114E-001 -2.852530629189E-002  2.390613035360E+000 -6.561179107145E+000
  6.956578648660E-001 -1.800924152326E-002  2.361540769830E+000 -6.575714988664E+000
  7.001094443516E-001 -7.561846530151E-003  2.332244022456E+000 -6.585981235940E+000
  7.045869828664E-001  2.814822930905E-003  2.302739762352E+000 -6.592122978287E+000
  7.090906615461E-001  1.311875786371E-002  2.273044622359E+000 -6.594282804363E+000
  7.136206631812E-001  2.334799589170E-002  2.243174899852E+000 -6.592600749224E+000
  7.181771722357E-001  3.350062110215E-002  2.213146557723E+000 -6.587214284018E+000
  7.227603748644E-001  4.357476387573E-002  2.182975225559E+000 -6.578258308252E+000
  7.273704589315E-001  5.356860070208E-002  2.152676200998E+000 -6.565865144550E+000
  7.320076140295E-001  6.348035398184E-002  2.122264451256E+000 -6.550164535823E+000
  7.366720314977E-001  7.330829181574E-002  2.091754614823E+000 -6.531283644778E+000
  7.413639044413E-001  8.305072778127E-002  2.061161003311E+000 -6.509347055684E+000
  7.460834277508E-001  9.270602069745E-002  2.030497603466E+000 -6.484476778309E+000
  7.508307981215E-001  1.022725743782E-001  1.999778079312E+000 -6.456792253965E+000
  7.556062140732E-001  1.117488373751E-001  1.969015774446E+000 -6.426410363561E+000
  7.604098759705E-001  1.211333027092E-001  1.938223714460E+000 -6.393445437605E+000
  7.652419860431E-001  1.304245075939E-001  1.907414609487E+000 -6.358009268056E+000
  7.701027484060E-001  1.396210331475E-001  1.876600856872E+000 -6.320211121965E+000
  7.749923690810E-001  1.487215040980E-001  1.845794543952E+000 -6.280157756806E+000
  7.799110560171E-001  1.577245884782E-001  1.815007450944E+000 -6.237953437446E+000
  7.848590191124E-001  1.666289973144E-001  1.784251053936E+000 -6.193699954644E+000
  7.898364702358E-001  1.754334843063E-001  1.753536527965E+000 -6.147496645032E+000
  7.948436232486E-001  1.841368455008E-001  1.722874750197E+000 -6.099440412478E+000
  7.998806940270E-001  1.927379189588E-001  1.692276303172E+000 -6.049625750774E+000
  8.049479004846E-001  2.012355844163E-001  1.661751478144E+000 -5.998144767561E+000
  8.100454625952E-001  2.096287629391E-001  1.631310278474E+000 -5.945087209426E+000
  8.151736024160E-001  2.179164165732E-001  1.600962423107E+000 -5.890540488092E+000
  8.203325441110E-001  2.260975479892E-001  1.570717350090E+000 -5.834589707641E+000
  8.255225139746E-001  2.341712001230E-001  1.540584220162E+000 -5.777317692685E+000
  8.307437404560E-001  2.421364558121E-001  1.510571920379E+000 -5.718805017427E+000
  8.359964541833E-001  2.499924374282E-001  1.480689067794E+000 -5.659130035545E+000
  8.412808879885E-001  2.577383065059E-001  1.450944013170E+000 -5.598368910827E+000
  8.465972769320E-001  2.653732633693E-001  1.421344844729E+000 -5.536595648496E+000
  8.519458583285E-001  2.728965467546E-001  1.391899391934E+000 -5.473882127164E+000
  8.573268717726E-001  2.803074334314E-001  1.362615229288E+000 -5.410298131351E+000
  8.627405591648E-001  2.876052378209E-001  1.333499680169E+000 -5.345911384510E+000
  8.681871647376E-001  2.947893116131E-001  1.304559820662E+000 -5.280787582504E+000
  8.736669350829E-001  3.018590433814E-001  1.275802483421E+000 -5.214990427470E+000
  8.791801191785E-001  3.088138581971E-001  1.247234261530E+000 -5.148581662024E+000
  8.847269684160E-001  3.156532172416E-001  1.218861512374E+000 -5.081621103751E+000
  8.903077366283E-001  3.223766174187E-001  1.190690361505E+000 -5.014166679929E+000
  8.959226801184E-001  3.289835909658E-001  1.162726706513E+000 -4.946274462433E+000
  9.015720576873E-001  3.354737050646E-001  1.134976220888E+000 -4.877998702785E+000
  9.072561306635E-001  3.418465614524E-001  1.107444357869E+000 -4.809391867285E+000
  9.129751629322E-001  3.481017960321E-001  1.080136354295E+000 -4.740504672196E+000
  9.187294209652E-001  3.542390784837E-001  1.053057234421E+000 -4.671386118932E+000
  9.245191738511E-001  3.602581118753E-001  1.026211813736E+000 -4.602083529209E+000
  9.303446933257E-001  3.661586322749E-001  9.996047027490E-001 -4.532642580127E+000
  9.362062538036E-001  3.719404083627E-001  9.732403107563E-001 -4.463107339131E+000
  9.421041324088E-001  3.776032410445E-001  9.471228495848E-001 -4.393520298840E+000
  9.480386090075E-001  3.831469630656E-001  9.212563373071E-001 -4.323922411684E+000
  9.540099662399E-001  3.885714386260E-001  8.956446019279E-001 -4.254353124337E+000
  9.600184895530E-001  3.938765629967E-001  8.702912850401E-001 -4.184850411911E+000
  9.660644672342E-001  3.990622621370E-001  8.451998454475E-001 -4.115450811874E+000
  9.721481904447E-001  4.041284923135E-001  8.203735627537E-001 -4.046189457677E+000
  9.782699532537E-001  4.090752397199E-001  7.958155409154E-001 -3.977100112065E+000
  9.844300526731E-001  4.139025200988E-001  7.715287117579E-001 -3.908215200038E+000
  9.906287886927E-001  4.186103783650E-001  7.475158384531E-001 -3.839565841451E+000
  9.968664643158E-001  4.231988882297E-001  7.237795189575E-001 -3.771181883228E+000
  1.003143385595E+000  4.276681518268E-001  7.003221894095E-001 -3.703091931175E+000
  1.009459861670E+000  4.320182993413E-001  6.771461274857E-001 -3.635323381369E+000
  1.015816204803E+000  4.362494886381E-001  6.542534557146E-001 -3.567902451117E+000
  1.022212730417E+000  4.403619048936E-001  6.316461447475E-001 -3.500854209461E+000
  1.028649757135E+000  4.443557602283E-001  6.093260165863E-001 -3.434202607221E+000
  1.035127606818E+000  4.482312933418E-001  5.872947477663E-001 -3.367970506569E+000
  1.041646604604E+000  4.519887691485E-001  5.655538724954E-001 -3.302179710114E+000
  1.048207078948E+000  4.556284784160E-001  5.441047857488E-001 -3.236850989497E+000
  1.054809361664E+000  4.591507374043E-001  5.229487463173E-001 -3.172004113490E+000
  1.061453787962E+000  4.625558875075E-001  5.020868798127E-001 -3.107657875580E+000
  1.068140696494E+000  4.658442948963E-001  4.815201816258E-001 -3.043830121054E+000
  1.074870429395E+000  4.690163501627E-001  4.612495198411E-001 -2.980537773554E+000
  1.081643332322E+000  4.720724679662E-001  4.412756381053E-001 -2.917796861132E+000
  1.088459754505E+000  4.750130866813E-001  4.215991584514E-001 -2.855622541765E+000
  1.095320048782E+000  4.778386680467E-001  4.022205840778E-001 -2.794029128366E+000
  1.102224571653E+000  4.805496968160E-001  3.831403020835E-001 -2.733030113261E+000
  1.109173683316E+000  4.831466804097E-001  3.643585861585E-001 -2.672638192152E+000
  1.116167747721E+000  4.856301485687E-001  3.458755992312E-001 -2.612865287556E+000
  1.123207132611E+000  4.880006530091E-001  3.276913960720E-001 -2.553722571734E+000
  1.130292209573E+000  4.902587670786E-001  3.098059258542E-001 -2.495220489099E+000
  1.137423354084E+000  4.924050854133E-001  2.922190346727E-001 -2.437368778116E+000
  1.144600945560E+000  4.944402235967E-001  2.749304680208E-001 -2.380176492696E+000
  1.151825367405E+000  4.963648178193E-001  2.579398732262E-001 -2.323652023091E+000
  1.159097007063E+000  4.981795245394E-001  2.412468018455E-001 -2.267803116290E+000
  1.166416256069E+000  4.998850201450E-001  2.248507120200E-001 -2.212636895930E+000
  1.173783510095E+000  5.014820006162E-001  2.087509707911E-001 -2.158159881718E+000
  1.181199169012E+000  5.029711811897E-001  1.929468563779E-001 -2.104378008379E+000
  1.188663636935E+000  5.043532960229E-001  1.774375604162E-001 -2.051296644144E+000
  1.196177322279E+000  5.056290978596E-001  1.622221901609E-001 -1.998920608757E+000
  1.203740637818E+000  5.067993576959E-001  1.472997706517E-001 -1.947254191053E+000
  1.211354000735E+000  5.078648644478E-001  1.326692468428E-001 -1.896301166069E+000
  1.219017832681E+000  5.088264246183E-001  1.183294856976E-001 -1.846064811733E+000
  1.226732559833E+000  5.096848619659E-001  1.042792782499E-001 -1.796547925122E+000
  1.234498612950E+000  5.104410171734E-001  9.051734163011E-002 -1.747752838292E+000
  1.242316427433E+000  5.110957475171E-001  7.704232106022E-002 -1.699681433715E+000
  1.250186443388E+000  5.116499265373E-001  6.385279181536E-002 -1.652335159298E+000
  1.258109105679E+000  5.121044437076E-001  5.094726115485E-002 -1.605715043022E+000
  1.266084863999E+000  5.124602041066E-001  3.832417022224E-002 -1.559821707190E+000
  1.274114172926E+000  5.127181280884E-001  2.598189591554E-002 -1.514655382314E+000
  1.282197491990E+000  5.128791509539E-001  1.391875272817E-002 -1.470215920622E+000
  1.290335285734E+000  5.129442226231E-001  2.132994561435E-003 -1.426502809225E+000
  1.298528023786E+000  5.129143073062E-001 -9.377183490898E-003 -1.383515182928E+000
  1.306776180919E+000  5.127903831764E-001 -2.061364338524E-002 -1.341251836714E+000
  1.315080237120E+000  5.125734420419E-001 -3.157830239737E-002 -1.299711237892E+000
  1.323440677664E+000  5.122644890187E-001 -4.227313141752E-002 -1.258891537935E+000
  1.331857993175E+000  5.118645422028E-001 -5.270015327084E-002 -1.218790584002E+000
  1.340332679704E+000  5.113746323433E-001 -6.286144106258E-002 -1.179405930162E+000
  1.348865238797E+000  5.107958025151E-001 -7.275911654744E-002 -1.140734848332E+000
  1.357456177571E+000  5.101291077918E-001 -8.239534852252E-002 -1.102774338917E+000
  1.366106008782E+000  5.093756149188E-001 -9.177235124337E-002 -1.065521141193E+000
  1.374815250909E+000  5.085364019863E-001 -1.008923828626E-001 -1.028971743406E+000
  1.383584428224E+000  5.076125581021E-001 -1.097577438908E-001 -9.931223926221E-001
  1.392414070872E+000  5.066051830649E-001 -1.183707756783E-001 -9.579691043237E-001
  1.401304714948E+000  5.055153870373E-001 -1.267338589195E-001 -9.235076717586E-001
  1.410256902580E+000  5.043442902189E-001 -1.348494121765E-001 -8.897336750546E-001
  1.419271182008E+000  5.030930225194E-001 -1.427198904241E-001 -8.566424901038E-001
  1.428348107668E+000  5.017627232314E-001 -1.503477836142E-001 -8.242292972228E-001
  1.437488240275E+000  5.003545407038E-001 -1.577356152598E-001 -7.924890895969E-001
  1.446692146911E+000  4.988696320149E-001 -1.648859410392E-001 -7.614166815137E-001
  1.455960401104E+000  4.973091626449E-001 -1.718013474174E-001 -7.310067163923E-001
  1.465293582927E+000  4.956743061495E-001 -1.784844502880E-001 -7.012536746144E-001
  1.474692279079E+000  4.939662438328E-001 -1.849378936322E-001 -6.721518811624E-001
  1.484157082978E+000  4.921861644203E-001 -1.911643481963E-001 -6.436955130698E-001
  1.493688594856E+000  4.903352637320E-001 -1.971665101870E-001 -6.158786066905E-001
  1.503287421848E+000  4.884147443554E-001 -2.029470999846E-001 -5.886950647894E-001
  1.512954178094E+000  4.864258153191E-001 -2.085088608731E-001 -5.621386634616E-001
  1.522689484827E+000  4.843696917654E-001 -2.138545577880E-001 -5.362030588829E-001
  1.532493970480E+000  4.822475946238E-001 -2.189869760803E-001 -5.108817938968E-001
  1.542368270780E+000  4.800607502847E-001 -2.239089202985E-001 -4.861683044423E-001
  1.552313028853E+000  4.778103902722E-001 -2.286232129863E-001 -4.620559258249E-001
  1.562328895326E+000  4.754977509180E-001 -2.331326934973E-001 -4.385378988367E-001
  1.572416528431E+000  4.731240730352E-001 -2.374402168259E-001 -4.156073757271E-001
  1.582576594115E+000  4.706906015916E-001 -2.415486524544E-001 -3.932574260289E-001
  1.592809766145E+000  4.681985853841E-001 -2.454608832165E-001 -3.714810422416E-001
  1.603116726218E+000  4.656492767128E-001 -2.491798041768E-001 -3.502711453763E-001
  1.613498164078E+000  4.630439310548E-001 -2.527083215257E-001 -3.296205903640E-001
  1.623954777622E+000  4.603838067393E-001 -2.560493514909E-001 -3.095221713299E-001
  1.634487273025E+000  4.576701646221E-001 -2.592058192637E-001 -2.899686267373E-001
  1.645096364848E+000  4.549042677606E-001 -2.621806579422E-001 -2.709526444025E-001
  1.655782776168E+000  4.520873810890E-001 -2.649768074886E-001 -2.524668663828E-001
  1.666547238688E+000  4.492207710940E-001 -2.675972137030E-001 -2.345038937409E-001
  1.677390492873E+000  4.463057054904E-001 -2.700448272120E-001 -2.170562911864E-001
  1.688313288066E+000  4.433434528975E-001 -2.723226024730E-001 -2.001165915976E-001
  1.699316382620E+000  4.403352825156E-001 -2.744334967935E-001 -1.836773004240E-001
  1.710400544029E+000  4.372824638027E-001 -2.763804693653E-001 -1.677308999726E-001
  1.721566549058E+000  4.341862661519E-001 -2.781664803141E-001 -1.522698535790E-001
  1.732815183877E+000  4.310479585692E-001 -2.797944897639E-001 -1.372866096648E-001
  1.744147244202E+000  4.278688093517E-001 -2.812674569162E-001 -1.227736056833E-001
  1.755563535430E+000  4.246500857657E-001 -2.825883391437E-001 -1.087232719547E-001
  1.767064872781E+000  4.213930537264E-001 -2.837600910994E-001 -9.512803539196E-002
  1.778652081442E+000  4.180989774773E-001 -2.847856638394E-001 -8.198032311982E-002
  1.790325996715E+000  4.147691192700E-001 -2.856680039607E-001 -6.927256598677E-002
  1.802087464166E+000  4.114047390455E-001 -2.864100527527E-001 -5.699720197268E-002
  1.813937339772E+000  4.080070941150E-001 -2.870147453639E-001 -4.514667949272E-002
  1.825876490081E+000  4.045774388420E-001 -2.874850099815E-001 -3.371346059918E-002
  1.837905792365E+000  4.011170243251E-001 -2.878237670258E-001 -2.269002408229E-002
  1.850026134778E+000  3.976270980807E-001 -2.880339283579E-001 -1.206886847160E-002
  1.862238416525E+000  3.941089037278E-001 -2.881183965011E-001 -1.842514939115E-003
  1.874543548019E+000  3.905636806718E-001 -2.880800638763E-001  7.996489894502E-003
  1.886942451054E+000  3.869926637908E-001 -2.879218120498E-001  1.745557124920E-002
  1.899436058973E+000  3.833970831214E-001 -2.876465109950E-001  2.654212356898E-002
  1.912025316845E+000  3.797781635466E-001 -2.872570183671E-001  3.526350799809E-002
  1.924711181638E+000  3.761371244831E-001 -2.867561787897E-001  4.362704994858E-002
  1.937494622402E+000  3.724751795712E-001 -2.861468231554E-001  5.164003675763E-002
  1.950376620452E+000  3.687935363643E-001 -2.854317679375E-001  5.930971543340E-002
  1.963358169552E+000  3.650933960207E-001 -2.846138145151E-001  6.664329048763E-002
  1.976440276109E+000  3.613759529955E-001 -2.836957485093E-001  7.364792185359E-002
  1.989623959360E+000  3.576423947342E-001 -2.826803391318E-001  8.033072288774E-002
  2.002910251577E+000  3.538939013676E-001 -2.815703385448E-001  8.669875845344E-002
  2.016300198259E+000  3.501316454076E-001 -2.803684812330E-001  9.275904308508E-002
  2.029794858340E+000  3.463567914450E-001 -2.790774833856E-001  9.851853923082E-002
  2.043395304396E+000  3.425704958482E-001 -2.777000422909E-001  1.039841555724E-001
  2.057102622856E+000  3.387739064635E-001 -2.762388357401E-001  1.091627454197E-001
  2.070917914217E+000  3.349681623176E-001 -2.746965214430E-001  1.140611051795E-001
  2.084842293261E+000  3.311543933210E-001 -2.730757364534E-001  1.186859728943E-001
  2.098876889283E+000  3.273337199739E-001 -2.713790966050E-001  1.230440268519E-001
  2.113022846310E+000  3.235072530735E-001 -2.696091959570E-001  1.271418842620E-001
  2.127281323341E+000  3.196760934236E-001 -2.677686062498E-001  1.309860999987E-001
  2.141653494575E+000  3.158413315461E-001 -2.658598763705E-001  1.345831654062E-001
  2.156140549656E+000  3.120040473952E-001 -2.638855318272E-001  1.379395071668E-001
  2.170743693911E+000  3.081653100735E-001 -2.618480742333E-001  1.410614862278E-001
  2.185464148607E+000  3.043261775505E-001 -2.597499808004E-001  1.439553967866E-001
  2.200303151197E+000  3.004876963845E-001 -2.575937038406E-001  1.466274653312E-001
  2.215261955581E+000  2.966509014460E-001 -2.553816702773E-001  1.490838497336E-001
  2.230341832367E+000  2.928168156454E-001 -2.531162811650E-001  1.513306383953E-001
  2.245544069142E+000  2.889864496630E-001 -2.507999112173E-001  1.533738494415E-001
  2.260869970742E+000  2.851608016819E-001 -2.484349083440E-001  1.552194299634E-001
  2.276320859530E+000  2.813408571253E-001 -2.460235931961E-001  1.568732553047E-001
  2.291898075679E+000  2.775275883962E-001 -2.435682587197E-001  1.583411283919E-001
  2.307602977460E+000  2.737219546222E-001 -2.410711697174E-001  1.596287791060E-001
  2.323436941540E+000  2.699249014026E-001 -2.385345624191E-001  1.607418636928E-001
  2.339401363274E+000  2.661373605612E-001 -2.359606440602E-001  1.616859642109E-001
  2.355497657016E+000  2.623602499023E-001 -2.333515924686E-001  1.624665880153E-001
  2.371727256428E+000  2.585944729716E-001 -2.307095556601E-001  1.630891672737E-001
  2.388091614797E+000  2.548409188222E-001 -2.280366514415E-001  1.635590585158E-001
  2.404592205358E+000  2.511004617846E-001 -2.253349670236E-001  1.638815422117E-001
  2.421230521622E+000  2.473739612431E-001 -2.226065586413E-001  1.640618223785E-001
  2.438008077714E+000  2.436622614163E-001 -2.198534511832E-001  1.641050262145E-001
  2.454926408713E+000  2.399661911442E-001 -2.170776378306E-001  1.640162037581E-001
  2.471987071003E+000  2.362865636809E-001 -2.142810797042E-001  1.638003275702E-001
  2.489191642624E+000  2.326241764927E-001 -2.114657055217E-001  1.634622924393E-001
  2.506541723641E+000  2.289798110636E-001 -2.086334112634E-001  1.630069151076E-001
  2.524038936507E+000  2.253542327065E-001 -2.057860598488E-001  1.624389340171E-001
  2.541684926444E+000  2.217481903819E-001 -2.029254808224E-001  1.617630090741E-001
  2.559481361827E+000  2.181624165227E-001 -2.000534700504E-001  1.609837214322E-001
  2.577429934572E+000  2.145976268675E-001 -1.971717894278E-001  1.601055732914E-001
  2.595532360540E+000  2.110545203006E-001 -1.942821665964E-001  1.591329877135E-001
  2.613790379943E+000  2.075337786998E-001 -1.913862946746E-001  1.580703084536E-001
  2.632205757760E+000  2.040360667928E-001 -1.884858319985E-001  1.569217998056E-001
  2.650780284158E+000  2.005620320216E-001 -1.855824018756E-001  1.556916464625E-001
  2.669515774928E+000  1.971123044150E-001 -1.826775923510E-001  1.543839533905E-001
  2.688414071925E+000  1.936874964709E-001 -1.797729559863E-001  1.530027457172E-001
  2.707477043518E+000  1.902882030463E-001 -1.768700096529E-001  1.515519686335E-001
  2.726706585047E+000  1.869150012578E-001 -1.739702343382E-001  1.500354873087E-001
  2.746104619295E+000  1.835684503907E-001 -1.710750749671E-001  1.484570868198E-001
  2.765673096964E+000  1.802490918184E-001 -1.681859402384E-001  1.468204720947E-001
  2.785413997161E+000  1.769574489312E-001 -1.653042024766E-001  1.451292678697E-001
  2.805329327899E+000  1.736940270755E-001 -1.624311974993E-001  1.433870186615E-001
  2.825421126601E+000  1.704593135034E-001 -1.595682245023E-001  1.415971887550E-001
  2.845691460623E+000  1.672537773322E-001 -1.567165459606E-001  1.397631622064E-001
  2.866142427776E+000  1.640778695159E-001 -1.538773875476E-001  1.378882428629E-001
  2.886776156875E+000  1.609320228259E-001 -1.510519380725E-001  1.359756544006E-001
  2.907594808280E+000  1.578166518437E-001 -1.482413494361E-001  1.340285403797E-001
  2.928600574467E+000  1.547321529648E-001 -1.454467366059E-001  1.320499643194E-001
  2.949795680597E+000  1.516789044133E-001 -1.426691776110E-001  1.300429097934E-001
  2.971182385105E+000  1.486572662681E-001 -1.399097135571E-001  1.280102805462E-001
  2.992762980296E+000  1.456675805010E-001 -1.371693486619E-001  1.259549006325E-001
  3.014539792958E+000  1.427101710252E-001 -1.344490503119E-001  1.238795145801E-001
  3.036515184988E+000  1.397853437571E-001 -1.317497491407E-001  1.217867875780E-001
  3.058691554023E+000  1.368933866879E-001 -1.290723391292E-001  1.196793056905E-001
  3.081071334099E+000  1.340345699682E-001 -1.264176777280E-001  1.175595760996E-001
  3.103656996309E+000  1.312091460036E-001 -1.237865860030E-001  1.154300273756E-001
  3.126451049484E+000  1.284173495619E-001 -1.211798488029E-001  1.132930097787E-001
  3.149456040888E+000  1.256593978925E-001 -1.185982149513E-001  1.111507955916E-001
  3.172674556926E+000  1.229354908564E-001 -1.160423974615E-001  1.090055794855E-001
  3.196109223865E+000  1.202458110684E-001 -1.135130737750E-001  1.068594789203E-001
  3.219762708576E+000  1.175905240502E-001 -1.110108860247E-001  1.047145345803E-001
  3.243637719289E+000  1.149697783948E-001 -1.085364413209E-001  1.025727108462E-001
  3.267737006362E+000  1.123837059416E-001 -1.060903120623E-001  1.004358963056E-001
  3.292063363076E+000  1.098324219631E-001 -1.036730362707E-001  9.830590430250E-002
  3.316619626434E+000  1.073160253615E-001 -1.012851179497E-001  9.618447352623E-002
  3.341408677987E+000  1.048345988759E-001 -9.892702746742E-002  9.407326864207E-002
  3.366433444679E+000  1.023882092998E-001 -9.659920196304E-002  9.197388096338E-002
  3.391696899702E+000  9.997690770788E-002 -9.430204577679E-002  8.988782916650E-002
  3.417202063379E+000  9.760072969349E-002 -9.203593090326E-002  8.781656004895E-002
  3.442952004065E+000  9.525969561403E-002 -8.980119746771E-002  8.576144933148E-002
  3.468949839059E+000  9.295381084603E-002 -8.759815422490E-002  8.372380250442E-002
  3.495198735552E+000  9.068306604843E-002 -8.542707908004E-002  8.170485571864E-002
  3.521701911582E+000  8.844743743408E-002 -8.328821963131E-002  7.970577672127E-002
  3.548462637020E+000  8.624688704875E-002 -8.118179373339E-002  7.772766583618E-002
  3.575484234572E+000  8.408136305758E-002 -7.910799008134E-002  7.577155698916E-002
  3.602770080809E+000  8.195080003814E-002 -7.706696881409E-002  7.383841877748E-002
  3.630323607217E+000  7.985511927994E-002 -7.505886213688E-002  7.192915558340E-002
  3.658148301271E+000  7.779422908963E-002 -7.308377496160E-002  7.004460873109E-002
  3.686247707537E+000  7.576802510163E-002 -7.114178556446E-002  6.818555768618E-002
  3.714625428793E+000  7.377639059344E-002 -6.923294625969E-002  6.635272129703E-002
  3.743285127184E+000  7.181919680524E-002 -6.735728408855E-002  6.454675907669E-002
  3.772230525397E+000  6.989630326322E-002 -6.551480152244E-002  6.276827252428E-002
  3.801465407866E+000  6.800755810604E-002 -6.370547717899E-002  6.101780648443E-002
  3.830993622005E+000  6.615279841378E-002 -6.192926655016E-002  5.929585054321E-002
  3.860819079470E+000  6.433185053906E-002 -6.018610274083E-002  5.760284045885E-002
  3.890945757450E+000  6.254453043945E-002 -5.847589721701E-002  5.593915962543E-002
  3.921377699988E+000  6.079064401081E-002 -5.679854056199E-002  5.430514056746E-002
  3.952119019336E+000  5.906998742088E-002 -5.515390323955E-002  5.270106646325E-002
  3.983173897337E+000  5.738234744255E-002 -5.354183636244E-002  5.112717269483E-002
  4.014546586845E+000  5.572750178634E-002 -5.196217246514E-002  4.958364842185E-002
  4.046241413173E+000  5.410521943134E-002 -5.041472627924E-002  4.807063817713E-002
  4.078262775585E+000  5.251526095418E-002 -4.889929551018E-002  4.658824348106E-002
  4.110615148813E+000  5.095737885556E-002 -4.741566161394E-002  4.513652447216E-002
  4.143303084620E+000  4.943131788356E-002 -4.596359057204E-002  4.371550155088E-002
  4.176331213391E+000  4.793681535346E-002 -4.454283366380E-002  4.232515703390E-002
  4.209704245774E+000  4.647360146341E-002 -4.315312823406E-002  4.096543681561E-002
  4.243426974351E+000  4.504139960562E-002 -4.179419845523E-002  3.963625203408E-002
  4.277504275353E+000  4.363992667237E-002 -4.046575608208E-002  3.833748073807E-002
  4.311941110423E+000  4.226889335675E-002 -3.916750119806E-002  3.706896955219E-002
  4.346742528412E+000  4.092800444735E-002 -3.789912295167E-002  3.583053533688E-002
  4.381913667228E+000  3.961695911680E-002 -3.666030028170E-002  3.462196684012E-002
  4.417459755726E+000  3.833545120373E-002 -3.545070262991E-002  3.344302633764E-002
  4.453386115645E+000  3.708316948774E-002 -3.426999064010E-002  3.229345125857E-002
  4.489698163598E+000  3.585979795722E-002 -3.311781684221E-002  3.117295579327E-002
  4.526401413105E+000  3.466501606971E-002 -3.199382632051E-002  3.008123248044E-002
  4.563501476684E+000  3.349849900461E-002 -3.089765736465E-002  2.901795377031E-002
  4.601004067991E+000  3.235991790805E-002 -2.982894210265E-002  2.798277356113E-002
  4.638915004011E+000  3.124894012980E-002 -2.878730711497E-002  2.697532870604E-002
  4.677240207311E+000  3.016522945210E-002 -2.777237402861E-002  2.599524048756E-002
  4.715985708351E+000  2.910844631037E-002 -2.678376009069E-002  2.504211605712E-002
  4.755157647843E+000  2.807824800587E-002 -2.582107872058E-002  2.411554983700E-002
  4.794762279187E+000  2.707428891010E-002 -2.488394004023E-002  2.321512488253E-002
  4.834805970953E+000  2.609622066133E-002 -2.397195138190E-002  2.234041420204E-002
  4.875295209443E+000  2.514369235310E-002 -2.308471777308E-002  2.149098203280E-002
  4.916236601308E+000  2.421635071502E-002 -2.222184239816E-002  2.066638507076E-002
  4.957636876237E+000  2.331384028591E-002 -2.138292703653E-002  1.986617365261E-002
  4.999502889720E+000  2.243580357970E-002 -2.056757247716E-002  1.908989288855E-002
  5.041841625875E+000  2.158188124413E-002 -1.977537890938E-002  1.833708374437E-002
  5.084660200360E+000  2.075171221281E-002 -1.900594629010E-002  1.760728407180E-002
  5.127965863354E+000  1.994493385078E-002 -1.825887468743E-002  1.690002958616E-002
  5.171766002619E+000  1.916118209399E-002 -1.753376460106E-002  1.621485479053E-002
  5.216068146649E+000  1.840009158323E-002 -1.683021725969E-002  1.555129384612E-002
  5.260879967894E+000  1.766129579277E-002 -1.614783489587E-002  1.490888138824E-002
  5.306209286078E+000  1.694442715432E-002 -1.548622099888E-002  1.428715328807E-002
  5.352064071605E+000  1.624911717669E-002 -1.484498054614E-002  1.368564736021E-002
  5.398452449055E+000  1.557499656173E-002 -1.422372021381E-002  1.310390401633E-002
  5.445382700775E+000  1.492169531704E-002 -1.362204856750E-002  1.254146686560E-002
  5.492863270572E+000  1.428884286600E-002 -1.303957623367E-002  1.199788326248E-002
  5.540902767504E+000  1.367606815571E-002 -1.247591605290E-002  1.147270480295E-002
  5.589509969774E+000  1.308299976326E-002 -1.193068321576E-002  1.096548777023E-002
  5.638693828737E+000  1.250926600109E-002 -1.140349538239E-002  1.047579353137E-002
  5.688463473008E+000  1.195449502186E-002 -1.089397278692E-002  1.000318888619E-002
  5.738828212699E+000  1.141831492343E-002 -1.040173832777E-002  9.547246370166E-003
  5.789797543759E+000  1.090035385446E-002 -9.926417644990E-003  9.107544513179E-003
  5.841381152447E+000  1.040024012124E-002 -9.467639185899E-003  8.683668056007E-003
  5.893588919926E+000  9.917602296190E-003 -9.025034260126E-003  8.275208126657E-003
  5.946430926988E+000  9.452069328571E-003 -8.598237085369E-003  7.881762378744E-003
  5.999917458910E+000  9.003270657837E-003 -8.186884825060E-003  7.502935094203E-003
  6.054059010457E+000  8.570836330096E-003 -7.790617619167E-003  7.138337252724E-003
  6.108866291020E+000  8.154397118090E-003 -7.409078609377E-003  6.787586570360E-003
  6.164350229902E+000  7.753584645026E-003 -7.041913959839E-003  6.450307509816E-003
  6.220521981762E+000  7.368031512626E-003 -6.688772874661E-003  6.126131264968E-003
  6.277392932215E+000  6.997371433652E-003 -6.349307613320E-003  5.814695722188E-003
  6.334974703589E+000  6.641239369155E-003 -6.023173505054E-003  5.515645401036E-003
  6.393279160860E+000  6.299271670623E-003 -5.710028963343E-003  5.228631376907E-003
  6.452318417752E+000  5.971106227174E-003 -5.409535501441E-003  4.953311188157E-003
  6.512104843026E+000  5.656382617851E-003 -5.121357749925E-003  4.689348730223E-003
  6.572651066946E+000  5.354742269056E-003 -4.845163477127E-003  4.436414139172E-003
  6.633969987942E+000  5.065828617083E-003 -4.580623613242E-003  4.194183667056E-003
  6.696074779472E+000  4.789287275627E-003 -4.327412278841E-003  3.962339551362E-003
  6.758978897091E+000  4.524766208144E-003 -4.085206818425E-003  3.740569880749E-003
  6.822696085726E+000  4.271915904817E-003 -3.853687839546E-003  3.528568459141E-003
  6.887240387180E+000  4.030389563843E-003 -3.632539257984E-003  3.326034670146E-003
  6.952626147859E+000  3.799843276722E-003 -3.421448349302E-003  3.132673343613E-003
  7.018868026732E+000  3.579936217117E-003 -3.220105807072E-003  2.948194626015E-003
  7.085981003543E+000  3.370330832851E-003 -3.028205807918E-003  2.772313856186E-003
  7.153980387268E+000  3.170693040503E-003 -2.845446083445E-003  2.604751447782E-003
  7.222881824836E+000  2.980692422051E-003 -2.671527999022E-003  2.445232779683E-003
  7.292701310121E+000  2.800002422936E-003 -2.506156639290E-003  2.293488095374E-003
  7.363455193219E+000  2.628300550884E-003 -2.349040900158E-003  2.149252412173E-003
  7.435160190001E+000  2.465268574768E-003 -2.199893586974E-003  2.012265441021E-003
  7.507833391988E+000  2.310592722783E-003 -2.058431518462E-003  1.882271517351E-003
  7.581492276516E+000  2.163963879128E-003 -1.924375635913E-003  1.759019543399E-003
  7.656154717242E+000  2.025077778411E-003 -1.797451117076E-003  1.642262942153E-003
  7.731838994973E+000  1.893635196926E-003 -1.677387494067E-003  1.531759622966E-003
  7.808563808847E+000  1.769342139955E-003 -1.563918774600E-003  1.427271958698E-003
  7.886348287874E+000  1.651910024249E-003 -1.456783565739E-003  1.328566774127E-003
  7.965212002848E+000  1.541055854801E-003 -1.355725199326E-003  1.235415345181E-003
  8.045174978646E+000  1.436502395065E-003 -1.260491858220E-003  1.147593408452E-003
  8.126257706932E+000  1.337978329751E-003 -1.170836702395E-003  1.064881180303E-003
  8.208481159274E+000  1.245218419369E-003 -1.086517993958E-003  9.870633847830E-004
  8.291866800694E+000  1.157963645694E-003 -1.007299220102E-003  9.139292894384E-004
  8.376436603664E+000  1.075961347365E-003 -9.329492130054E-004  8.452727480580E-004
  8.462213062574E+000  9.989653448654E-004 -8.632422656932E-004  7.808922492756E-004
  8.549219208676E+000  9.267360541683E-004 -7.979582428617E-004  7.205909699163E-004
  8.637478625536E+000  8.590405883877E-004 -7.368826857136E-004  6.641768319167E-004
  8.727015464999E+000  7.956528468208E-004 -6.798069098505E-004  6.114625616129E-004
  8.817854463709E+000  7.363535908338E-004 -6.265280953194E-004  5.622657501733E-004
  8.910020960175E+000  6.809305061071E-004 -5.768493679480E-004  5.164089139467E-004
  9.003540912431E+000  6.291782508251E-004 -5.305798711564E-004  4.737195535022E-004
  9.098440916308E+000  5.808984894713E-004 -4.875348274920E-004  4.340302101593E-004
  9.194748224321E+000  5.358999119691E-004 -4.475355892043E-004  3.971785188424E-004
  9.292490765233E+000  4.939982379892E-004 -4.104096772452E-004  3.630072561362E-004
  9.391697164283E+000  4.550162063297E-004 -3.759908081674E-004  3.313643824810E-004
  9.492396764138E+000  4.187835493622E-004 -3.441189084725E-004  3.021030775118E-004
  9.594619646576E+000  3.851369526250E-004 -3.146401160557E-004  2.750817676269E-004
  9.698396654938E+000  3.539199997302E-004 -2.874067684837E-004  2.501641449563E-004
  9.803759417385E+000  3.249831028456E-004 -2.622773779441E-004  2.272191769972E-004
  9.910740370981E+000  2.981834190923E-004 -2.391165927962E-004  2.061211062862E-004
  1.001937278665E+001  2.733847532891E-004 -2.177951457613E-004  1.867494395820E-004
  1.012969079502E+001  2.504574475557E-004 -1.981897888813E-004  1.689889261483E-004
  1.024172941323E+001  2.292782583666E-004 -1.801832154805E-004  1.527295248358E-004
  1.035552457272E+001  2.097302217200E-004 -1.636639694564E-004  1.378663597826E-004
  1.047111314798E+001  1.917025071613E-004 -1.485263423229E-004  1.242996646643E-004
  1.058853298647E+001  1.750902614603E-004 -1.346702585153E-004  1.119347155432E-004
  1.070782293953E+001  1.597944428016E-004 -1.220011495556E-004  1.006817524769E-004
  1.082902289454E+001  1.457216464004E-004 -1.104298177517E-004  9.045589015660E-005
  1.095217380826E+001  1.327839224970E-004 -9.987229017956E-005  8.117701794994E-005
  1.107731774137E+001  1.208985877219E-004 -9.024966376249E-005  7.276968982165E-005
  1.120449789442E+001  1.099880308504E-004 -8.148794231841E-005  6.516300469844E-005
  1.133375864507E+001  9.997951398352E-005 -7.351786649647E-005  5.829047792797E-005
  1.146514558681E+001  9.080497020486E-005 -6.627473756417E-005  5.208990455849E-005
  1.159870556913E+001  8.240079876178E-005 -5.969823603706E-005  4.650321523209E-005
  1.173448673928E+001  7.470765881370E-005 -5.373223616489E-005  4.147632554176E-005
  1.187253858566E+001  6.767026277226E-005 -4.832461729928E-005  3.695897974884E-005
  1.201291198287E+001  6.123717023305E-005 -4.342707316995E-005  3.290458979364E-005
  1.215565923859E+001  5.536058346501E-005 -3.899492008831E-005  2.927007055704E-005
  1.230083414231E+001  4.999614538095E-005 -3.498690507964E-005  2.601567234515E-005
  1.244849201595E+001  4.510274086319E-005 -3.136501491773E-005  2.310481157199E-005
  1.259868976657E+001  4.064230226154E-005 -2.809428699990E-005  2.050390060818E-005
  1.275148594119E+001  3.657961981745E-005 -2.514262295580E-005  1.818217774526E-005
  1.290694078384E+001  3.288215769950E-005 -2.248060583091E-005  1.611153819746E-005
  1.306511629490E+001  2.951987626171E-005 -2.008132162605E-005  1.426636702559E-005
  1.322607629292E+001  2.646506105874E-005 -1.792018590864E-005  1.262337482140E-005
  1.338988647898E+001  2.369215907156E-005 -1.597477613999E-005  1.116143693699E-005
  1.355661450375E+001  2.117762251513E-005 -1.422467028723E-005  9.861436982686E-006
  1.372633003727E+001  1.889976051616E-005 -1.265129220935E-005  8.706115249598E-006
  1.389910484176E+001  1.683859886649E-005 -1.123776422544E-005  7.679922641140E-006
  1.407501284743E+001  1.497574797547E-005 -9.968767190135E-006  6.768880621338E-006
  1.425413023161E+001  1.329427906587E-005 -8.830408318636E-006  5.960447609016E-006
  1.443653550117E+001  1.177860858100E-005 -7.810096921301E-006  5.243392166220E-006
  1.462230957852E+001  1.041439069943E-005 -6.896428127865E-006  4.607673248119E-006
  1.481153589140E+001  9.188417786121E-006 -6.079074604205E-006  4.044327701081E-006
  1.500430046649E+001  8.088528548247E-006 -5.348686191389E-006  3.545365116855E-006
  1.520069202718E+001  7.103523608867E-006 -4.696797328488E-006  3.103670074784E-006
  1.540080209569E+001  6.223088164451E-006 -4.115742057945E-006  2.712911731754E-006
  1.560472509963E+001  5.437721351915E-006 -3.598576355962E-006  2.367460652032E-006
  1.581255848342E+001  4.738671918670E-006 -3.139007480936E-006  2.062312707088E-006
  1.602440282470E+001  4.117879764780E-006 -2.731329990841E-006  1.793019819577E-006
  1.624036195599E+001  3.567922909887E-006 -2.370368045971E-006  1.555627276473E-006
  1.646054309190E+001  3.081969429006E-006 -2.051423586745E-006  1.346617294285E-006
  1.668505696224E+001  2.653733900147E-006 -1.770229957352E-006  1.162858484645E-006
  1.691401795117E+001  2.277437912819E-006 -1.522910534736E-006  1.001560841515E-006
  1.714754424293E+001  1.947774199050E-006 -1.305941918548E-006  8.602358516838E-007
  1.738575797433E+001  1.659873967134E-006 -1.116121240786E-006  7.366613181132E-007
  1.762878539445E+001  1.409277042035E-006 -9.505371633476E-007  6.288504806753E-007
  1.787675703191E+001  1.191904444495E-006 -8.065441471412E-007  5.350250204570E-007
  1.812980787015E+001  1.004033072440E-006 -6.817395968003E-007  4.535915416647E-007
  1.838807753110E+001  8.422721824166E-007 -5.739435098484E-007  3.831211385221E-007
  1.865171046781E+001  7.035414045515E-007 -4.811802873607E-007  3.223316727615E-007
  1.892085616642E+001  5.850500609591E-007 -4.016623939923E-007  2.700724095767E-007
  1.919566935809E+001  4.842775938189E-007 -3.337755877544E-007  2.253106854329E-007
  1.947631024137E+001  3.989549445832E-007 -2.760654732962E-007  1.871203090789E-007
  1.976294471571E+001  3.270467592717E-007 -2.272251658402E-007  1.546714266654E-007
  2.005574462663E+001  2.667343258690E-007 -1.860838855748E-007  1.272216122288E-007
  2.035488802332E+001  2.163991779189E-007 -1.515963335324E-007  1.041079751999E-007
  2.066055942930E+001  1.746073230778E-007 -1.228327291798E-007  8.474010635126E-008
  2.097295012706E+001  1.400940763476E-007 -9.896941662723E-008  6.859371207293E-008
  2.129225845729E+001  1.117494947699E-007 -7.927997014005E-008  5.520481355631E-008
  2.161869013374E+001  8.860442350508E-008 -6.312675025017E-008  4.416441192359E-008
  2.195245857462E+001  6.981717249997E-008 -4.995287906770E-008  3.511354225739E-008
  2.229378525140E+001  5.466084857388E-008 -3.927461735027E-008  2.773865863743E-008
  2.264290005632E+001  4.251137001015E-008 -3.067413657724E-008  2.176730857391E-008
  2.300004168951E+001  3.283619000875E-008 -2.379268686562E-008  1.696406862932E-008
  2.336545806705E+001  2.518375207489E-008 -1.832416630941E-008  1.312672362401E-008
  2.373940675129E+001  1.917369507618E-008 -1.400909954293E-008  1.008267978940E-008
  2.412215540475E+001  1.448781880598E-008 -1.062903339223E-008  7.685607794184E-009
  2.451398226921E+001  1.086181295591E-008 -8.001355786416E-009  5.812315004718E-009
  2.491517667142E+001  8.077743921587E-009 -5.974541067049E-009  4.359847967398E-009
  2.532603955735E+001  5.957285303335E-009 -4.423820867444E-009  3.242826252689E-009
  2.574688405660E+001  4.355669729901E-009 -3.247275223653E-009  2.391007818846E-009
  2.617803607920E+001  3.156332075768E-009 -2.362333880026E-009  1.747084266264E-009
  2.661983494664E+001  2.266207542240E-009 -1.702673174306E-009  1.264702068315E-009
  2.707263405971E+001  1.611642632061E-009 -1.215489687260E-009  9.067033551769E-010
  2.753680160532E+001  1.134872896016E-009 -8.591282187791E-010  6.435773273212E-010
  2.801272130518E+001  7.910185230100E-010 -6.010387462587E-010  4.521110737122E-010
  2.850079320900E+001  5.455473709318E-010 -4.160349134309E-010  3.142266079889E-010
  2.900143453541E+001  3.721548240407E-010 -2.848253169264E-010  2.159894091124E-010
  2.951508056378E+001  2.510107951916E-010 -1.927883840126E-010  1.467727125442E-010
  3.004218558064E+001  1.673261134125E-010 -1.289619092276E-010  9.856125643815E-011
  3.058322388437E+001  1.101932702754E-010 -8.521925045040E-011  6.537812415029E-011
  3.113869085248E+001  7.165985131895E-011 -5.560566571589E-011  4.281869333263E-011
  3.170910407585E+001  4.599675962808E-011 -3.581017847743E-011  2.767643822685E-011
  3.229500456485E+001  2.912736447154E-011 -2.275056553068E-011  1.764635955944E-011
  3.289695803249E+001  1.818781224105E-011 -1.425144726252E-011  1.109305518734E-011
  3.351555626047E+001  1.119277592843E-011 -8.797913472779E-012  6.871815194534E-012
  3.415141855403E+001  6.784775371698E-012 -5.349543746717E-012  4.192554337882E-012
  3.480519329257E+001  4.048783704503E-012 -3.202000874518E-012  2.517818876573E-012
  3.547755958299E+001  2.377083703220E-012 -1.885529621229E-012  1.487471804954E-012
  3.616922902393E+001  1.372214720412E-012 -1.091640442491E-012  8.639308482816E-013
  3.688094758921E+001  7.783431264594E-013 -6.209750981073E-013  4.929803022507E-013
  3.761349763993E+001  4.335021831011E-013 -3.468303366688E-013  2.761855336566E-013
  3.836770007534E+001  2.369013880608E-013 -1.900612223359E-013  1.518024265870E-013
  3.914441663347E+001  1.269314654003E-013 -1.021111205709E-013  8.179615764724E-014
  3.994455235367E+001  6.662679918789E-014 -5.374134607710E-014  4.317345781196E-014
  4.076905821405E+001  3.423272643490E-014 -2.768440732856E-014  2.230314850005E-014
  4.161893395835E+001  1.720137060922E-014 -1.394663906029E-014  1.126672872220E-014
  4.249523112779E+001  8.445197832412E-015 -6.864486146985E-015  5.560435113659E-015
  4.339905631520E+001  4.047219746021E-015 -3.297812293084E-015  2.678395720294E-015
  4.433157466006E+001  1.891282164809E-015 -1.544813226540E-015  1.257908090715E-015
  4.529401360538E+001  8.608685177129E-016 -7.048340306923E-016  5.753875087649E-016
  4.628766693861E+001  3.812422807940E-016 -3.128683884048E-016  2.560429656558E-016
  4.731389914191E+001  1.640682412225E-016 -1.349510460598E-016  1.107088733642E-016
  4.837415007871E+001  6.852572087493E-017 -5.649074323753E-017  4.645327455173E-017
  4.946994004686E+001  2.773982190391E-017 -2.291819650834E-017  1.888994295673E-017
  5.060287523143E+001  1.086818082107E-017 -8.998459881538E-018  7.433755625666E-018
  5.177465359367E+001  4.114905678415E-018 -3.414188906936E-018  2.826810392027E-018
  5.298707123650E+001  1.503216535739E-018 -1.249820430564E-018  1.037063512491E-018
  5.424202929116E+001  5.289444073342E-019 -4.406734653496E-019  3.664402855072E-019
  5.554154137419E+001  1.789575607163E-019 -1.493896121776E-019  1.244846105686E-019
  5.688774166961E+001  5.810582933508E-020 -4.860002638927E-020  4.058088296237E-020
  5.828289369667E+001  1.806953868338E-020 -1.514236057299E-020  1.266920740894E-020
  5.972939983075E+001  5.370398385636E-021 -4.508855207485E-021  3.779849925076E-021
  6.122981165190E+001  1.522000055257E-021 -1.280181509730E-021  1.075261561987E-021
  6.278684120462E+001  4.103232448634E-022 -3.457516037293E-022  2.909533313738E-022
  6.440337326150E+001  1.049611498010E-022 -8.859969701748E-023  7.469482869949E-023
  6.608247869451E+001  2.540608438614E-023 -2.148283565020E-023  1.814395762838E-023
  6.782742906960E+001  5.802185282046E-024 -4.914513952436E-024  4.158018254945E-024
  6.964171259434E+001  1.246362227048E-024 -1.057434603401E-024  8.962070363682E-025
  7.152905156377E+001  2.509916538823E-025 -2.132918096985E-025  1.810764406376E-025
  7.349342146763E+001  4.721739607293E-026 -4.018909557728E-026  3.417536625668E-026
  7.553907194217E+001  8.266692641701E-027 -7.047176857424E-027  6.002357065574E-027
  7.767054977292E+001  1.341506254208E-027 -1.145353041649E-027  9.770855055763E-028
  7.989272418113E+001  2.009111309538E-028 -1.717909573947E-028  1.467794152886E-028
  8.221081465675E+001  2.764071014315E-029 -2.366909691660E-029  2.025366345384E-029
  8.463042163523E+001  3.475875341369E-030 -2.980709482715E-030  2.554372678331E-030
  8.715756035520E+001  3.973965768785E-031 -3.412632566370E-031  2.928753198466E-031
  8.979869827958E+001  4.107039099331E-032 -3.531761691857E-032  3.035284817527E-032
  9.256079651532E+001  3.813175837105E-033 -3.283476597077E-033  2.825811727170E-033
  9.545135572765E+001  3.159347653457E-034 -2.724059810826E-034  2.347544559506E-034
  9.847846711487E+001  2.319161198763E-035 -2.002212024245E-035  1.727754688349E-035
  1.016508690915E+002  1.496603489872E-036 -1.293700531342E-036  1.117809277444E-036
  1.049780104220E+002  8.419159750522E-038 -7.286714843950E-038  6.303982743322E-038
  1.084701206579E+002  4.091268398344E-039 -3.545237547222E-039  3.070898297310E-039
  1.121382888606E+002  1.700521235533E-040 -1.475306543158E-040  1.279460804654E-040
  1.159945517414E+002  5.981099509220E-042 -5.194966357562E-042  4.510659612651E-042
  1.200519925308E+002  1.759498350689E-043 -1.529962912373E-043  1.329961249696E-043
  1.243248520934E+002  4.274549752706E-045 -3.721017621772E-045  3.238239301566E-045
  1.288286540551E+002  8.458095693928E-047 -7.370762090248E-047  6.421511719239E-047
  1.335803459987E+002  1.342671980354E-048 -1.171298159570E-048  1.021547920286E-048
  1.385984591287E+002  1.681907607233E-050 -1.468746479220E-050  1.282311142623E-050
  1.439032892205E+002  1.632691186149E-052 -1.427202162075E-052  1.247315825537E-052
  1.495171021587E+002  1.204053281161E-054 -1.053546253362E-054  9.216756916940E-055
  1.554643679592E+002  6.599962029202E-057 -5.780503102778E-057  5.061895103318E-057
  1.617720278763E+002  2.625101390416E-059 -2.301317600735E-059  2.017142490195E-059
  1.684698000514E+002  7.377958797260E-062 -6.473856655738E-062  5.679698766549E-062
  1.755905301928E+002  1.422898526790E-064 -1.249647092490E-064  1.097341096876E-064
  1.831705950299E+002  1.822845872881E-067 -1.602287131060E-067  1.408239804231E-067
  1.912503678195E+002  1.496245385208E-070 -1.316317388872E-070  1.157894539777E-070
  1.998747570544E+002  7.559786158003E-074 -6.656183304933E-074  5.859978396848E-074
  2.090938318328E+002  2.248238210642E-077 -1.981101526415E-077  1.745541553530E-077
  2.189635501945E+002  3.743569008105E-081 -3.301335624945E-081  2.911094753890E-081
  2.295466102647E+002  3.299940146512E-085 -2.912327486468E-085  2.570044721307E-085
  2.409134484547E+002  1.445980292589E-089 -1.277079146968E-089  1.127827842856E-089
  2.531434144886E+002  2.933936957763E-094 -2.593095957564E-094  2.291706215472E-094
  2.663261599835E+002  2.544275061074E-099 -2.250274049621E-099  1.990132804089E-099
  2.805632861191E+002  8.610952977897E-105 -7.621094873168E-105  6.744679940889E-105
  2.959703071532E+002  1.025779566450E-110 -9.084611066139E-111  8.045235959843E-111
  3.126790009236E+002  3.822902600887E-117 -3.387841641965E-117  3.002169810507E-117
  3.308402360200E+002  3.894655918956E-124 -3.453568275252E-124  3.062324643702E-124
  3.506273893903E+002  9.288223045256E-132 -8.241234204206E-132  7.312028704051E-132
  3.722404996260E+002  4.335812732311E-140 -3.849306277572E-140  3.417291685794E-140
  3.959113426415E+002  3.219817445835E-149 -2.860139830235E-149  2.540577129361E-149
  4.219096715122E+002  2.988123854958E-159 -2.655770120148E-159  2.360330399873E-159
  4.505509359373E+002  2.613301019140E-170 -2.323855198390E-170  2.066428228687E-170
  4.822058963204E+002  1.545662644950E-182 -1.375162470363E-182  1.223449457524E-182
  5.173126831536E+002  4.177237206626E-196 -3.718263042328E-196  3.309670628657E-196
  5.563920392209E+002  3.236703251898E-211 -2.882422141543E-211  2.566887586154E-211
  6.000667421536E+002  4.117817134041E-228 -3.668745617331E-228  3.268612834612E-228
  6.490865708786E+002  4.396454339692E-247 -3.918691918246E-247  3.492815949977E-247
  7.043607010442E+002  1.745576965682E-268 -1.556531048135E-268  1.387948037767E-268
  7.670001674974E+002  9.532287782824E-293 -8.503318238826E-293  7.585372071718E-293
  8.383741345464E+002  0.000000000000E+000  0.000000000000E+000  0.000000000000E+000
  9.201853543213E+002  0.000000000000E+000  0.000000000000E+000  0.000000000000E+000
  1.014572672318E+003  0.000000000000E+000  0.000000000000E+000  0.000000000000E+000
  1.124252254996E+003  0.000000000000E+000  0.000000000000E+000  0.000000000000E+000
  1.252715205428E+003  0.000000000000E+000  0.000000000000E+000  0.000000000000E+000
  1.404508845568E+003  0.000000000000E+000  0.000000000000E+000  0.000000000000E+000
  1.585644739908E+003  0.000000000000E+000  0.000000000000E+000  0.000000000000E+000
  1.804203189488E+003  0.000000000000E+000  0.000000000000E+000  0.000000000000E+000
  2.071250249814E+003  0.000000000000E+000  0.000000000000E+000  0.000000000000E+000
  2.402266552340E+003  0.000000000000E+000  0.000000000000E+000  0.000000000000E+000
  2.819442449497E+003  0.000000000000E+000  0.000000000000E+000  0.000000000000E+000
  3.355496240167E+003  0.000000000000E+000  0.000000000000E+000  0.000000000000E+000
  4.060290442982E+003  0.000000000000E+000  0.000000000000E+000  0.000000000000E+000
  5.012860622227E+003  0.000000000000E+000  0.000000000000E+000  0.000000000000E+000
  6.344578802016E+003  0.000000000000E+000  0.000000000000E+000  0.000000000000E+000
  8.287000878586E+003  0.000000000000E+000  0.000000000000E+000  0.000000000000E+000
  1.127976970933E+004  0.000000000000E+000  0.000000000000E+000  0.000000000000E+000
  1.624316171036E+004  0.000000000000E+000  0.000000000000E+000  0.000000000000E+000
  2.538031516868E+004  0.000000000000E+000  0.000000000000E+000  0.000000000000E+000
  4.512107881524E+004  0.000000000000E+000  0.000000000000E+000  0.000000000000E+000
  1.015232606647E+005  0.000000000000E+000  0.000000000000E+000  0.000000000000E+000
  4.060950426526E+005  0.000000000000E+000  0.000000000000E+000  0.000000000000E+000
