# 1st line: number of mesh points
# abcissa wavefunction wavefunction_1st wavefunction_2nd
1000
# Principal QN=   4 , l=   0 , Occupation=   2.0000
  2.462477732966E-006  1.870683939878E+001 -7.500741874662E+002  2.658722173825E+004
  9.849959442330E-006  1.870129896487E+001 -7.498778043369E+002  2.657923979241E+004
  2.216259066178E-005  1.869206801038E+001 -7.495506258289E+002  2.656594261005E+004
  3.940061395432E-005  1.867915118534E+001 -7.490928418557E+002  2.654733927467E+004
  6.156436892224E-005  1.866255499364E+001 -7.485047180008E+002  2.652344248812E+004
  8.865429222131E-005  1.864228778697E+001 -7.477865952228E+002  2.649426855552E+004
  1.206709175794E-004  1.861835975699E+001 -7.469388894776E+002  2.645983736594E+004
  1.576148758184E-004  1.859078292575E+001 -7.459620912565E+002  2.642017236892E+004
  1.994868948811E-004  1.855957113452E+001 -7.448567650442E+002  2.637530054667E+004
  2.462877998613E-004  1.852474003079E+001 -7.436235486937E+002  2.632525238227E+004
  2.980185130383E-004  1.848630705372E+001 -7.422631527222E+002  2.627006182366E+004
  3.546800539158E-004  1.844429141788E+001 -7.407763595276E+002  2.620976624365E+004
  4.162735392647E-004  1.839871409542E+001 -7.391640225272E+002  2.614440639596E+004
  4.828001831694E-004  1.834959779664E+001 -7.374270652201E+002  2.607402636732E+004
  5.542612970792E-004  1.829696694894E+001 -7.355664801746E+002  2.599867352577E+004
  6.306582898628E-004  1.824084767433E+001 -7.335833279423E+002  2.591839846523E+004
  7.119926678676E-004  1.818126776542E+001 -7.314787359012E+002  2.583325494636E+004
  7.982660349828E-004  1.811825665987E+001 -7.292538970279E+002  2.574329983393E+004
  8.894800927067E-004  1.805184541352E+001 -7.269100686037E+002  2.564859303065E+004
  9.856366402179E-004  1.798206667212E+001 -7.244485708535E+002  2.554919740772E+004
  1.086737574451E-003  1.790895464166E+001 -7.218707855224E+002  2.544517873203E+004
  1.192784890174E-003  1.783254505746E+001 -7.191781543901E+002  2.533660559035E+004
  1.303780680078E-003  1.775287515200E+001 -7.163721777270E+002  2.522354931039E+004
  1.419727134858E-003  1.766998362154E+001 -7.134544126935E+002  2.510608387904E+004
  1.540626543307E-003  1.758391059159E+001 -7.104264716856E+002  2.498428585780E+004
  1.666481292416E-003  1.749469758125E+001 -7.072900206289E+002  2.485823429563E+004
  1.797293867468E-003  1.740238746655E+001 -7.040467772237E+002  2.472801063922E+004
  1.933066852148E-003  1.730702444275E+001 -7.006985091447E+002  2.459369864099E+004
  2.073802928647E-003  1.720865398572E+001 -6.972470321968E+002  2.445538426484E+004
  2.219504877777E-003  1.710732281240E+001 -6.936942084311E+002  2.431315558980E+004
  2.370175579090E-003  1.700307884042E+001 -6.900419442227E+002  2.416710271176E+004
  2.525818010992E-003  1.689597114705E+001 -6.862921883150E+002  2.401731764352E+004
  2.686435250879E-003  1.678604992724E+001 -6.824469298314E+002  2.386389421305E+004
  2.852030475254E-003  1.667336645120E+001 -6.785081962589E+002  2.370692796045E+004
  3.022606959872E-003  1.655797302121E+001 -6.744780514066E+002  2.354651603348E+004
  3.198168079872E-003  1.643992292804E+001 -6.703585933405E+002  2.338275708201E+004
  3.378717309917E-003  1.631927040673E+001 -6.661519523003E+002  2.321575115143E+004
  3.564258224347E-003  1.619607059208E+001 -6.618602885993E+002  2.304559957523E+004
  3.754794497325E-003  1.607037947371E+001 -6.574857905105E+002  2.287240486689E+004
  3.950329902993E-003  1.594225385083E+001 -6.530306721435E+002  2.269627061130E+004
  4.150868315631E-003  1.581175128674E+001 -6.484971713140E+002  2.251730135576E+004
  4.356413709820E-003  1.567893006323E+001 -6.438875474093E+002  2.233560250079E+004
  4.566970160612E-003  1.554384913473E+001 -6.392040792522E+002  2.215128019092E+004
  4.782541843700E-003  1.540656808251E+001 -6.344490629687E+002  2.196444120556E+004
  5.003133035593E-003  1.526714706880E+001 -6.296248098585E+002  2.177519285016E+004
  5.228748113801E-003  1.512564679096E+001 -6.247336442759E+002  2.158364284777E+004
  5.459391557015E-003  1.498212843580E+001 -6.197779015194E+002  2.138989923119E+004
  5.695067945303E-003  1.483665363405E+001 -6.147599257371E+002  2.119407023581E+004
  5.935781960296E-003  1.468928441498E+001 -6.096820678473E+002  2.099626419338E+004
  6.181538385392E-003  1.454008316135E+001 -6.045466834796E+002  2.079658942673E+004
  6.432342105956E-003  1.438911256472E+001 -5.993561309372E+002  2.059515414569E+004
  6.688198109528E-003  1.423643558102E+001 -5.941127691848E+002  2.039206634425E+004
  6.949111486034E-003  1.408211538661E+001 -5.888189558636E+002  2.018743369924E+004
  7.215087428003E-003  1.392621533485E+001 -5.834770453357E+002  1.998136347050E+004
  7.486131230784E-003  1.376879891310E+001 -5.780893867617E+002  1.977396240277E+004
  7.762248292776E-003  1.360992970033E+001 -5.726583222122E+002  1.956533662935E+004
  8.043444115654E-003  1.344967132534E+001 -5.671861848163E+002  1.935559157782E+004
  8.329724304602E-003  1.328808742561E+001 -5.616752969498E+002  1.914483187765E+004
  8.621094568555E-003  1.312524160687E+001 -5.561279684638E+002  1.893316127008E+004
  8.917560720438E-003  1.296119740335E+001 -5.505464949569E+002  1.872068252028E+004
  9.219128677417E-003  1.279601823885E+001 -5.449331560923E+002  1.850749733177E+004
  9.525804461149E-003  1.262976738856E+001 -5.392902139616E+002  1.829370626348E+004
  9.837594198038E-003  1.246250794173E+001 -5.336199114977E+002  1.807940864920E+004
  1.015450411950E-002  1.229430276524E+001 -5.279244709367E+002  1.786470251979E+004
  1.047654056222E-002  1.212521446798E+001 -5.222060923329E+002  1.764968452809E+004
  1.080370996845E-002  1.195530536626E+001 -5.164669521252E+002  1.743444987664E+004
  1.113601888623E-002  1.178463745003E+001 -5.107092017588E+002  1.721909224825E+004
  1.147347396972E-002  1.161327235021E+001 -5.049349663618E+002  1.700370373955E+004
  1.181608197948E-002  1.144127130688E+001 -4.991463434781E+002  1.678837479749E+004
  1.216384978272E-002  1.126869513857E+001 -4.933454018582E+002  1.657319415899E+004
  1.251678435364E-002  1.109560421252E+001 -4.875341803074E+002  1.635824879356E+004
  1.287489277369E-002  1.092205841598E+001 -4.817146865930E+002  1.614362384919E+004
  1.323818223191E-002  1.074811712860E+001 -4.758888964115E+002  1.592940260130E+004
  1.360666002522E-002  1.057383919583E+001 -4.700587524150E+002  1.571566640503E+004
  1.398033355872E-002  1.039928290341E+001 -4.642261632981E+002  1.550249465068E+004
  1.435921034603E-002  1.022450595293E+001 -4.583930029450E+002  1.528996472237E+004
  1.474329800963E-002  1.004956543848E+001 -4.525611096380E+002  1.507815196012E+004
  1.513260428113E-002  9.874517824381E+000 -4.467322853258E+002  1.486712962500E+004
  1.552713700165E-002  9.699418923938E+000 -4.409082949529E+002  1.465696886774E+004
  1.592690412217E-002  9.524323879364E+000 -4.350908658489E+002  1.444773870049E+004
  1.633191370382E-002  9.349287142719E+000 -4.292816871783E+002  1.423950597192E+004
  1.674217391826E-002  9.174362457924E+000 -4.234824094503E+002  1.403233534551E+004
  1.715769304806E-002  8.999602843855E+000 -4.176946440865E+002  1.382628928108E+004
  1.757847948698E-002  8.825060578475E+000 -4.119199630488E+002  1.362142801959E+004
  1.800454174044E-002  8.650787184012E+000 -4.061598985243E+002  1.341780957101E+004
  1.843588842578E-002  8.476833413171E+000 -4.004159426671E+002  1.321548970538E+004
  1.887252827273E-002  8.303249236354E+000 -3.946895473973E+002  1.301452194699E+004
  1.931447012370E-002  8.130083829887E+000 -3.889821242544E+002  1.281495757155E+004
  1.976172293425E-002  7.957385565229E+000 -3.832950443053E+002  1.261684560642E+004
  2.021429577341E-002  7.785201999140E+000 -3.776296381056E+002  1.242023283373E+004
  2.067219782411E-002  7.613579864807E+000 -3.719871957124E+002  1.222516379645E+004
  2.113543838356E-002  7.442565063880E+000 -3.663689667480E+002  1.203168080721E+004
  2.160402686371E-002  7.272202659423E+000 -3.607761605130E+002  1.183982396001E+004
  2.207797279156E-002  7.102536869738E+000 -3.552099461471E+002  1.164963114442E+004
  2.255728580967E-002  6.933611063043E+000 -3.496714528363E+002  1.146113806261E+004
  2.304197567655E-002  6.765467752993E+000 -3.441617700653E+002  1.127437824875E+004
  2.353205226706E-002  6.598148594986E+000 -3.386819479127E+002  1.108938309098E+004
  2.402752557287E-002  6.431694383264E+000 -3.332329973881E+002  1.090618185567E+004
  2.452840570292E-002  6.266145048757E+000 -3.278158908099E+002  1.072480171405E+004
  2.503470288379E-002  6.101539657651E+000 -3.224315622199E+002  1.054526777097E+004
  2.554642746023E-002  5.937916410651E+000 -3.170809078359E+002  1.036760309581E+004
  2.606358989558E-002  5.775312642909E+000 -3.117647865379E+002  1.019182875538E+004
  2.658620077221E-002  5.613764824587E+000 -3.064840203883E+002  1.001796384878E+004
  2.711427079202E-002  5.453308562029E+000 -3.012393951821E+002  9.846025544036E+003
  2.764781077690E-002  5.293978599509E+000 -2.960316610271E+002  9.676029116478E+003
  2.818683166921E-002  5.135808821521E+000 -2.908615329512E+002  9.507987988773E+003
  2.873134453224E-002  4.978832255596E+000 -2.857296915352E+002  9.341913772446E+003
  2.928136055074E-002  4.823081075595E+000 -2.806367835689E+002  9.177816310837E+003
  2.983689103139E-002  4.668586605464E+000 -2.755834227295E+002  9.015703723387E+003
  3.039794740329E-002  4.515379323418E+000 -2.705701902790E+002  8.855582451131E+003
  3.096454121851E-002  4.363488866518E+000 -2.655976357805E+002  8.697457303321E+003
  3.153668415253E-002  4.212944035620E+000 -2.606662778293E+002  8.541331505047E+003
  3.211438800486E-002  4.063772800663E+000 -2.557766047994E+002  8.387206745784E+003
  3.269766469947E-002  3.916002306265E+000 -2.509290756013E+002  8.235083228735E+003
  3.328652628537E-002  3.769658877610E+000 -2.461241204512E+002  8.084959720889E+003
  3.388098493714E-002  3.624768026582E+000 -2.413621416479E+002  7.936833603680E+003
  3.448105295547E-002  3.481354458133E+000 -2.366435143576E+002  7.790700924158E+003
  3.508674276771E-002  3.339442076857E+000 -2.319685874034E+002  7.646556446557E+003
  3.569806692844E-002  3.199053993737E+000 -2.273376840580E+002  7.504393704188E+003
  3.631503812000E-002  3.060212533048E+000 -2.227511028390E+002  7.364205051529E+003
  3.693766915309E-002  2.922939239391E+000 -2.182091183033E+002  7.225981716450E+003
  3.756597296732E-002  2.787254884827E+000 -2.137119818415E+002  7.089713852450E+003
  3.819996263183E-002  2.653179476110E+000 -2.092599224677E+002  6.955390590846E+003
  3.883965134583E-002  2.520732261968E+000 -2.048531476064E+002  6.823000092800E+003
  3.948505243923E-002  2.389931740438E+000 -2.004918438725E+002  6.692529601109E+003
  4.013617937323E-002  2.260795666223E+000 -1.961761778445E+002  6.563965491675E+003
  4.079304574093E-002  2.133341058055E+000 -1.919062968291E+002  6.437293324578E+003
  4.145566526792E-002  2.007584206052E+000 -1.876823296156E+002  6.312497894653E+003
  4.212405181296E-002  1.883540679039E+000 -1.835043872197E+002  6.189563281526E+003
  4.279821936853E-002  1.761225331840E+000 -1.793725636148E+002  6.068472899008E+003
  4.347818206155E-002  1.640652312509E+000 -1.752869364501E+002  5.949209543795E+003
  4.416395415396E-002  1.521835069493E+000 -1.712475677539E+002  5.831755443396E+003
  4.485555004336E-002  1.404786358717E+000 -1.672545046225E+002  5.716092303234E+003
  4.555298426375E-002  1.289518250583E+000 -1.633077798919E+002  5.602201352853E+003
  4.625627148608E-002  1.176042136864E+000 -1.594074127932E+002  5.490063391175E+003
  4.696542651902E-002  1.064368737499E+000 -1.555534095895E+002  5.379658830751E+003
  4.768046430958E-002  9.545081072663E-001 -1.517457641950E+002  5.270967740965E+003
  4.840139994379E-002  8.464696423419E-001 -1.479844587745E+002  5.163969890125E+003
  4.912824864743E-002  7.402620867317E-001 -1.442694643228E+002  5.058644786415E+003
  4.986102578670E-002  6.358935385743E-001 -1.406007412248E+002  4.954971717658E+003
  5.059974686895E-002  5.333714563133E-001 -1.369782397941E+002  4.852929789854E+003
  5.134442754336E-002  4.327026647351E-001 -1.334019007910E+002  4.752497964459E+003
  5.209508360169E-002  3.338933608738E-001 -1.298716559188E+002  4.653655094372E+003
  5.285173097899E-002  2.369491197808E-001 -1.263874282987E+002  4.556379958618E+003
  5.361438575437E-002  1.418749001627E-001 -1.229491329228E+002  4.460651295674E+003
  5.438306415168E-002  4.867504988701E-002 -1.195566770855E+002  4.366447835451E+003
  5.515778254035E-002 -4.264668863869E-002 -1.162099607922E+002  4.273748329887E+003
  5.593855743605E-002 -1.320871732131E-001 -1.129088771467E+002  4.182531582158E+003
  5.672540550155E-002 -2.196438567066E-001 -1.096533127165E+002  4.092776474485E+003
  5.751834354743E-002 -3.053147820414E-001 -1.064431478761E+002  4.004461994531E+003
  5.831738853289E-002 -3.890985772798E-001 -1.032782571285E+002  3.917567260389E+003
  5.912255756656E-002 -4.709944508144E-001 -1.001585094062E+002  3.832071544156E+003
  5.993386790726E-002 -5.510021866530E-001 -9.708376834965E+001  3.747954294095E+003
  6.075133696481E-002 -6.291221397889E-001 -9.405389256607E+001  3.665195155394E+003
  6.157498230090E-002 -7.053552316505E-001 -9.106873586704E+001  3.583773989522E+003
  6.240482162984E-002 -7.797029456189E-001 -8.812814748643E+001  3.503670892201E+003
  6.324087281946E-002 -8.521673226058E-001 -8.523197227849E+001  3.424866210003E+003
  6.408315389190E-002 -9.227509566801E-001 -8.238005089698E+001  3.347340555587E+003
  6.493168302447E-002 -9.914569907354E-001 -7.957221995560E+001  3.271074821598E+003
  6.578647855056E-002 -1.058289112185E+000 -7.680831217050E+001  3.196050193243E+003
  6.664755896041E-002 -1.123251548678E+000 -7.408815648526E+001  3.122248159575E+003
  6.751494290207E-002 -1.186349063818E+000 -7.141157817920E+001  3.049650523499E+003
  6.838864918226E-002 -1.247586952882E+000 -6.877839895945E+001  2.978239410541E+003
  6.926869676725E-002 -1.306971038525E+000 -6.618843703768E+001  2.907997276393E+003
  7.015510478375E-002 -1.364507666452E+000 -6.364150719201E+001  2.838906913284E+003
  7.104789251987E-002 -1.420203701061E+000 -6.113742081493E+001  2.770951455187E+003
  7.194707942599E-002 -1.474066521031E+000 -5.867598594798E+001  2.704114381917E+003
  7.285268511573E-002 -1.526104014850E+000 -5.625700730393E+001  2.638379522145E+003
  7.376472936684E-002 -1.576324576277E+000 -5.388028627717E+001  2.573731055362E+003
  7.468323212221E-002 -1.624737099713E+000 -5.154562094326E+001  2.510153512841E+003
  7.560821349078E-002 -1.671350975489E+000 -4.925280604822E+001  2.447631777630E+003
  7.653969374850E-002 -1.716176085044E+000 -4.700163298854E+001  2.386151083613E+003
  7.747769333938E-002 -1.759222795990E+000 -4.479188978261E+001  2.325697013694E+003
  7.842223287637E-002 -1.800501957055E+000 -4.262336103445E+001  2.266255497122E+003
  7.937333314243E-002 -1.840024892893E+000 -4.049582789040E+001  2.207812806027E+003
  8.033101509154E-002 -1.877803398752E+000 -3.840906798976E+001  2.150355551187E+003
  8.129529984966E-002 -1.913849734989E+000 -3.636285541004E+001  2.093870677084E+003
  8.226620871580E-002 -1.948176621428E+000 -3.435696060758E+001  2.038345456288E+003
  8.324376316303E-002 -1.980797231552E+000 -3.239115035447E+001  1.983767483202E+003
  8.422798483957E-002 -2.011725186517E+000 -3.046518767239E+001  1.930124667235E+003
  8.521889556978E-002 -2.040974548987E+000 -2.857883176411E+001  1.877405225426E+003
  8.621651735528E-002 -2.068559816786E+000 -2.673183794351E+001  1.825597674569E+003
  8.722087237602E-002 -2.094495916351E+000 -2.492395756474E+001  1.774690822888E+003
  8.823198299134E-002 -2.118798195991E+000 -2.315493795120E+001  1.724673761291E+003
  8.924987174107E-002 -2.141482418942E+000 -2.142452232508E+001  1.675535854267E+003
  9.027456134670E-002 -2.162564756223E+000 -1.973244973808E+001  1.627266730444E+003
  9.130607471240E-002 -2.182061779270E+000 -1.807845500393E+001  1.579856272863E+003
  9.234443492626E-002 -2.199990452374E+000 -1.646226863332E+001  1.533294609011E+003
  9.338966526132E-002 -2.216368124895E+000 -1.488361677187E+001  1.487572100640E+003
  9.444178917683E-002 -2.231212523268E+000 -1.334222114158E+001  1.442679333424E+003
  9.550083031933E-002 -2.244541742789E+000 -1.183779898641E+001  1.398607106482E+003
  9.656681252387E-002 -2.256374239195E+000 -1.037006302240E+001  1.355346421810E+003
  9.763975981519E-002 -2.266728820021E+000 -8.938721392819E+000  1.312888473655E+003
  9.871969640891E-002 -2.275624635751E+000 -7.543477628815E+000  1.271224637869E+003
  9.980664671274E-002 -2.283081170761E+000 -6.184030615884E+000  1.230346461266E+003
  1.009006353277E-001 -2.289118234048E+000 -4.860074566638E+000  1.190245651031E+003
  1.020016870494E-001 -2.293755949761E+000 -3.571299000137E+000  1.150914064197E+003
  1.031098268692E-001 -2.297014747535E+000 -2.317388728122E+000  1.112343697227E+003
  1.042250799756E-001 -2.298915352622E+000 -1.098023848436E+000  1.074526675726E+003
  1.053474717553E-001 -2.299478775839E+000  8.712025414473E-002  1.037455244314E+003
  1.064770277946E-001 -2.298726303337E+000  1.238372899428E+000  1.001121756683E+003
  1.076137738809E-001 -2.296679486180E+000  2.356068095510E+000  9.655186658530E+002
  1.087577360036E-001 -2.293360129767E+000  3.440544514503E+000  9.306385146724E+002
  1.099089403557E-001 -2.288790283088E+000  4.492145460176E+000  8.964739265574E+002
  1.110674133350E-001 -2.282992227818E+000  5.511218827414E+000  8.630175965082E+002
  1.122331815458E-001 -2.275988467279E+000  6.498117053437E+000  8.302622824114E+002
  1.134062717995E-001 -2.267801715256E+000  7.453197060760E+000  7.982007966495E+002
  1.145867111168E-001 -2.258454884687E+000  8.376820191881E+000  7.668259980291E+002
  1.157745267286E-001 -2.247971076237E+000  9.269352135740E+000  7.361307840441E+002
  1.169697460775E-001 -2.236373566763E+000  1.013116284600E+001  7.061080834847E+002
  1.181723968193E-001 -2.223685797686E+000  1.096262645124E+001  6.767508494032E+002
  1.193825068243E-001 -2.209931363270E+000  1.176412115716E+001  6.480520524459E+002
  1.206001041787E-001 -2.195133998836E+000  1.253602914094E+001  6.200046745593E+002
  1.218252171865E-001 -2.179317568897E+000  1.327873643794E+001  5.926017030762E+002
  1.230578743703E-001 -2.162506055262E+000  1.399263282084E+001  5.658361251876E+002
  1.242981044731E-001 -2.144723545078E+000  1.467811167160E+001  5.397009228039E+002
  1.255459364600E-001 -2.125994218858E+000  1.533556984618E+001  5.141890678082E+002
  1.268013995194E-001 -2.106342338487E+000  1.596540753261E+001  4.892935177022E+002
  1.280645230647E-001 -2.085792235224E+000  1.656802810240E+001  4.650072116455E+002
  1.293353367356E-001 -2.064368297714E+000  1.714383795571E+001  4.413230668867E+002
  1.306138704000E-001 -2.042094960012E+000  1.769324636052E+001  4.182339755841E+002
  1.319001541553E-001 -2.018996689656E+000  1.821666528617E+001  3.957328020131E+002
  1.331942183303E-001 -1.995097975761E+000  1.871450923153E+001  3.738123801544E+002
  1.344960934863E-001 -1.970423317191E+000  1.918719504822E+001  3.524655116596E+002
  1.358058104191E-001 -1.944997210785E+000  1.963514175911E+001  3.316849641863E+002
  1.371234001607E-001 -1.918844139670E+000  2.005877037259E+001  3.114634700963E+002
  1.384488939805E-001 -1.891988561661E+000  2.045850369289E+001  2.917937255075E+002
  1.397823233874E-001 -1.864454897773E+000  2.083476612688E+001  2.726683896926E+002
  1.411237201313E-001 -1.836267520835E+000  2.118798348767E+001  2.540800848133E+002
  1.424731162050E-001 -1.807450744241E+000  2.151858279547E+001  2.360213959800E+002
  1.438305438454E-001 -1.778028810830E+000  2.182699207599E+001  2.184848716264E+002
  1.451960355357E-001 -1.748025881920E+000  2.211364015695E+001  2.014630241874E+002
  1.465696240072E-001 -1.717466026491E+000  2.237895646285E+001  1.849483310678E+002
  1.479513422405E-001 -1.686373210541E+000  2.262337080862E+001  1.689332358892E+002
  1.493412234681E-001 -1.654771286621E+000  2.284731319240E+001  1.534101500031E+002
  1.507393011753E-001 -1.622683983546E+000  2.305121358787E+001  1.383714542555E+002
  1.521456091027E-001 -1.590134896312E+000  2.323550173652E+001  1.238095009901E+002
  1.535601812478E-001 -1.557147476208E+000  2.340060694029E+001  1.097166162762E+002
  1.549830518669E-001 -1.523745021145E+000  2.354695785479E+001  9.608510234665E+001
  1.564142554766E-001 -1.489950666200E+000  2.367498228371E+001  8.290724023202E+001
  1.578538268564E-001 -1.455787374387E+000  2.378510697452E+001  7.017529257649E+001
  1.593018010499E-001 -1.421277927662E+000  2.387775741601E+001  5.788150662058E+001
  1.607582133673E-001 -1.386444918162E+000  2.395335763792E+001  4.601811733659E+001
  1.622230993867E-001 -1.351310739696E+000  2.401233001295E+001  3.457735070212E+001
  1.636964949568E-001 -1.315897579481E+000  2.405509506163E+001  2.355142709719E+001
  1.651784361984E-001 -1.280227410133E+000  2.408207126011E+001  1.293256481065E+001
  1.666689595063E-001 -1.244321981917E+000  2.409367485142E+001  2.712983641698E+000
  1.681681015517E-001 -1.208202815263E+000  2.409031966030E+001 -7.115091417502E+000
  1.696758992842E-001 -1.171891193541E+000  2.407241691194E+001 -1.655942643191E+001
  1.711923899335E-001 -1.135408156117E+000  2.404037505495E+001 -2.562777471994E+001
  1.727176110118E-001 -1.098774491668E+000  2.399459958860E+001 -3.432787300927E+001
  1.742516003158E-001 -1.062010731776E+000  2.393549289483E+001 -4.266743756508E+001
  1.757943959287E-001 -1.025137144800E+000  2.386345407497E+001 -5.065416030327E+001
  1.773460362227E-001 -9.881737300182E-001  2.377887879163E+001 -5.829570490102E+001
  1.789065598608E-001 -9.511402120486E-001  2.368215911564E+001 -6.559970291624E+001
  1.804760057990E-001 -9.140560355483E-001  2.357368337858E+001 -7.257374992766E+001
  1.820544132889E-001 -8.769403601857E-001  2.345383603062E+001 -7.922540170627E+001
  1.836418218792E-001 -8.398120558896E-001  2.332299750421E+001 -8.556217042873E+001
  1.852382714189E-001 -8.026896983719E-001  2.318154408346E+001 -9.159152094275E+001
  1.868438020586E-001 -7.655915649229E-001  2.302984777945E+001 -9.732086709414E+001
  1.884584542535E-001 -7.285356304768E-001  2.286827621146E+001 -1.027575681243E+002
  1.900822687655E-001 -6.915395639449E-001  2.269719249435E+001 -1.079089251470E+002
  1.917152866652E-001 -6.546207248146E-001  2.251695513195E+001 -1.127821777122E+002
  1.933575493349E-001 -6.177961600093E-001  2.232791791664E+001 -1.173845004650E+002
  1.950090984705E-001 -5.810826010083E-001  2.213042983516E+001 -1.217229999055E+002
  1.966699760840E-001 -5.444964612195E-001  2.192483498048E+001 -1.258047112572E+002
  1.983402245061E-001 -5.080538336045E-001  2.171147247003E+001 -1.296365954500E+002
  2.000198863884E-001 -4.717704885488E-001  2.149067636995E+001 -1.332255362213E+002
  2.017090047061E-001 -4.356618719738E-001  2.126277562559E+001 -1.365783373425E+002
  2.034076227605E-001 -3.997431036852E-001  2.102809399809E+001 -1.397017199734E+002
  2.051157841813E-001 -3.640289759537E-001  2.078695000699E+001 -1.426023201497E+002
  2.068335329293E-001 -3.285339523208E-001  2.053965687889E+001 -1.452866864051E+002
  2.085609132993E-001 -2.932721666255E-001  2.028652250195E+001 -1.477612775328E+002
  2.102979699219E-001 -2.582574222463E-001  2.002784938628E+001 -1.500324604871E+002
  2.120447477670E-001 -2.235031915517E-001  1.976393463003E+001 -1.521065084284E+002
  2.138012921459E-001 -1.890226155533E-001  1.949506989111E+001 -1.539895989106E+002
  2.155676487143E-001 -1.548285037570E-001  1.922154136440E+001 -1.556878122150E+002
  2.173438634747E-001 -1.209333342034E-001  1.894362976441E+001 -1.572071298277E+002
  2.191299827795E-001 -8.734925369323E-002  1.866161031305E+001 -1.585534330633E+002
  2.209260533334E-001 -5.408807819042E-002  1.837575273266E+001 -1.597325018326E+002
  2.227321221965E-001 -2.116129339689E-002  1.808632124392E+001 -1.607500135548E+002
  2.245482367870E-001  1.141994450785E-002  1.779357456853E+001 -1.616115422114E+002
  2.263744448840E-001  4.364480796840E-002  1.749776593664E+001 -1.623225575423E+002
  2.282107946304E-001  7.550279700309E-002  1.719914309870E+001 -1.628884243804E+002
  2.300573345358E-001  1.069837380078E-001  1.689794834159E+001 -1.633144021227E+002
  2.319141134796E-001  1.380777824206E-001  1.659441850895E+001 -1.636056443371E+002
  2.337811807137E-001  1.687754052530E-001  1.628878502550E+001 -1.637671984989E+002
  2.356585858657E-001  1.990674034953E-001  1.598127392501E+001 -1.638040058572E+002
  2.375463789419E-001  2.289448944001E-001  1.567210588206E+001 -1.637209014255E+002
  2.394446103301E-001  2.583993136528E-001  1.536149624705E+001 -1.635226140937E+002
  2.413533308032E-001  2.874224134323E-001  1.504965508462E+001 -1.632137668579E+002
  2.432725915217E-001  3.160062603700E-001  1.473678721496E+001 -1.627988771634E+002
  2.452024440374E-001  3.441432334114E-001  1.442309225813E+001 -1.622823573580E+002
  2.471429402963E-001  3.718260215863E-001  1.410876468100E+001 -1.616685152489E+002
  2.490941326418E-001  3.990476216935E-001  1.379399384671E+001 -1.609615547615E+002
  2.510560738180E-001  4.258013359049E-001  1.347896406650E+001 -1.601655766934E+002
  2.530288169732E-001  4.520807692932E-001  1.316385465363E+001 -1.592845795605E+002
  2.550124156627E-001  4.778798272904E-001  1.284883997934E+001 -1.583224605285E+002
  2.570069238527E-001  5.031927130792E-001  1.253408953061E+001 -1.572830164278E+002
  2.590123959233E-001  5.280139249240E-001  1.221976796947E+001 -1.561699448437E+002
  2.610288866721E-001  5.523382534448E-001  1.190603519394E+001 -1.549868452801E+002
  2.630564513176E-001  5.761607788380E-001  1.159304640009E+001 -1.537372203893E+002
  2.650951455027E-001  5.994768680491E-001  1.128095214547E+001 -1.524244772645E+002
  2.671450252982E-001  6.222821718998E-001  1.096989841333E+001 -1.510519287904E+002
  2.692061472063E-001  6.445726221748E-001  1.066002667784E+001 -1.496227950449E+002
  2.712785681644E-001  6.663444286690E-001  1.035147396994E+001 -1.481402047503E+002
  2.733623455485E-001  6.875940762019E-001  1.004437294383E+001 -1.466071967666E+002
  2.754575371771E-001  7.083183215981E-001  9.738851943850E+000 -1.450267216237E+002
  2.775642013146E-001  7.285141906405E-001  9.435035071668E+000 -1.434016430877E+002
  2.796823966754E-001  7.481789749959E-001  9.133042253722E+000 -1.417347397559E+002
  2.818121824272E-001  7.673102291172E-001  8.832989308686E+000 -1.400287066783E+002
  2.839536181956E-001  7.859057671227E-001  8.534988014940E+000 -1.382861569989E+002
  2.861067640671E-001  8.039636596570E-001  8.239146177894E+000 -1.365096236143E+002
  2.882716805935E-001  8.214822307321E-001  7.945567697097E+000 -1.347015608452E+002
  2.904484287958E-001  8.384600545531E-001  7.654352633021E+000 -1.328643461166E+002
  2.926370701682E-001  8.548959523284E-001  7.365597273453E+000 -1.310002816436E+002
  2.948376666818E-001  8.707889890665E-001  7.079394199405E+000 -1.291115961193E+002
  2.970502807892E-001  8.861384703593E-001  6.795832350478E+000 -1.272004463999E+002
  2.992749754281E-001  9.009439391547E-001  6.514997089607E+000 -1.252689191867E+002
  3.015118140259E-001  9.152051725177E-001  6.236970267141E+000 -1.233190326986E+002
  3.037608605035E-001  9.289221783812E-001  5.961830284191E+000 -1.213527383351E+002
  3.060221792797E-001  9.420951922877E-001  5.689652155200E+000 -1.193719223248E+002
  3.082958352758E-001  9.547246741207E-001  5.420507569705E+000 -1.173784073583E+002
  3.105818939192E-001  9.668113048282E-001  5.154464953242E+000 -1.153739542028E+002
  3.128804211487E-001  9.783559831365E-001  4.891589527368E+000 -1.133602632958E+002
  3.151914834180E-001  9.893598222557E-001  4.631943368777E+000 -1.113389763159E+002
  3.175151477009E-001  9.998241465757E-001  4.375585467479E+000 -1.093116777290E+002
  3.198514814953E-001  1.009750488355E+000  4.122571784049E+000 -1.072798963088E+002
  3.222005528283E-001  1.019140584397E+000  3.872955305901E+000 -1.052451066286E+002
  3.245624302601E-001  1.027996372721E+000  3.626786102622E+000 -1.032087305240E+002
  3.269371828894E-001  1.036319989223E+000  3.384111380324E+000 -1.011721385257E+002
  3.293248803576E-001  1.044113764319E+000  3.144975535042E+000 -9.913665125988E+001
  3.317255928537E-001  1.051380219593E+000  2.909420205184E+000 -9.710354081642E+001
  3.341393911192E-001  1.058122064417E+000  2.677484323017E+000 -9.507403208409E+001
  3.365663464529E-001  1.064342192572E+000  2.449204165242E+000 -9.304930405145E+001
  3.390065307159E-001  1.070043678852E+000  2.224613402637E+000 -9.103049107347E+001
  3.414600163363E-001  1.075229775656E+000  2.003743148808E+000 -8.901868410342E+001
  3.439268763145E-001  1.079903909568E+000  1.786622008070E+000 -8.701493188970E+001
  3.464071842282E-001  1.084069677924E+000  1.573276122469E+000 -8.502024213760E+001
  3.489010142374E-001  1.087730845365E+000  1.363729217988E+000 -8.303558263593E+001
  3.514084410898E-001  1.090891340375E+000  1.158002649953E+000 -8.106188234870E+001
  3.539295401259E-001  1.093555251802E+000  9.561154476765E-001 -7.910003247202E+001
  3.564643872842E-001  1.095726825373E+000  7.580843583703E-001 -7.715088745656E+001
  3.590130591069E-001  1.097410460183E+000  5.639238903566E-001 -7.521526599610E+001
  3.615756327448E-001  1.098610705173E+000  3.736463556158E-001 -7.329395198240E+001
  3.641521859632E-001  1.099332255594E+000  1.872619117053E-001 -7.138769542736E+001
  3.667427971473E-001  1.099579949449E+000  4.778603084928E-003 -6.949721335277E+001
  3.693475453076E-001  1.099358763930E+000 -1.737975981144E-001 -6.762319064859E+001
  3.719665100860E-001  1.098673811822E+000 -3.484627518418E-001 -6.576628090056E+001
  3.745997717609E-001  1.097530337907E+000 -5.192149103615E-001 -6.392710718786E+001
  3.772474112534E-001  1.095933715342E+000 -6.860540789331E-001 -6.210626285182E+001
  3.799095101331E-001  1.093889442025E+000 -8.489821769039E-001 -6.030431223661E+001
  3.825861506238E-001  1.091403136942E+000 -1.008002999174E+000 -5.852179140288E+001
  3.852774156096E-001  1.088480536505E+000 -1.163122178003E+000 -5.675920881536E+001
  3.879833886411E-001  1.085127490866E+000 -1.314347145116E+000 -5.501704600547E+001
  3.907041539409E-001  1.081349960223E+000 -1.461687094092E+000 -5.329575821008E+001
  3.934397964105E-001  1.077154011111E+000 -1.605152942975E+000 -5.159577498731E+001
  3.961904016361E-001  1.072545812678E+000 -1.744757297109E+000 -4.991750081074E+001
  3.989560558949E-001  1.067531632950E+000 -1.880514412141E+000 -4.826131564285E+001
  4.017368461617E-001  1.062117835082E+000 -2.012440157176E+000 -4.662757548902E+001
  4.045328601149E-001  1.056310873604E+000 -2.140551978054E+000 -4.501661293311E+001
  4.073441861437E-001  1.050117290649E+000 -2.264868860724E+000 -4.342873765560E+001
  4.101709133538E-001  1.043543712179E+000 -2.385411294693E+000 -4.186423693566E+001
  4.130131315750E-001  1.036596844202E+000 -2.502201236525E+000 -4.032337613789E+001
  4.158709313670E-001  1.029283468982E+000 -2.615262073369E+000 -3.880639918504E+001
  4.187444040269E-001  1.021610441244E+000 -2.724618586505E+000 -3.731352901767E+001
  4.216336415958E-001  1.013584684376E+000 -2.830296914884E+000 -3.584496804165E+001
  4.245387368658E-001  1.005213186634E+000 -2.932324518648E+000 -3.440089856468E+001
  4.274597833869E-001  9.965029973366E-001 -3.030730142625E+000 -3.298148322263E+001
  4.303968754741E-001  9.874612230716E-001 -3.125543779780E+000 -3.158686539669E+001
  4.333501082151E-001  9.780950239002E-001 -3.216796634619E+000 -3.021716962222E+001
  4.363195774768E-001  9.684116095675E-001 -3.304521086534E+000 -2.887250199013E+001
  4.393053799131E-001  9.584182357206E-001 -3.388750653093E+000 -2.755295054165E+001
  4.423076129724E-001  9.481222001348E-001 -3.469519953262E+000 -2.625858565718E+001
  4.453263749047E-001  9.375308389511E-001 -3.546864670570E+000 -2.498946044008E+001
  4.483617647698E-001  9.266515229268E-001 -3.620821516209E+000 -2.374561109598E+001
  4.514138824444E-001  9.154916537000E-001 -3.691428192068E+000 -2.252705730840E+001
  4.544828286302E-001  9.040586600726E-001 -3.758723353732E+000 -2.133380261109E+001
  4.575687048617E-001  8.923599943112E-001 -3.822746573409E+000 -2.016583475786E+001
  4.606716135142E-001  8.804031284703E-001 -3.883538302843E+000 -1.902312609035E+001
  4.637916578118E-001  8.681955507383E-001 -3.941139836180E+000 -1.790563390418E+001
  4.669289418353E-001  8.557447618096E-001 -3.995593272825E+000 -1.681330081394E+001
  4.700835705309E-001  8.430582712843E-001 -4.046941480297E+000 -1.574605511748E+001
  4.732556497182E-001  8.301435940989E-001 -4.095228057090E+000 -1.470381115977E+001
  4.764452860985E-001  8.170082469880E-001 -4.140497295566E+000 -1.368646969665E+001
  4.796525872639E-001  8.036597449817E-001 -4.182794144886E+000 -1.269391825879E+001
  4.828776617050E-001  7.901055979396E-001 -4.222164174012E+000 -1.172603151605E+001
  4.861206188205E-001  7.763533071233E-001 -4.258653534786E+000 -1.078267164243E+001
  4.893815689254E-001  7.624103618107E-001 -4.292308925114E+000 -9.863688681732E+000
  4.926606232602E-001  7.482842359532E-001 -4.323177552274E+000 -8.968920914110E+000
  4.959578939999E-001  7.339823848787E-001 -4.351307096376E+000 -8.098195223530E+000
  4.992734942630E-001  7.195122420419E-001 -4.376745673983E+000 -7.251327466186E+000
  5.026075381207E-001  7.048812158241E-001 -4.399541801939E+000 -6.428122839895E+000
  5.059601406064E-001  6.900966863854E-001 -4.419744361406E+000 -5.628376254423E+000
  5.093314177250E-001  6.751660025693E-001 -4.437402562155E+000 -4.851872702697E+000
  5.127214864626E-001  6.600964788638E-001 -4.452565907113E+000 -4.098387632809E+000
  5.161304647959E-001  6.448953924195E-001 -4.465284157221E+000 -3.367687320701E+000
  5.195584717022E-001  6.295699801268E-001 -4.475607296603E+000 -2.659529243380E+000
  5.230056271692E-001  6.141274357539E-001 -4.483585498087E+000 -1.973662452516E+000
  5.264720522050E-001  5.985749071480E-001 -4.489269089096E+000 -1.309827948207E+000
  5.299578688483E-001  5.829194934997E-001 -4.492708517941E+000 -6.677590527318E-001
  5.334632001783E-001  5.671682426738E-001 -4.493954320540E+000 -4.718178404077E-002
  5.369881703256E-001  5.513281486070E-001 -4.493057087589E+000  5.521847712539E-001
  5.405329044823E-001  5.354061487740E-001 -4.490067432201E+000  1.130628085648E+000
  5.440975289128E-001  5.194091217234E-001 -4.485035958060E+000  1.688441819555E+000
  5.476821709641E-001  5.033438846848E-001 -4.478013228092E+000  2.225925451436E+000
  5.512869590774E-001  4.872171912475E-001 -4.469049733684E+000  2.743383909562E+000
  5.549120227985E-001  4.710357291124E-001 -4.458195864485E+000  3.241127205695E+000
  5.585574927889E-001  4.548061179185E-001 -4.445501878797E+000  3.719470071025E+000
  5.622235008375E-001  4.385349071430E-001 -4.431017874583E+000  4.178731594664E+000
  5.659101798716E-001  4.222285740784E-001 -4.414793761118E+000  4.619234865031E+000
  5.696176639685E-001  4.058935218843E-001 -4.396879231298E+000  5.041306614454E+000
  5.733460883672E-001  3.895360777174E-001 -4.377323734625E+000  5.445276867312E+000
  5.770955894803E-001  3.731624909373E-001 -4.356176450896E+000  5.831478592048E+000
  5.808663049055E-001  3.567789313909E-001 -4.333486264600E+000  6.200247357384E+000
  5.846583734383E-001  3.403914877740E-001 -4.309301740050E+000  6.551920993040E+000
  5.884719350837E-001  3.240061660706E-001 -4.283671097259E+000  6.886839255309E+000
  5.923071310690E-001  3.076288880709E-001 -4.256642188582E+000  7.205343497764E+000
  5.961641038558E-001  2.912654899668E-001 -4.228262476121E+000  7.507776347436E+000
  6.000429971532E-001  2.749217210246E-001 -4.198579009931E+000  7.794481386734E+000
  6.039439559304E-001  2.586032423365E-001 -4.167638407010E+000  8.065802841416E+000
  6.078671264295E-001  2.423156256479E-001 -4.135486831097E+000  8.322085274887E+000
  6.118126561791E-001  2.260643522628E-001 -4.102169973289E+000  8.563673289082E+000
  6.157806940069E-001  2.098548120242E-001 -4.067733033477E+000  8.790911232210E+000
  6.197713900541E-001  1.936923023711E-001 -4.032220702606E+000  9.004142913592E+000
  6.237848957880E-001  1.775820274702E-001 -3.995677145767E+000  9.203711325827E+000
  6.278213640166E-001  1.615290974211E-001 -3.958145986127E+000  9.389958374518E+000
  6.318809489022E-001  1.455385275360E-001 -3.919670289692E+000  9.563224615746E+000
  6.359638059756E-001  1.296152376909E-001 -3.880292550911E+000  9.723849001496E+000
  6.400700921502E-001  1.137640517481E-001 -3.840054679108E+000  9.872168633207E+000
  6.441999657370E-001  9.798969704972E-002 -3.798997985760E+000  1.000851852360E+001
  6.483535864586E-001  8.229680397945E-002 -3.757163172601E+000  1.013323136696E+001
  6.525311154647E-001  6.668990559261E-002 -3.714590320550E+000  1.024663731792E+001
  6.567327153465E-001  5.117343731263E-002 -3.671318879470E+000  1.034906377902E+001
  6.609585501525E-001  3.575173669265E-002 -3.627387658738E+000  1.044083519690E+001
  6.652087854034E-001  2.042904324091E-002 -3.582834818622E+000  1.052227286749E+001
  6.694835881080E-001  5.209498308426E-003 -3.537697862456E+000  1.059369474997E+001
  6.737831267789E-001 -9.902854962676E-003 -3.492013629616E+000  1.065541528982E+001
  6.781075714485E-001 -2.490407163165E-002 -3.445818289257E+000  1.070774525079E+001
  6.824570936852E-001 -3.979030489411E-002 -3.399147334835E+000  1.075099155591E+001
  6.868318666096E-001 -5.455780596114E-002 -3.352035579366E+000  1.078545713750E+001
  6.912320649114E-001 -6.920292388433E-002 -3.304517151441E+000  1.081144079618E+001
  6.956578648660E-001 -8.372210532833E-002 -3.256625491960E+000  1.082923706886E+001
  7.001094443516E-001 -9.811189429285E-002 -3.208393351572E+000  1.083913610562E+001
  7.045869828664E-001 -1.123689317857E-001 -3.159852788819E+000  1.084142355549E+001
  7.090906615461E-001 -1.264899554492E-001 -3.111035168951E+000  1.083638046098E+001
  7.136206631812E-001 -1.404717991405E-001 -3.061971163404E+000  1.082428316133E+001
  7.181771722357E-001 -1.543113924698E-001 -3.012690749916E+000  1.080540320432E+001
  7.227603748644E-001 -1.680057602962E-001 -2.963223213271E+000  1.078000726663E+001
  7.273704589315E-001 -1.815520221840E-001 -2.913597146645E+000  1.074835708246E+001
  7.320076140295E-001 -1.949473918219E-001 -2.863840453530E+000  1.071070938045E+001
  7.366720314977E-001 -2.081891764054E-001 -2.813980350227E+000  1.066731582858E+001
  7.413639044413E-001 -2.212747759859E-001 -2.764043368883E+000  1.061842298704E+001
  7.460834277508E-001 -2.342016827873E-001 -2.714055361040E+000  1.056427226879E+001
  7.508307981215E-001 -2.469674804926E-001 -2.664041501698E+000  1.050509990767E+001
  7.556062140732E-001 -2.595698435013E-001 -2.614026293841E+000  1.044113693389E+001
  7.604098759705E-001 -2.720065361610E-001 -2.564033573430E+000  1.037260915664E+001
  7.652419860431E-001 -2.842754119733E-001 -2.514086514827E+000  1.029973715368E+001
  7.701027484060E-001 -2.963744127774E-001 -2.464207636632E+000  1.022273626765E+001
  7.749923690810E-001 -3.083015679112E-001 -2.414418807906E+000  1.014181660894E+001
  7.799110560171E-001 -3.200549933537E-001 -2.364741254770E+000  1.005718306476E+001
  7.848590191124E-001 -3.316328908489E-001 -2.315195567342E+000  9.969035314353E+000
  7.898364702358E-001 -3.430335470129E-001 -2.265801707002E+000  9.877567850027E+000
  7.948436232486E-001 -3.542553324275E-001 -2.216579013959E+000  9.782970003718E+000
  7.998806940270E-001 -3.652967007184E-001 -2.167546215095E+000  9.685425978942E+000
  8.049479004846E-001 -3.761561876239E-001 -2.118721432068E+000  9.585114887826E+000
  8.100454625952E-001 -3.868324100517E-001 -2.070122189661E+000  9.482210792994E+000
  8.151736024160E-001 -3.973240651274E-001 -2.021765424329E+000  9.376882754047E+000
  8.203325441110E-001 -4.076299292354E-001 -1.973667492963E+000  9.269294878396E+000
  8.255225139746E-001 -4.177488570538E-001 -1.925844181813E+000  9.159606376206E+000
  8.307437404560E-001 -4.276797805838E-001 -1.878310715574E+000  9.047971619172E+000
  8.359964541833E-001 -4.374217081757E-001 -1.831081766605E+000  8.934540202920E+000
  8.412808879885E-001 -4.469737235526E-001 -1.784171464268E+000  8.819457012745E+000
  8.465972769320E-001 -4.563349848318E-001 -1.737593404363E+000  8.702862292477E+000
  8.519458583285E-001 -4.655047235462E-001 -1.691360658642E+000  8.584891716201E+000
  8.573268717726E-001 -4.744822436666E-001 -1.645485784390E+000  8.465676462616E+000
  8.627405591648E-001 -4.832669206242E-001 -1.599980834049E+000  8.345343291782E+000
  8.681871647376E-001 -4.918582003371E-001 -1.554857364869E+000  8.224014624032E+000
  8.736669350829E-001 -5.002555982379E-001 -1.510126448581E+000  8.101808620810E+000
  8.791801191785E-001 -5.084586983071E-001 -1.465798681062E+000  7.978839267222E+000
  8.847269684160E-001 -5.164671521095E-001 -1.421884191983E+000  7.855216456082E+000
  8.903077366283E-001 -5.242806778367E-001 -1.378392654435E+000  7.731046073225E+000
  8.959226801184E-001 -5.318990593543E-001 -1.335333294505E+000  7.606430083902E+000
  9.015720576873E-001 -5.393221452569E-001 -1.292714900801E+000  7.481466620034E+000
  9.072561306635E-001 -5.465498479280E-001 -1.250545833907E+000  7.356250068153E+000
  9.129751629322E-001 -5.535821426080E-001 -1.208834035763E+000  7.230871157814E+000
  9.187294209652E-001 -5.604190664697E-001 -1.167587038951E+000  7.105417050322E+000
  9.245191738511E-001 -5.670607177007E-001 -1.126811975891E+000  6.979971427586E+000
  9.303446933257E-001 -5.735072545948E-001 -1.086515587922E+000  6.854614580931E+000
  9.362062538036E-001 -5.797588946502E-001 -1.046704234268E+000  6.729423499720E+000
  9.421041324088E-001 -5.858159136772E-001 -1.007383900885E+000  6.604471959609E+000
  9.480386090075E-001 -5.916786449137E-001 -9.685602091714E-001  6.479830610327E+000
  9.540099662399E-001 -5.973474781485E-001 -9.302384245462E-001  6.355567062800E+000
  9.600184895530E-001 -6.028228588542E-001 -8.924234648797E-001  6.231745975521E+000
  9.660644672342E-001 -6.081052873271E-001 -8.551199087803E-001  6.108429140036E+000
  9.721481904447E-001 -6.131953178363E-001 -8.183320037261E-001  5.985675565413E+000
  9.782699532537E-001 -6.180935577802E-001 -7.820636740423E-001  5.863541561620E+000
  9.844300526731E-001 -6.228006668511E-001 -7.463185287173E-001  5.742080821675E+000
  9.906287886927E-001 -6.273173562077E-001 -7.110998690585E-001  5.621344502513E+000
  9.968664643158E-001 -6.316443876546E-001 -6.764106961827E-001  5.501381304453E+000
  1.003143385595E+000 -6.357825728294E-001 -6.422537183417E-001  5.382237549211E+000
  1.009459861670E+000 -6.397327723962E-001 -6.086313580816E-001  5.263957256377E+000
  1.015816204803E+000 -6.434958952462E-001 -5.755457592345E-001  5.146582218302E+000
  1.022212730417E+000 -6.470728977039E-001 -5.429987937443E-001  5.030152073331E+000
  1.028649757135E+000 -6.504647827390E-001 -5.109920683261E-001  4.914704377341E+000
  1.035127606818E+000 -6.536725991848E-001 -4.795269309600E-001  4.800274673535E+000
  1.041646604604E+000 -6.566974409599E-001 -4.486044772225E-001  4.686896560473E+000
  1.048207078948E+000 -6.595404462959E-001 -4.182255564548E-001  4.574601758284E+000
  1.054809361664E+000 -6.622027969683E-001 -3.883907777731E-001  4.463420173067E+000
  1.061453787962E+000 -6.646857175316E-001 -3.591005159209E-001  4.353379959445E+000
  1.068140696494E+000 -6.669904745570E-001 -3.303549169689E-001  4.244507581264E+000
  1.074870429395E+000 -6.691183758731E-001 -3.021539038634E-001  4.136827870440E+000
  1.081643332322E+000 -6.710707698095E-001 -2.744971818291E-001  4.030364083947E+000
  1.088459754505E+000 -6.728490444407E-001 -2.473842436278E-001  3.925137958955E+000
  1.095320048782E+000 -6.744546268324E-001 -2.208143746796E-001  3.821169766128E+000
  1.102224571653E+000 -6.758889822887E-001 -1.947866580493E-001  3.718478361090E+000
  1.109173683316E+000 -6.771536135986E-001 -1.692999793032E-001  3.617081234092E+000
  1.116167747721E+000 -6.782500602836E-001 -1.443530312403E-001  3.516994557892E+000
  1.123207132611E+000 -6.791798978439E-001 -1.199443185049E-001  3.418233233872E+000
  1.130292209573E+000 -6.799447370041E-001 -9.607216208241E-002  3.320810936441E+000
  1.137423354084E+000 -6.805462229570E-001 -7.273470368628E-002  3.224740155734E+000
  1.144600945560E+000 -6.809860346062E-001 -4.992991004003E-002  3.130032238662E+000
  1.151825367405E+000 -6.812658838056E-001 -2.765557705960E-002  3.036697428342E+000
  1.159097007063E+000 -6.813875145973E-001 -5.909333941616E-003  2.944744901953E+000
  1.166416256069E+000 -6.813527024457E-001  1.531135283723E-002  2.854182807068E+000
  1.173783510095E+000 -6.811632534686E-001  3.600917560429E-002  2.765018296489E+000
  1.181199169012E+000 -6.808210036648E-001  5.618698165348E-002  2.677257561664E+000
  1.188663636935E+000 -6.803278181375E-001  7.584776948070E-002  2.590905864699E+000
  1.196177322279E+000 -6.796855903137E-001  9.499468508721E-002  2.505967569049E+000
  1.203740637818E+000 -6.788962411592E-001  1.136310183458E-001  2.422446168919E+000
  1.211354000735E+000 -6.779617183886E-001  1.317601994245E-001  2.340344317432E+000
  1.219017832681E+000 -6.768839956709E-001  1.493857952635E-001  2.259663853624E+000
  1.226732559833E+000 -6.756650718296E-001  1.665115061002E-001  2.180405828308E+000
  1.234498612950E+000 -6.743069700384E-001  1.831411620372E-001  2.102570528875E+000
  1.242316427433E+000 -6.728117370108E-001  1.992787196496E-001  2.026157503069E+000
  1.250186443388E+000 -6.711814421847E-001  2.149282586280E-001  1.951165581806E+000
  1.258109105679E+000 -6.694181769019E-001  2.300939784499E-001  1.877592901077E+000
  1.266084863999E+000 -6.675240535817E-001  2.447801950802E-001  1.805436922998E+000
  1.274114172926E+000 -6.655012048897E-001  2.589913376929E-001  1.734694456043E+000
  1.282197491990E+000 -6.633517829005E-001  2.727319454128E-001  1.665361674538E+000
  1.290335285734E+000 -6.610779582558E-001  2.860066640733E-001  1.597434137434E+000
  1.298528023786E+000 -6.586819193170E-001  2.988202429869E-001  1.530906806435E+000
  1.306776180919E+000 -6.561658713128E-001  3.111775317259E-001  1.465774063507E+000
  1.315080237120E+000 -6.535320354821E-001  3.230834769107E-001  1.402029727833E+000
  1.323440677664E+000 -6.507826482118E-001  3.345431190022E-001  1.339667072244E+000
  1.331857993175E+000 -6.479199601707E-001  3.455615890982E-001  1.278678839177E+000
  1.340332679704E+000 -6.449462354384E-001  3.561441057297E-001  1.219057256203E+000
  1.348865238797E+000 -6.418637506311E-001  3.662959716563E-001  1.160794051151E+000
  1.357456177571E+000 -6.386747940231E-001  3.760225706598E-001  1.103880466891E+000
  1.366106008782E+000 -6.353816646653E-001  3.853293643337E-001  1.048307275786E+000
  1.374815250909E+000 -6.319866715006E-001  3.942218888679E-001  9.940647938634E-001
  1.383584428224E+000 -6.284921324764E-001  4.027057518279E-001  9.411428947345E-001
  1.392414070872E+000 -6.249003736555E-001  4.107866289288E-001  8.895310232896E-001
  1.401304714948E+000 -6.212137283244E-001  4.184702608017E-001  8.392182092004E-001
  1.410256902580E+000 -6.174345361013E-001  4.257624497544E-001  7.901930802560E-001
  1.419271182008E+000 -6.135651420417E-001  4.326690565252E-001  7.424438755542E-001
  1.428348107668E+000 -6.096078957447E-001  4.391959970315E-001  6.959584585742E-001
  1.437488240275E+000 -6.055651504592E-001  4.453492391115E-001  6.507243301486E-001
  1.446692146911E+000 -6.014392621898E-001  4.511347992620E-001  6.067286413552E-001
  1.455960401104E+000 -5.972325888050E-001  4.565587393718E-001  5.639582063431E-001
  1.465293582927E+000 -5.929474891454E-001  4.616271634523E-001  5.223995151106E-001
  1.474692279079E+000 -5.885863221358E-001  4.663462143661E-001  4.820387462446E-001
  1.484157082978E+000 -5.841514458984E-001  4.707220705556E-001  4.428617796358E-001
  1.493688594856E+000 -5.796452168698E-001  4.747609427729E-001  4.048542091763E-001
  1.503287421848E+000 -5.750699889221E-001  4.784690708118E-001  3.680013554486E-001
  1.512954178094E+000 -5.704281124878E-001  4.818527202457E-001  3.322882784111E-001
  1.522689484827E+000 -5.657219336896E-001  4.849181791716E-001  2.976997900855E-001
  1.532493970480E+000 -5.609537934761E-001  4.876717549623E-001  2.642204672469E-001
  1.542368270780E+000 -5.561260267630E-001  4.901197710309E-001  2.318346641195E-001
  1.552313028853E+000 -5.512409615812E-001  4.922685636069E-001  2.005265250769E-001
  1.562328895326E+000 -5.463009182322E-001  4.941244785287E-001  1.702799973453E-001
  1.572416528431E+000 -5.413082084507E-001  4.956938680542E-001  1.410788437067E-001
  1.582576594115E+000 -5.362651345758E-001  4.969830876905E-001  1.129066551990E-001
  1.592809766145E+000 -5.311739887313E-001  4.979984930480E-001  8.574686380644E-002
  1.603116726218E+000 -5.260370520147E-001  4.987464367191E-001  5.958275513470E-002
  1.613498164078E+000 -5.208565936970E-001  4.992332651844E-001  3.439748106391E-002
  1.623954777622E+000 -5.156348704317E-001  4.994653157510E-001  1.017407237075E-002
  1.634487273025E+000 -5.103741254760E-001  4.994489135221E-001 -1.310454868885E-002
  1.645096364848E+000 -5.050765879227E-001  4.991903684040E-001 -3.545555584615E-002
  1.655782776168E+000 -4.997444719439E-001  4.986959721505E-001 -5.689620634541E-002
  1.666547238688E+000 -4.943799760480E-001  4.979719954487E-001 -7.744382853997E-002
  1.677390492873E+000 -4.889852823480E-001  4.970246850476E-001 -9.711580956983E-002
  1.688313288066E+000 -4.835625558449E-001  4.958602609340E-001 -1.159295831326E-001
  1.699316382620E+000 -4.781139437230E-001  4.944849135552E-001 -1.339026173595E-001
  1.710400544029E+000 -4.726415746607E-001  4.929048010933E-001 -1.510524028096E-001
  1.721566549058E+000 -4.671475581551E-001  4.911260467930E-001 -1.673964405938E-001
  1.732815183877E+000 -4.616339838612E-001  4.891547363437E-001 -1.829522306412E-001
  1.744147244202E+000 -4.561029209469E-001  4.869969153199E-001 -1.977372601220E-001
  1.755563535430E+000 -4.505564174631E-001  4.846585866808E-001 -2.117689920374E-001
  1.767064872781E+000 -4.449964997296E-001  4.821457083316E-001 -2.250648539906E-001
  1.778652081442E+000 -4.394251717370E-001  4.794641907485E-001 -2.376422271509E-001
  1.790325996715E+000 -4.338444145652E-001  4.766198946679E-001 -2.495184354225E-001
  1.802087464166E+000 -4.282561858181E-001  4.736186288439E-001 -2.607107348307E-001
  1.813937339772E+000 -4.226624190752E-001  4.704661478731E-001 -2.712363031370E-001
  1.825876490081E+000 -4.170650233603E-001  4.671681500896E-001 -2.811122296936E-001
  1.837905792365E+000 -4.114658826265E-001  4.637302755315E-001 -2.903555055486E-001
  1.850026134778E+000 -4.058668552600E-001  4.601581039790E-001 -2.989830138128E-001
  1.862238416525E+000 -4.002697735992E-001  4.564571530667E-001 -3.070115202968E-001
  1.874543548019E+000 -3.946764434733E-001  4.526328764694E-001 -3.144576644282E-001
  1.886942451054E+000 -3.890886437566E-001  4.486906621638E-001 -3.213379504583E-001
  1.899436058973E+000 -3.835081259418E-001  4.446358307651E-001 -3.276687389646E-001
  1.912025316845E+000 -3.779366137301E-001  4.404736339405E-001 -3.334662386591E-001
  1.924711181638E+000 -3.723758026388E-001  4.362092528990E-001 -3.387464985065E-001
  1.937494622402E+000 -3.668273596274E-001  4.318477969585E-001 -3.435254001608E-001
  1.950376620452E+000 -3.612929227403E-001  4.273943021892E-001 -3.478186507238E-001
  1.963358169552E+000 -3.557741007673E-001  4.228537301348E-001 -3.516417758318E-001
  1.976440276109E+000 -3.502724729220E-001  4.182309666100E-001 -3.550101130731E-001
  1.989623959360E+000 -3.447895885370E-001  4.135308205748E-001 -3.579388057412E-001
  2.002910251577E+000 -3.393269667765E-001  4.087580230851E-001 -3.604427969240E-001
  2.016300198259E+000 -3.338860963664E-001  4.039172263185E-001 -3.625368239329E-001
  2.029794858340E+000 -3.284684353409E-001  3.990130026760E-001 -3.642354130720E-001
  2.043395304396E+000 -3.230754108066E-001  3.940498439569E-001 -3.655528747472E-001
  2.057102622856E+000 -3.177084187227E-001  3.890321606082E-001 -3.665032989158E-001
  2.070917914217E+000 -3.123688236979E-001  3.839642810455E-001 -3.671005508750E-001
  2.084842293261E+000 -3.070579588044E-001  3.788504510460E-001 -3.673582673867E-001
  2.098876889283E+000 -3.017771254068E-001  3.736948332112E-001 -3.672898531384E-001
  2.113022846310E+000 -2.965275930084E-001  3.685015064990E-001 -3.669084775338E-001
  2.127281323341E+000 -2.913105991117E-001  3.632744658230E-001 -3.662270718126E-001
  2.141653494575E+000 -2.861273490965E-001  3.580176217183E-001 -3.652583264921E-001
  2.156140549656E+000 -2.809790161111E-001  3.527348000717E-001 -3.640146891280E-001
  2.170743693911E+000 -2.758667409807E-001  3.474297419153E-001 -3.625083623873E-001
  2.185464148607E+000 -2.707916321290E-001  3.421061032815E-001 -3.607513024274E-001
  2.200303151197E+000 -2.657547655161E-001  3.367674551176E-001 -3.587552175751E-001
  2.215261955581E+000 -2.607571845892E-001  3.314172832588E-001 -3.565315672986E-001
  2.230341832367E+000 -2.557999002491E-001  3.260589884572E-001 -3.540915614634E-001
  2.245544069142E+000 -2.508838908297E-001  3.206958864655E-001 -3.514461598661E-001
  2.260869970742E+000 -2.460101020916E-001  3.153312081736E-001 -3.486060720362E-001
  2.276320859530E+000 -2.411794472293E-001  3.099680997953E-001 -3.455817572975E-001
  2.291898075679E+000 -2.363928068919E-001  3.046096231045E-001 -3.423834250807E-001
  2.307602977460E+000 -2.316510292166E-001  2.992587557182E-001 -3.390210354769E-001
  2.323436941540E+000 -2.269549298754E-001  2.939183914250E-001 -3.355043000224E-001
  2.339401363274E+000 -2.223052921345E-001  2.885913405564E-001 -3.318426827062E-001
  2.355497657016E+000 -2.177028669261E-001  2.832803303995E-001 -3.280454011891E-001
  2.371727256428E+000 -2.131483729330E-001  2.779880056501E-001 -3.241214282239E-001
  2.388091614797E+000 -2.086424966846E-001  2.727169289022E-001 -3.200794932680E-001
  2.404592205358E+000 -2.041858926658E-001  2.674695811743E-001 -3.159280842773E-001
  2.421230521622E+000 -1.997791834371E-001  2.622483624698E-001 -3.116754496706E-001
  2.438008077714E+000 -1.954229597667E-001  2.570555923692E-001 -3.073296004549E-001
  2.454926408713E+000 -1.911177807742E-001  2.518935106535E-001 -3.028983125015E-001
  2.471987071003E+000 -1.868641740855E-001  2.467642779567E-001 -2.983891289623E-001
  2.489191642624E+000 -1.826626359993E-001  2.416699764451E-001 -2.938093628162E-001
  2.506541723641E+000 -1.785136316645E-001  2.366126105231E-001 -2.891660995361E-001
  2.524038936507E+000 -1.744175952690E-001  2.315941075632E-001 -2.844661998662E-001
  2.541684926444E+000 -1.703749302392E-001  2.266163186589E-001 -2.797163027013E-001
  2.559481361827E+000 -1.663860094508E-001  2.216810193992E-001 -2.749228280562E-001
  2.577429934572E+000 -1.624511754498E-001  2.167899106633E-001 -2.700919801197E-001
  2.595532360540E+000 -1.585707406855E-001  2.119446194348E-001 -2.652297503807E-001
  2.613790379943E+000 -1.547449877523E-001  2.071466996331E-001 -2.603419208207E-001
  2.632205757760E+000 -1.509741696446E-001  2.023976329624E-001 -2.554340671632E-001
  2.650780284158E+000 -1.472585100199E-001  1.976988297756E-001 -2.505115621718E-001
  2.669515774928E+000 -1.435982034744E-001  1.930516299539E-001 -2.455795789905E-001
  2.688414071925E+000 -1.399934158282E-001  1.884573037995E-001 -2.406430945182E-001
  2.707477043518E+000 -1.364442844214E-001  1.839170529423E-001 -2.357068928107E-001
  2.726706585047E+000 -1.329509184202E-001  1.794320112582E-001 -2.307755685040E-001
  2.746104619295E+000 -1.295133991345E-001  1.750032457997E-001 -2.258535302524E-001
  2.765673096964E+000 -1.261317803452E-001  1.706317577376E-001 -2.209450041766E-001
  2.785413997161E+000 -1.228060886421E-001  1.663184833124E-001 -2.160540373149E-001
  2.805329327899E+000 -1.195363237726E-001  1.620642947975E-001 -2.111845010743E-001
  2.825421126601E+000 -1.163224590005E-001  1.578700014701E-001 -2.063400946762E-001
  2.845691460623E+000 -1.131644414756E-001  1.537363505934E-001 -2.015243485922E-001
  2.866142427776E+000 -1.100621926133E-001  1.496640284062E-001 -1.967406279669E-001
  2.886776156875E+000 -1.070156084852E-001  1.456536611224E-001 -1.919921360246E-001
  2.907594808280E+000 -1.040245602192E-001  1.417058159384E-001 -1.872819174555E-001
  2.928600574467E+000 -1.010888944110E-001  1.378210020496E-001 -1.826128617809E-001
  2.949795680597E+000 -9.820843354498E-002  1.339996716745E-001 -1.779877066928E-001
  2.971182385105E+000 -9.538297642589E-002  1.302422210875E-001 -1.734090413682E-001
  2.992762980296E+000 -9.261229862034E-002  1.265489916598E-001 -1.688793097551E-001
  3.014539792958E+000 -8.989615290869E-002  1.229202709084E-001 -1.644008138288E-001
  3.036515184988E+000 -8.723426974670E-002  1.193562935532E-001 -1.599757168191E-001
  3.058691554023E+000 -8.462635773727E-002  1.158572425824E-001 -1.556060464055E-001
  3.081071334099E+000 -8.207210411180E-002  1.124232503260E-001 -1.512936978821E-001
  3.103656996309E+000 -7.957117522130E-002  1.090543995376E-001 -1.470404372906E-001
  3.126451049484E+000 -7.712321703690E-002  1.057507244841E-001 -1.428479045215E-001
  3.149456040888E+000 -7.472785565976E-002  1.025122120444E-001 -1.387176163848E-001
  3.172674556926E+000 -7.238469783999E-002  9.933880281555E-002 -1.346509696499E-001
  3.196109223865E+000 -7.009333150455E-002  9.623039222802E-002 -1.306492440547E-001
  3.219762708576E+000 -6.785332629376E-002  9.318683166859E-002 -1.267136052859E-001
  3.243637719289E+000 -6.566423410629E-002  9.020792961200E-002 -1.228451079312E-001
  3.267737006362E+000 -6.352558965216E-002  8.729345276062E-002 -1.190446984025E-001
  3.292063363076E+000 -6.143691101369E-002  8.444312719227E-002 -1.153132178345E-001
  3.316619626434E+000 -5.939770021382E-002  8.165663951620E-002 -1.116514049564E-001
  3.341408677987E+000 -5.740744379167E-002  7.893363803677E-002 -1.080598989405E-001
  3.366433444679E+000 -5.546561338480E-002  7.627373392498E-002 -1.045392422272E-001
  3.391696899702E+000 -5.357166631787E-002  7.367650239735E-002 -1.010898833282E-001
  3.417202063379E+000 -5.172504619722E-002  7.114148390198E-002 -9.771217960958E-002
  3.442952004065E+000 -4.992518351097E-002  6.866818531150E-002 -9.440640005509E-002
  3.468949839059E+000 -4.817149623410E-002  6.625608112240E-002 -9.117272801097E-002
  3.495198735552E+000 -4.646339043806E-002  6.390461466040E-002 -8.801126391367E-002
  3.521701911582E+000 -4.480026090445E-002  6.161319929134E-002 -8.492202800113E-002
  3.548462637020E+000 -4.318149174206E-002  5.938121963709E-002 -8.190496300857E-002
  3.575484234572E+000 -4.160645700686E-002  5.720803279570E-002 -7.895993684955E-002
  3.602770080809E+000 -4.007452132434E-002  5.509296956542E-002 -7.608674528292E-002
  3.630323607217E+000 -3.858504051349E-002  5.303533567161E-002 -7.328511456627E-002
  3.658148301271E+000 -3.713736221191E-002  5.103441299583E-002 -7.055470409614E-002
  3.686247707537E+000 -3.573082650138E-002  4.908946080648E-002 -6.789510903534E-002
  3.714625428793E+000 -3.436476653318E-002  4.719971698971E-002 -6.530586292746E-002
  3.743285127184E+000 -3.303850915255E-002  4.536439928010E-002 -6.278644029838E-002
  3.772230525397E+000 -3.175137552159E-002  4.358270648977E-002 -6.033625924487E-002
  3.801465407866E+000 -3.050268173992E-002  4.185381973509E-002 -5.795468400950E-002
  3.830993622005E+000 -2.929173946232E-002  4.017690365977E-002 -5.564102754172E-002
  3.860819079470E+000 -2.811785651273E-002  3.855110765337E-002 -5.339455404418E-002
  3.890945757450E+000 -2.698033749386E-002  3.697556706382E-002 -5.121448150346E-002
  3.921377699988E+000 -2.587848439160E-002  3.544940440297E-002 -4.909998420436E-002
  3.952119019336E+000 -2.481159717371E-002  3.397173054380E-002 -4.705019522638E-002
  3.983173897337E+000 -2.377897438183E-002  3.254164590807E-002 -4.506420892131E-002
  4.014546586845E+000 -2.277991371620E-002  3.115824164305E-002 -4.314108337027E-002
  4.046241413173E+000 -2.181371261244E-002  2.982060078617E-002 -4.127984281887E-002
  4.078262775585E+000 -2.087966880949E-002  2.852779941601E-002 -3.947948008858E-002
  4.110615148813E+000 -1.997708090824E-002  2.727890778859E-002 -3.773895896263E-002
  4.143303084620E+000 -1.910524891995E-002  2.607299145738E-002 -3.605721654449E-002
  4.176331213391E+000 -1.826347480389E-002  2.490911237574E-002 -3.443316558696E-002
  4.209704245774E+000 -1.745106299358E-002  2.378632998060E-002 -3.286569678977E-002
  4.243426974351E+000 -1.666732091083E-002  2.270370225580E-002 -3.135368106344E-002
  4.277504275353E+000 -1.591155946714E-002  2.166028677404E-002 -2.989597175743E-002
  4.311941110423E+000 -1.518309355175E-002  2.065514171593E-002 -2.849140685008E-002
  4.346742528412E+000 -1.448124250578E-002  1.968732686503E-002 -2.713881109817E-002
  4.381913667228E+000 -1.380533058195E-002  1.875590457764E-002 -2.583699814387E-002
  4.417459755726E+000 -1.315468738936E-002  1.785994072602E-002 -2.458477257665E-002
  4.453386115645E+000 -1.252864832276E-002  1.699850561411E-002 -2.338093194793E-002
  4.489698163598E+000 -1.192655497598E-002  1.617067486447E-002 -2.222426873628E-002
  4.526401413105E+000 -1.134775553902E-002  1.537553027552E-002 -2.111357226083E-002
  4.563501476684E+000 -1.079160517847E-002  1.461216064800E-002 -2.004763054080E-002
  4.601004067991E+000 -1.025746640082E-002  1.387966257989E-002 -1.902523209910E-002
  4.638915004011E+000 -9.744709398515E-003  1.317714122877E-002 -1.804516770784E-002
  4.677240207311E+000 -9.252712378281E-003  1.250371104092E-002 -1.710623207408E-002
  4.715985708351E+000 -8.780861871730E-003  1.185849644657E-002 -1.620722546371E-002
  4.755157647843E+000 -8.328553027864E-003  1.124063252043E-002 -1.534695526204E-002
  4.794762279187E+000 -7.895189887452E-003  1.064926560725E-002 -1.452423746937E-002
  4.834805970953E+000 -7.480185639147E-003  1.008355391176E-002 -1.373789813018E-002
  4.875295209443E+000 -7.082962857295E-003  9.542668052683E-003 -1.298677469468E-002
  4.916236601308E+000 -6.702953721435E-003  9.025791580617E-003 -1.226971731154E-002
  4.957636876237E+000 -6.339600217516E-003  8.532121459514E-003 -1.158559005097E-002
  4.999502889720E+000 -5.992354320917E-003  8.060868511718E-003 -1.093327205721E-002
  5.041841625875E+000 -5.660678161393E-003  7.611257826560E-003 -1.031165863001E-002
  5.084660200360E+000 -5.344044170106E-003  7.182529132607E-003 -9.719662234530E-003
  5.127965863354E+000 -5.041935208954E-003  6.773937133762E-003 -9.156213439558E-003
  5.171766002619E+000 -4.753844682450E-003  6.384751809492E-003 -8.620261783889E-003
  5.216068146649E+000 -4.479276632414E-003  6.014258679577E-003 -8.110776571135E-003
  5.260879967894E+000 -4.217745815842E-003  5.661759033832E-003 -7.626747593229E-003
  5.306209286078E+000 -3.968777766273E-003  5.326570127355E-003 -7.167185783196E-003
  5.352064071605E+000 -3.731908839079E-003  5.008025341964E-003 -6.731123797910E-003
  5.398452449055E+000 -3.506686241093E-003  4.705474314510E-003 -6.317616531749E-003
  5.445382700775E+000 -3.292668045041E-003  4.418283032899E-003 -5.925741562255E-003
  5.492863270572E+000 -3.089423189255E-003  4.145833900675E-003 -5.554599529056E-003
  5.540902767504E+000 -2.896531463199E-003  3.887525771125E-003 -5.203314447520E-003
  5.589509969774E+000 -2.713583479331E-003  3.642773951912E-003 -4.871033958740E-003
  5.638693828737E+000 -2.540180631867E-003  3.411010181315E-003 -4.556929517628E-003
  5.688463473008E+000 -2.375935043019E-003  3.191682577204E-003 -4.260196521039E-003
  5.738828212699E+000 -2.220469497311E-003  2.984255559929E-003 -3.980054377984E-003
  5.789797543759E+000 -2.073417364570E-003  2.788209750361E-003 -3.715746524128E-003
  5.841381152447E+000 -1.934422512201E-003  2.603041844338E-003 -3.466540382877E-003
  5.893588919926E+000 -1.803139207399E-003  2.428264464834E-003 -3.231727275475E-003
  5.946430926988E+000 -1.679232009886E-003  2.263405993154E-003 -3.010622282622E-003
  5.999917458910E+000 -1.562375655834E-003  2.108010380533E-003 -2.802564060211E-003
  6.054059010457E+000 -1.452254933592E-003  1.961636941475E-003 -2.606914611844E-003
  6.108866291020E+000 -1.348564551830E-003  1.823860130227E-003 -2.423059020847E-003
  6.164350229902E+000 -1.251009000741E-003  1.694269301745E-003 -2.250405144567E-003
  6.220521981762E+000 -1.159302406886E-003  1.572468458531E-003 -2.088383273711E-003
  6.277392932215E+000 -1.073168382293E-003  1.458075984699E-003 -1.936445759575E-003
  6.334974703589E+000 -9.923398683846E-004  1.350724368611E-003 -1.794066611954E-003
  6.393279160860E+000 -9.165589753094E-004  1.250059915412E-003 -1.660741070539E-003
  6.452318417752E+000 -8.455768172104E-004  1.155742450747E-003 -1.535985152591E-003
  6.512104843026E+000 -7.791533439716E-004  1.067445016930E-003 -1.419335179625E-003
  6.572651066946E+000 -7.170571699395E-004  9.848535627935E-004 -1.310347285808E-003
  6.633969987942E+000 -6.590654001044E-004  9.076666283858E-004 -1.208596910703E-003
  6.696074779472E+000 -6.049634541968E-004  8.355950256647E-004 -1.113678278926E-003
  6.758978897091E+000 -5.545448891310E-004  7.683615162681E-004 -1.025203869210E-003
  6.822696085726E+000 -5.076112201989E-004  7.057004873946E-004 -9.428038752467E-004
  6.887240387180E+000 -4.639717413915E-004  6.473576267676E-004 -8.661256606353E-004
  6.952626147859E+000 -4.234433451960E-004  5.930895976011E-004 -7.948332100942E-004
  7.018868026732E+000 -3.858503421907E-004  5.426637144217E-004 -7.286065790316E-004
  7.085981003543E+000 -3.510242807296E-004  4.958576205396E-004 -6.671413434182E-004
  7.153980387268E+000 -3.188037669829E-004  4.524589678972E-004 -6.101480517950E-004
  7.222881824836E+000 -2.890342855710E-004  4.122650999612E-004 -5.573516811146E-004
  7.292701310121E+000 -2.615680210044E-004  3.750827382584E-004 -5.084910979834E-004
  7.363455193219E+000 -2.362636801169E-004  3.407276730913E-004 -4.633185267390E-004
  7.435160190001E+000 -2.129863156521E-004  3.090244589094E-004 -4.215990256609E-004
  7.507833391988E+000 -1.916071511452E-004  2.798061147470E-004 -3.831099724773E-004
  7.581492276516E+000 -1.720034072155E-004  2.529138300805E-004 -3.476405601982E-004
  7.656154717242E+000 -1.540581293688E-004  2.281966764002E-004 -3.149913041726E-004
  7.731838994973E+000 -1.376600173891E-004  2.055113247365E-004 -2.849735611366E-004
  7.808563808847E+000 -1.227032563818E-004  1.847217693272E-004 -2.574090608969E-004
  7.886348287874E+000 -1.090873495186E-004  1.656990575646E-004 -2.321294511711E-004
  7.965212002848E+000 -9.671695251968E-005  1.483210263141E-004 -2.089758559916E-004
  8.045174978646E+000 -8.550170989861E-005  1.324720446552E-004 -1.877984479681E-004
  8.126257706932E+000 -7.535609298808E-005  1.180427630568E-004 -1.684560346054E-004
  8.208481159274E+000 -6.619923975717E-005  1.049298689631E-004 -1.508156587695E-004
  8.291866800694E+000 -5.795479642652E-005  9.303584873872E-005 -1.347522133141E-004
  8.376436603664E+000 -5.055076088559E-005  8.226875589304E-005 -1.201480697907E-004
  8.462213062574E+000 -4.391932791528E-005  7.254198548217E-005 -1.068927210993E-004
  8.549219208676E+000 -3.799673622017E-005  6.377405456962E-005 -9.488243786552E-005
  8.637478625536E+000 -3.272311727762E-005  5.588838861118E-005 -8.401993827702E-005
  8.727015464999E+000 -2.804234601464E-005  4.881311362005E-005 -7.421407106126E-005
  8.817854463709E+000 -2.390189332941E-005  4.248085396091E-005 -6.537951124581E-005
  8.910020960175E+000 -2.025268048039E-005  3.682853561841E-005 -5.743646830997E-005
  9.003540912431E+000 -1.704893537406E-005  3.179719478537E-005 -5.031040631022E-005
  9.098440916308E+000 -1.424805079002E-005  2.733179161861E-005 -4.393177554398E-005
  9.194748224321E+000 -1.181044459158E-005  2.338102901575E-005 -3.823575530443E-005
  9.292490765233E+000 -9.699421978835E-006  1.989717627394E-005 -3.316200727372E-005
  9.391697164283E+000 -7.881039850484E-006  1.683589750104E-005 -2.865443910293E-005
  9.492396764138E+000 -6.323973350194E-006  1.415608466137E-005 -2.466097773238E-005
  9.594619646576E+000 -4.999384681885E-006  1.181969515015E-005 -2.113335201696E-005
  9.698396654938E+000 -3.880794286950E-006  9.791593804960E-006 -1.802688423538E-005
  9.803759417385E+000 -2.943954484100E-006  8.039399275956E-006 -1.530029008086E-005
  9.910740370981E+000 -2.166725679381E-006  6.533334691543E-006 -1.291548675120E-005
  1.001937278665E+001 -1.528955259737E-006  5.246082569996E-006 -1.083740877988E-005
  1.012969079502E+001 -1.012359288124E-006  4.152643941687E-006 -9.033831274547E-006
  1.024172941323E+001 -6.004071214506E-007  3.230201659631E-006 -7.475200255010E-006
  1.035552457272E+001 -2.782090745010E-007  2.457987888339E-006 -6.134469809619E-006
  1.047111314798E+001 -3.240725330334E-008  1.817155771963E-006 -4.986945814899E-006
  1.058853298647E+001  1.489303198741E-007  1.290655292368E-006 -4.010135989386E-006
  1.070782293953E+001  2.764121706294E-007  8.631133357635E-007 -3.183606077361E-006
  1.082902289454E+001  3.594223109509E-007  5.207179928346E-007 -2.488841981659E-006
  1.095217380826E+001  4.062155437023E-007  2.511071217471E-007 -1.909117686523E-006
  1.107731774137E+001  4.240090324647E-007  4.326120591986E-008 -1.429368831210E-006
  1.120449789442E+001  4.190700455370E-007 -1.125994609719E-007 -1.036071812563E-006
  1.133375864507E+001  3.967997937852E-007 -2.251132316985E-007 -7.171283099156E-007
  1.146514558681E+001  3.618132942848E-007 -3.018711761403E-007 -4.617551382284E-007
  1.159870556913E+001  3.180152052013E-007 -3.495067433514E-007 -2.603793453806E-007
  1.173448673928E+001  2.686715919507E-007 -3.737809993957E-007 -1.045384769127E-007
  1.187253858566E+001  2.164776002065E-007 -3.796634338983E-007  1.321406365090E-008
  1.201291198287E+001  1.636210275973E-007 -3.714083382967E-007  9.939862841042E-008
  1.215565923859E+001  1.118418027707E-007 -3.526267701149E-007  1.596939821195E-007
  1.230083414231E+001  6.248739768974E-008 -3.263541300163E-007  1.990170742714E-007
  1.244849201595E+001  1.656421635547E-008 -2.951133917112E-007  2.215980019886E-007
  1.259868976657E+001 -2.521497958706E-008 -2.609740387598E-007  2.310502453021E-007
  1.275148594119E+001 -6.238753092474E-008 -2.256067767018E-007  2.304362637289E-007
  1.290694078384E+001 -9.470113271650E-008 -1.903341035110E-007  2.223285515788E-007
  1.306511629490E+001 -1.220777681958E-007 -1.561768358691E-007  2.088662588734E-007
  1.322607629292E+001 -1.445812001450E-007 -1.238967029654E-007  1.918074948478E-007
  1.338988647898E+001 -1.623878813413E-007 -9.403513319721E-008  1.725774414447E-007
  1.355661450375E+001 -1.757611331078E-007 -6.694837208333E-008  1.523124147189E-007
  1.372633003727E+001 -1.850284298360E-007 -4.283908168858E-008  1.319000223811E-007
  1.389910484176E+001 -1.905616177017E-007 -2.178458271435E-008  1.120155755634E-007
  1.407501284743E+001 -1.927598877807E-007 -3.761909980474E-009  9.315492205231E-008
  1.425413023161E+001 -1.920353174781E-007  1.133013983716E-008  7.566387650029E-008
  1.443653550117E+001 -1.888007896484E-007  2.365178274873E-008  5.976443029396E-008
  1.462230957852E+001 -1.834600960617E-007  3.340565383320E-008  4.557792968933E-008
  1.481153589140E+001 -1.764000309427E-007  4.082265172879E-008  3.314541537326E-008
  1.500430046649E+001 -1.679842811636E-007  4.615002591461E-008  2.244531969601E-008
  1.520069202718E+001 -1.585489222522E-007  4.964151158923E-008  1.340871937153E-008
  1.540080209569E+001 -1.483993336129E-007  5.154931875247E-008  5.932341432387E-009
  1.560472509963E+001 -1.378083521378E-007  5.211778551613E-008 -1.104813449281E-010
  1.581255848342E+001 -1.270154906015E-007  5.157851062579E-008 -4.860712428376E-009
  1.602440282470E+001 -1.162270557274E-007  5.014678656052E-008 -8.466182384807E-009
  1.624036195599E+001 -1.056170104402E-007  4.801916226260E-008 -1.107564600196E-008
  1.646054309190E+001 -9.532843539185E-008  4.537197338735E-008 -1.283415029863E-008
  1.668505696224E+001 -8.547545619281E-008  4.236068779171E-008 -1.387954640047E-008
  1.691401795117E+001 -7.614551469902E-008  3.911992462410E-008 -1.433998760437E-008
  1.714754424293E+001 -6.740187500621E-008  3.576401665581E-008 -1.433226612621E-008
  1.738575797433E+001 -5.928626729064E-008  3.238799721733E-008 -1.396085185157E-008
  1.762878539445E+001 -5.182158512106E-008  2.906890508542E-008 -1.331750771015E-008
  1.787675703191E+001 -4.501456416816E-008  2.586731272317E-008 -1.248136789080E-008
  1.812980787015E+001 -3.885838218396E-008  2.282899522913E-008 -1.151937682937E-008
  1.838807753110E+001 -3.333513155975E-008  1.998666903561E-008 -1.048699856334E-008
  1.865171046781E+001 -2.841812655788E-008  1.736174065736E-008 -9.429117494111E-009
  1.892085616642E+001 -2.407401733193E-008  1.496601649303E-008 -8.381062680545E-009
  1.919566935809E+001 -2.026469200362E-008  1.280333470444E-008 -7.369698371458E-009
  1.947631024137E+001 -1.694895627935E-008  1.087108944505E-008 -6.414533454715E-009
  1.976294471571E+001 -1.408398731297E-008  9.161626102420E-009 -5.528811758840E-009
  2.005574462663E+001 -1.162656472704E-008  7.663493705633E-009 -4.720553613763E-009
  2.035488802332E+001 -9.534086887823E-009  6.362547196186E-009 -3.993526705244E-009
  2.066055942930E+001 -7.765384706350E-009  5.242897858800E-009 -3.348131008924E-009
  2.097295012706E+001 -6.281348447267E-009  4.287714868432E-009 -2.782188451616E-009
  2.129225845729E+001 -5.045385323030E-009  3.479884660356E-009 -2.291632926031E-009
  2.161869013374E+001 -4.023727105055E-009  2.802537718611E-009 -1.871100405101E-009
  2.195245857462E+001 -3.185607678020E-009  2.239454465428E-009 -1.514422204183E-009
  2.229378525140E+001 -2.503330491707E-009  1.775363293619E-009 -1.215026978050E-009
  2.264290005632E+001 -1.952245324957E-009  1.396144497343E-009 -9.662588804507E-010
  2.300004168951E+001 -1.510652770300E-009  1.088954012221E-009 -7.616205310149E-010
  2.336545806705E+001 -1.159653477032E-009  8.422805643820E-010 -5.949501072729E-010
  2.373940675129E+001 -8.829575533430E-010  6.459491408629E-010 -4.605420908789E-010
  2.412215540475E+001 -6.666677173929E-010  4.910827194541E-010 -3.532210296831E-010
  2.451398226921E+001 -4.990478878684E-010  3.700330182407E-010 -2.683772115164E-010
  2.491517667142E+001 -3.702869918767E-010  2.762897207311E-010 -2.019724576925E-010
  2.532603955735E+001 -2.722659064996E-010  2.043762699757E-010 -1.505234043601E-010
  2.574688405660E+001 -1.983336927126E-010  1.497389634271E-010 -1.110687105317E-010
  2.617803607920E+001 -1.430976675387E-010  1.086347682071E-010 -8.112566696716E-011
  2.661983494664E+001 -1.022304213418E-010  7.802205221963E-011 -5.864072514497E-011
  2.707263405971E+001 -7.229564003713E-011  5.545731826268E-011 -4.193755614243E-011
  2.753680160532E+001 -5.059354450064E-011  3.900005434354E-011 -2.966541222203E-011
  2.801272130518E+001 -3.502591045879E-011  2.712698340348E-011 -2.074981764483E-011
  2.850079320900E+001 -2.397997306679E-011  1.865631152515E-011 -1.434697041725E-011
  2.900143453541E+001 -1.623003675511E-011  1.268203093348E-011 -9.802697342613E-012
  2.951508056378E+001 -1.085528399107E-011  8.517923152959E-012 -6.616369361253E-012
  3.004218558064E+001 -7.172084874179E-012  5.650615301082E-012 -4.409846808151E-012
  3.058322388437E+001 -4.679030173178E-012  3.700853051295E-012 -2.901275779828E-012
  3.113869085248E+001 -3.012920702917E-012  2.392050475282E-012 -1.883386076305E-012
  3.170910407585E+001 -1.914024026900E-012  1.525142821442E-012 -1.205835880922E-012
  3.229500456485E+001 -1.199035395541E-012  9.587870644200E-013 -7.610959511943E-013
  3.289695803249E+001 -7.403360386014E-013  5.940118994326E-013 -4.733545873970E-013
  3.351555626047E+001 -4.503136284982E-013  3.625007040816E-013 -2.899429963144E-013
  3.415141855403E+001 -2.696850096282E-013  2.177868777464E-013 -1.748192104549E-013
  3.480519329257E+001 -1.589310715916E-013  1.287420902075E-013 -1.036993508182E-013
  3.547755958299E+001 -9.211149187287E-014  7.483763545037E-014 -6.048124602367E-014
  3.616922902393E+001 -5.246888049254E-014  4.275254996252E-014 -3.466232166457E-014
  3.688094758921E+001 -2.935548617993E-014  2.398637953351E-014 -1.950776308409E-014
  3.761349763993E+001 -1.612050153092E-014  1.320784646204E-014 -1.077398575016E-014
  3.836770007534E+001 -8.682741160340E-015  7.132679830837E-015 -5.835194314093E-015
  3.914441663347E+001 -4.583481661090E-015  3.774849210770E-015 -3.096841615874E-015
  3.994455235367E+001 -2.369457369879E-015  1.956268370469E-015 -1.609255739642E-015
  4.076905821405E+001 -1.198542884906E-015  9.919208454904E-016 -8.181126438383E-016
  4.161893395835E+001 -5.926892667766E-016  4.916591339555E-016 -4.065402099638E-016
  4.249523112779E+001 -2.862639906240E-016  2.380061852403E-016 -1.972860373503E-016
  4.339905631520E+001 -1.349113555242E-016  1.124155685438E-016 -9.340500325602E-017
  4.433157466006E+001 -6.197629374184E-017  5.175269735645E-017 -4.310031825759E-017
  4.529401360538E+001 -2.772215409445E-017  2.319731837837E-017 -1.936237424170E-017
  4.628766693861E+001 -1.206023597367E-017  1.011218394879E-017 -8.458821945619E-018
  4.731389914191E+001 -5.096685280489E-018  4.281846889976E-018 -3.589319035152E-018
  4.837415007871E+001 -2.089630254877E-018  1.758909876880E-018 -1.477452495147E-018
  4.946994004686E+001 -8.300722644377E-019  7.000004723481E-019 -5.891573750923E-019
  5.060287523143E+001 -3.190134842991E-019  2.695119303406E-019 -2.272736275809E-019
  5.177465359367E+001 -1.184390977703E-019  1.002373397121E-019 -8.468657895103E-020
  5.298707123650E+001 -4.241135884864E-020  3.595520552998E-020 -3.043250237315E-020
  5.424202929116E+001 -1.462304115374E-020  1.241774563660E-020 -1.052900031565E-020
  5.554154137419E+001 -4.846021662388E-021  4.121894127048E-021 -3.500968094772E-021
  5.688774166961E+001 -1.540643166019E-021  1.312506690456E-021 -1.116654940477E-021
  5.828289369667E+001 -4.689370784510E-022  4.001143755858E-022 -3.409633399791E-022
  5.972939983075E+001 -1.363627477041E-022  1.165247364359E-022 -9.945539055537E-023
  6.122981165190E+001 -3.779727886569E-023  3.234587742113E-023 -2.765012189389E-023
  6.278684120462E+001 -9.962346552809E-024  8.537678133126E-024 -7.309163461011E-024
  6.440337326150E+001 -2.490489701221E-024  2.137306523533E-024 -1.832428110024E-024
  6.608247869451E+001 -5.889023864350E-025  5.060739249634E-025 -4.344995677430E-025
  6.782742906960E+001 -1.313327161467E-025  1.130100995905E-025 -9.716088219753E-026
  6.964171259434E+001 -2.753753799778E-026  2.372622510183E-026 -2.042611176520E-026
  7.152905156377E+001 -5.410788395332E-027  4.667767526439E-027 -4.023775021005E-027
  7.349342146763E+001 -9.927540752904E-028  8.574756420018E-028 -7.401141254392E-028
  7.553907194217E+001 -1.694433529601E-028  1.465287284953E-028 -1.266302809627E-028
  7.767054977292E+001 -2.679475836937E-029  2.319814520909E-029 -2.007205440291E-029
  7.989272418113E+001 -3.908707609900E-030  3.387888899435E-030 -2.934795117797E-030
  8.221081465675E+001 -5.235452064069E-031  4.542871309208E-031 -3.939814812715E-031
  8.463042163523E+001 -6.406851025858E-032  5.565307587767E-032 -4.831904553820E-032
  8.715756035520E+001 -7.124842340872E-033  6.195501071353E-033 -5.384889824883E-033
  8.979869827958E+001 -7.158817644117E-034  6.231430148658E-034 -5.421844781208E-034
  9.256079651532E+001 -6.458718072385E-035  5.627647861654E-035 -4.901548533355E-035
  9.545135572765E+001 -5.197379752652E-036  4.533027597920E-036 -3.952120642795E-036
  9.847846711487E+001 -3.703569526733E-037  3.233234243737E-037 -2.821649937279E-037
  1.016508690915E+002 -2.318825262411E-038  2.026222450382E-038 -1.769971210804E-038
  1.049780104220E+002 -1.264924866229E-039  1.106308318723E-039 -9.672920864351E-040
  1.084701206579E+002 -5.957240706365E-041  5.214817209156E-041 -4.563651271109E-041
  1.121382888606E+002 -2.398335984959E-042  2.101245642673E-042 -1.840483261341E-042
  1.159945517414E+002 -8.165674656383E-044  7.160153197907E-044 -6.276955834873E-044
  1.200519925308E+002 -2.323900670724E-045  2.039398180813E-045 -1.789331304925E-045
  1.243248520934E+002 -5.458371946195E-047  4.793942248120E-047 -4.209533716671E-047
  1.288286540551E+002 -1.043535296299E-048  9.172193139945E-049 -8.060417784488E-049
  1.335803459987E+002 -1.599465410361E-050  1.406917496425E-050 -1.237334357578E-050
  1.385984591287E+002 -1.933197845221E-052  1.701724846120E-052 -1.497728092578E-052
  1.439032892205E+002 -1.809405955650E-054  1.593896112085E-054 -1.403848195250E-054
  1.495171021587E+002 -1.285621410549E-056  1.133287014958E-056 -9.988678659193E-057
  1.554643679592E+002 -6.784381535713E-059  5.984555780749E-059 -5.278368550636E-059
  1.617720278763E+002 -2.595792744763E-061  2.291282721473E-061 -2.022264576206E-061
  1.684698000514E+002 -7.012224398862E-064  6.193609181351E-064 -5.469990858549E-064
  1.755905301928E+002 -1.298720578349E-066  1.147824518250E-066 -1.014364337751E-066
  1.831705950299E+002 -1.596340829691E-069  1.411723915683E-069 -1.248349624400E-069
  1.912503678195E+002 -1.256053538014E-072  1.111448639784E-072 -9.834138302633E-073
  1.998747570544E+002 -6.077476548857E-076  5.380894586202E-076 -4.763810202374E-076
  2.090938318328E+002 -1.729120278638E-079  1.531790281996E-079 -1.356891329032E-079
  2.189635501945E+002 -2.751560252594E-083  2.438872694320E-083 -2.161591122530E-083
  2.295466102647E+002 -2.315420715312E-087  2.053379461104E-087 -1.820896592490E-087
  2.409134484547E+002 -9.674195839522E-092  8.583742359807E-092 -7.615834708929E-092
  2.531434144886E+002 -1.869415500589E-096  1.659524035456E-096 -1.473134424085E-096
  2.663261599835E+002 -1.541947782277E-101  1.369483458276E-101 -1.216261495137E-101
  2.805632861191E+002 -4.957096490453E-107  4.404712004873E-107 -3.913744475845E-107
  2.959703071532E+002 -5.601321588659E-113  4.979404083703E-113 -4.426399954355E-113
  3.126790009236E+002 -1.977183629772E-119  1.758427121642E-119 -1.563830341238E-119
  3.308402360200E+002 -1.904853675868E-126  1.694819152164E-126 -1.507906268521E-126
  3.506273893903E+002 -4.288907516799E-134  3.817567745636E-134 -3.397952405082E-134
  3.722404996260E+002 -1.886890438350E-142  1.680192785026E-142 -1.496108634759E-142
  3.959113426415E+002 -1.318147632721E-151  1.174202373834E-151 -1.045958483630E-151
  4.219096715122E+002 -1.148502780894E-161  1.023461710868E-161 -9.120206141108E-162
  4.505509359373E+002 -9.410486253193E-173  8.388928866388E-173 -7.478169230049E-173
  4.822058963204E+002 -5.203000425106E-185  4.639781445117E-185 -4.137483325032E-185
  5.173126831536E+002 -1.311307465407E-198  1.169746600660E-198 -1.043457544675E-198
  5.563920392209E+002 -9.451031557541E-214  8.433435129319E-214 -7.525340062287E-214
  6.000667421536E+002 -1.115335302685E-230  9.955504690875E-231 -8.886238534609E-231
  6.490865708786E+002 -1.101312929343E-249  9.833217908320E-250 -8.779664266520E-250
  7.043607010442E+002 -4.031064845632E-271  3.600198212952E-271 -3.215368636277E-271
  7.670001674974E+002 -2.022251052294E-295  1.806583582306E-295 -1.613909364465E-295
  8.383741345464E+002  0.000000000000E+000  0.000000000000E+000  0.000000000000E+000
  9.201853543213E+002  0.000000000000E+000  0.000000000000E+000  0.000000000000E+000
  1.014572672318E+003  0.000000000000E+000  0.000000000000E+000  0.000000000000E+000
  1.124252254996E+003  0.000000000000E+000  0.000000000000E+000  0.000000000000E+000
  1.252715205428E+003  0.000000000000E+000  0.000000000000E+000  0.000000000000E+000
  1.404508845568E+003  0.000000000000E+000  0.000000000000E+000  0.000000000000E+000
  1.585644739908E+003  0.000000000000E+000  0.000000000000E+000  0.000000000000E+000
  1.804203189488E+003  0.000000000000E+000  0.000000000000E+000  0.000000000000E+000
  2.071250249814E+003  0.000000000000E+000  0.000000000000E+000  0.000000000000E+000
  2.402266552340E+003  0.000000000000E+000  0.000000000000E+000  0.000000000000E+000
  2.819442449497E+003  0.000000000000E+000  0.000000000000E+000  0.000000000000E+000
  3.355496240167E+003  0.000000000000E+000  0.000000000000E+000  0.000000000000E+000
  4.060290442982E+003  0.000000000000E+000  0.000000000000E+000  0.000000000000E+000
  5.012860622227E+003  0.000000000000E+000  0.000000000000E+000  0.000000000000E+000
  6.344578802016E+003  0.000000000000E+000  0.000000000000E+000  0.000000000000E+000
  8.287000878586E+003  0.000000000000E+000  0.000000000000E+000  0.000000000000E+000
  1.127976970933E+004  0.000000000000E+000  0.000000000000E+000  0.000000000000E+000
  1.624316171036E+004  0.000000000000E+000  0.000000000000E+000  0.000000000000E+000
  2.538031516868E+004  0.000000000000E+000  0.000000000000E+000  0.000000000000E+000
  4.512107881524E+004  0.000000000000E+000  0.000000000000E+000  0.000000000000E+000
  1.015232606647E+005  0.000000000000E+000  0.000000000000E+000  0.000000000000E+000
  4.060950426526E+005  0.000000000000E+000  0.000000000000E+000  0.000000000000E+000
