# 1st line: number of mesh points
# abcissa wavefunction wavefunction_1st wavefunction_2nd
1000
# Principal QN=   3 , l=   1 , Occupation=   5.0000
  2.462477732966E-006  3.588354327499E-004  1.457136225231E+002 -6.227537699260E+003
  9.849959442330E-006  1.435122237531E-003  1.456676236733E+002 -6.225650564994E+003
  2.216259066178E-005  3.228202140803E-003  1.455909888896E+002 -6.222506835824E+003
  3.940061395432E-005  5.736978709093E-003  1.454837630843E+002 -6.218108751622E+003
  6.156436892224E-005  8.959918381446E-003  1.453460090620E+002 -6.212459444134E+003
  8.865429222131E-005  1.289505191257E-002  1.451778074460E+002 -6.205562932912E+003
  1.206709175794E-004  1.753997622438E-002  1.449792565856E+002 -6.197424120101E+003
  1.576148758184E-004  2.289185666294E-002  1.447504724416E+002 -6.188048784081E+003
  1.994868948811E-004  2.894742965721E-002  1.444915884525E+002 -6.177443571982E+003
  2.462877998613E-004  3.570300577538E-002  1.442027553805E+002 -6.165615991088E+003
  2.980185130383E-004  4.315447317394E-002  1.438841411376E+002 -6.152574399134E+003
  3.546800539158E-004  5.129730143406E-002  1.435359305921E+002 -6.138327993524E+003
  4.162735392647E-004  6.012654577909E-002  1.431583253568E+002 -6.122886799487E+003
  4.828001831694E-004  6.963685166652E-002  1.427515435577E+002 -6.106261657184E+003
  5.542612970792E-004  7.982245974744E-002  1.423158195851E+002 -6.088464207806E+003
  6.306582898628E-004  9.067721118521E-002  1.418514038262E+002 -6.069506878666E+003
  7.119926678676E-004  1.021945533255E-001  1.413585623805E+002 -6.049402867328E+003
  7.982660349828E-004  1.143675457085E-001  1.408375767591E+002 -6.028166124798E+003
  8.894800927067E-004  1.271888664141E-001  1.402887435665E+002 -6.005811337797E+003
  9.856366402179E-004  1.406508187303E-001  1.397123741673E+002 -5.982353910157E+003
  1.086737574451E-003  1.547453381340E-001  1.391087943376E+002 -5.957809943376E+003
  1.192784890174E-003  1.694639995745E-001  1.384783439015E+002 -5.932196216349E+003
  1.303780680078E-003  1.847980250472E-001  1.378213763541E+002 -5.905530164329E+003
  1.419727134858E-003  2.007382914473E-001  1.371382584708E+002 -5.877829857144E+003
  1.540626543307E-003  2.172753386905E-001  1.364293699041E+002 -5.849113976712E+003
  1.666481292416E-003  2.343993780892E-001  1.356951027682E+002 -5.819401793890E+003
  1.797293867468E-003  2.521003009710E-001  1.349358612128E+002 -5.788713144701E+003
  1.933066852148E-003  2.703676875277E-001  1.341520609861E+002 -5.757068405974E+003
  2.073802928647E-003  2.891908158805E-001  1.333441289877E+002 -5.724488470443E+003
  2.219504877777E-003  3.085586713485E-001  1.325125028129E+002 -5.690994721352E+003
  2.370175579090E-003  3.284599559076E-001  1.316576302887E+002 -5.656609006595E+003
  2.525818010992E-003  3.488830978253E-001  1.307799690019E+002 -5.621353612450E+003
  2.686435250879E-003  3.698162614578E-001  1.298799858209E+002 -5.585251236943E+003
  2.852030475254E-003  3.912473571958E-001  1.289581564111E+002 -5.548324962886E+003
  3.022606959872E-003  4.131640515443E-001  1.280149647459E+002 -5.510598230642E+003
  3.198168079872E-003  4.355537773228E-001  1.270509026123E+002 -5.472094810651E+003
  3.378717309917E-003  4.584037439720E-001  1.260664691134E+002 -5.432838775772E+003
  3.564258224347E-003  4.817009479518E-001  1.250621701689E+002 -5.392854473478E+003
  3.754794497325E-003  5.054321832182E-001  1.240385180119E+002 -5.352166497959E+003
  3.950329902993E-003  5.295840517633E-001  1.229960306865E+002 -5.310799662168E+003
  4.150868315631E-003  5.541429742059E-001  1.219352315429E+002 -5.268778969865E+003
  4.356413709820E-003  5.790952004175E-001  1.208566487351E+002 -5.226129587691E+003
  4.566970160612E-003  6.044268201720E-001  1.197608147175E+002 -5.182876817331E+003
  4.782541843700E-003  6.301237738029E-001  1.186482657450E+002 -5.139046067797E+003
  5.003133035593E-003  6.561718628572E-001  1.175195413754E+002 -5.094662827882E+003
  5.228748113801E-003  6.825567607315E-001  1.163751839745E+002 -5.049752638828E+003
  5.459391557015E-003  7.092640232778E-001  1.152157382257E+002 -5.004341067238E+003
  5.695067945303E-003  7.362790993658E-001  1.140417506451E+002 -4.958453678289E+003
  5.935781960296E-003  7.635873413911E-001  1.128537691006E+002 -4.912116009277E+003
  6.181538385392E-003  7.911740157151E-001  1.116523423387E+002 -4.865353543533E+003
  6.432342105956E-003  8.190243130266E-001  1.104380195169E+002 -4.818191684750E+003
  6.688198109528E-003  8.471233586128E-001  1.092113497442E+002 -4.770655731759E+003
  6.949111486034E-003  8.754562225293E-001  1.079728816291E+002 -4.722770853789E+003
  7.215087428003E-003  9.040079296584E-001  1.067231628371E+002 -4.674562066237E+003
  7.486131230784E-003  9.327634696455E-001  1.054627396566E+002 -4.626054207003E+003
  7.762248292776E-003  9.617078067035E-001  1.041921565744E+002 -4.577271913391E+003
  8.043444115654E-003  9.908258892771E-001  1.029119558621E+002 -4.528239599638E+003
  8.329724304602E-003  1.020102659556E+000  1.016226771729E+002 -4.478981435074E+003
  8.621094568555E-003  1.049523062831E+000  1.003248571492E+002 -4.429521322957E+003
  8.917560720438E-003  1.079072056683E+000  9.901902904226E+001 -4.379882880003E+003
  9.219128677417E-003  1.108734620001E+000  9.770572234372E+001 -4.330089416634E+003
  9.525804461149E-003  1.138495761814E+000  9.638546242933E+001 -4.280163917966E+003
  9.837594198038E-003  1.168340529942E+000  9.505877021544E+001 -4.230129025566E+003
  1.015450411950E-002  1.198254019450E+000  9.372616182857E+001 -4.180007019989E+003
  1.047654056222E-002  1.228221380905E+000  9.238814828814E+001 -4.129819804110E+003
  1.080370996845E-002  1.258227828427E+000  9.104523520279E+001 -4.079588887283E+003
  1.113601888623E-002  1.288258647537E+000  8.969792248044E+001 -4.029335370318E+003
  1.147347396972E-002  1.318299202789E+000  8.834670405226E+001 -3.979079931312E+003
  1.181608197948E-002  1.348334945184E+000  8.699206761077E+001 -3.928842812325E+003
  1.216384978272E-002  1.378351419373E+000  8.563449436210E+001 -3.878643806923E+003
  1.251678435364E-002  1.408334270633E+000  8.427445879259E+001 -3.828502248589E+003
  1.287489277369E-002  1.438269251620E+000  8.291242844980E+001 -3.778437000010E+003
  1.323818223191E-002  1.468142228902E+000  8.154886373787E+001 -3.728466443240E+003
  1.360666002522E-002  1.497939189260E+000  8.018421772733E+001 -3.678608470748E+003
  1.398033355872E-002  1.527646245771E+000  7.881893597932E+001 -3.628880477342E+003
  1.435921034603E-002  1.557249643652E+000  7.745345638409E+001 -3.579299352977E+003
  1.474329800963E-002  1.586735765895E+000  7.608820901384E+001 -3.529881476436E+003
  1.513260428113E-002  1.616091138661E+000  7.472361598967E+001 -3.480642709886E+003
  1.552713700165E-002  1.645302436458E+000  7.336009136252E+001 -3.431598394293E+003
  1.592690412217E-002  1.674356487097E+000  7.199804100805E+001 -3.382763345702E+003
  1.633191370382E-002  1.703240276422E+000  7.063786253507E+001 -3.334151852362E+003
  1.674217391826E-002  1.731940952829E+000  6.927994520756E+001 -3.285777672684E+003
  1.715769304806E-002  1.760445831563E+000  6.792466987979E+001 -3.237654034027E+003
  1.757847948698E-002  1.788742398805E+000  6.657240894450E+001 -3.189793632298E+003
  1.800454174044E-002  1.816818315553E+000  6.522352629370E+001 -3.142208632339E+003
  1.843588842578E-002  1.844661421296E+000  6.387837729187E+001 -3.094910669101E+003
  1.887252827273E-002  1.872259737479E+000  6.253730876125E+001 -3.047910849573E+003
  1.931447012370E-002  1.899601470787E+000  6.120065897882E+001 -3.001219755459E+003
  1.976172293425E-002  1.926675016223E+000  5.986875768463E+001 -2.954847446571E+003
  2.021429577341E-002  1.953468960000E+000  5.854192610121E+001 -2.908803464929E+003
  2.067219782411E-002  1.979972082259E+000  5.722047696346E+001 -2.863096839532E+003
  2.113543838356E-002  2.006173359600E+000  5.590471455884E+001 -2.817736091795E+003
  2.160402686371E-002  2.032061967444E+000  5.459493477730E+001 -2.772729241607E+003
  2.207797279156E-002  2.057627282229E+000  5.329142517058E+001 -2.728083814001E+003
  2.255728580967E-002  2.082858883446E+000  5.199446502044E+001 -2.683806846405E+003
  2.304197567655E-002  2.107746555516E+000  5.070432541532E+001 -2.639904896446E+003
  2.353205226706E-002  2.132280289521E+000  4.942126933509E+001 -2.596384050283E+003
  2.402752557287E-002  2.156450284787E+000  4.814555174332E+001 -2.553249931436E+003
  2.452840570292E-002  2.180246950337E+000  4.687741968661E+001 -2.510507710094E+003
  2.503470288379E-002  2.203660906205E+000  4.561711240059E+001 -2.468162112861E+003
  2.554642746023E-002  2.226682984624E+000  4.436486142207E+001 -2.426217432917E+003
  2.606358989558E-002  2.249304231102E+000  4.312089070681E+001 -2.384677540567E+003
  2.658620077221E-002  2.271515905377E+000  4.188541675253E+001 -2.343545894148E+003
  2.711427079202E-002  2.293309482267E+000  4.065864872662E+001 -2.302825551256E+003
  2.764781077690E-002  2.314676652414E+000  3.944078859812E+001 -2.262519180278E+003
  2.818683166921E-002  2.335609322943E+000  3.823203127342E+001 -2.222629072190E+003
  2.873134453224E-002  2.356099618015E+000  3.703256473537E+001 -2.183157152587E+003
  2.928136055074E-002  2.376139879306E+000  3.584257018509E+001 -2.144104993933E+003
  2.983689103139E-002  2.395722666402E+000  3.466222218635E+001 -2.105473827985E+003
  3.039794740329E-002  2.414840757123E+000  3.349168881175E+001 -2.067264558364E+003
  3.096454121851E-002  2.433487147773E+000  3.233113179050E+001 -2.029477773259E+003
  3.153668415253E-002  2.451655053329E+000  3.118070665721E+001 -1.992113758217E+003
  3.211438800486E-002  2.469337907570E+000  3.004056290143E+001 -1.955172509001E+003
  3.269766469947E-002  2.486529363152E+000  2.891084411732E+001 -1.918653744489E+003
  3.328652628537E-002  2.503223291630E+000  2.779168815330E+001 -1.882556919586E+003
  3.388098493714E-002  2.519413783434E+000  2.668322726106E+001 -1.846881238120E+003
  3.448105295547E-002  2.535095147808E+000  2.558558824378E+001 -1.811625665697E+003
  3.508674276771E-002  2.550261912702E+000  2.449889260298E+001 -1.776788942497E+003
  3.569806692844E-002  2.564908824634E+000  2.342325668387E+001 -1.742369595979E+003
  3.631503812000E-002  2.579030848520E+000  2.235879181872E+001 -1.708365953471E+003
  3.693766915309E-002  2.592623167471E+000  2.130560446803E+001 -1.674776154629E+003
  3.756597296732E-002  2.605681182569E+000  2.026379635911E+001 -1.641598163742E+003
  3.819996263183E-002  2.618200512615E+000  1.923346462200E+001 -1.608829781853E+003
  3.883965134583E-002  2.630176993857E+000  1.821470192212E+001 -1.576468658691E+003
  3.948505243923E-002  2.641606679699E+000  1.720759658982E+001 -1.544512304378E+003
  4.013617937323E-002  2.652485840389E+000  1.621223274624E+001 -1.512958100910E+003
  4.079304574093E-002  2.662810962696E+000  1.522869042554E+001 -1.481803313383E+003
  4.145566526792E-002  2.672578749565E+000  1.425704569314E+001 -1.451045100948E+003
  4.212405181296E-002  2.681786119760E+000  1.329737075990E+001 -1.420680527492E+003
  4.279821936853E-002  2.690430207496E+000  1.234973409202E+001 -1.390706572015E+003
  4.347818206155E-002  2.698508362056E+000  1.141420051661E+001 -1.361120138699E+003
  4.416395415396E-002  2.706018147390E+000  1.049083132272E+001 -1.331918066658E+003
  4.485555004336E-002  2.712957341708E+000  9.579684357772E+000 -1.303097139352E+003
  4.555298426375E-002  2.719323937054E+000  8.680814119350E+000 -1.274654093663E+003
  4.625627148608E-002  2.725116138869E+000  7.794271842239E+000 -1.246585628612E+003
  4.696542651902E-002  2.730332365539E+000  6.920105580681E+000 -1.218888413727E+003
  4.768046430958E-002  2.734971247921E+000  6.058360285833E+000 -1.191559097039E+003
  4.840139994379E-002  2.739031628865E+000  5.209077878405E+000 -1.164594312708E+003
  4.912824864743E-002  2.742512562702E+000  4.372297316491E+000 -1.137990688274E+003
  4.986102578670E-002  2.745413314727E+000  3.548054658617E+000 -1.111744851528E+003
  5.059974686895E-002  2.747733360648E+000  2.736383122032E+000 -1.085853437001E+003
  5.134442754336E-002  2.749472386019E+000  1.937313136320E+000 -1.060313092070E+003
  5.209508360169E-002  2.750630285649E+000  1.150872392374E+000 -1.035120482679E+003
  5.285173097899E-002  2.751207162977E+000  3.770858868324E-001 -1.010272298677E+003
  5.361438575437E-002  2.751203329421E+000 -3.840240379288E-001 -9.857652587755E+002
  5.438306415168E-002  2.750619303699E+000 -1.132437658146E+000 -9.615961151192E+002
  5.515778254035E-002  2.749455811108E+000 -1.868137837230E+000 -9.377616574869E+002
  5.593855743605E-002  2.747713782770E+000 -2.591109998416E+000 -9.142587171141E+002
  5.672540550155E-002  2.745394354844E+000 -3.301342101352E+000 -8.910841701497E+002
  5.751834354743E-002  2.742498867682E+000 -3.998824622470E+000 -8.682349407476E+002
  5.831738853289E-002  2.739028864957E+000 -4.683550538981E+000 -8.457080038022E+002
  5.912255756656E-002  2.734986092731E+000 -5.355515316325E+000 -8.235003873346E+002
  5.993386790726E-002  2.730372498479E+000 -6.014716898887E+000 -8.016091745347E+002
  6.075133696481E-002  2.725190230060E+000 -6.661155703792E+000 -7.800315054713E+002
  6.157498230090E-002  2.719441634627E+000 -7.294834617597E+000 -7.587645784752E+002
  6.240482162984E-002  2.713129257489E+000 -7.915758995664E+000 -7.378056512082E+002
  6.324087281946E-002  2.706255840904E+000 -8.523936664022E+000 -7.171520414252E+002
  6.408315389190E-002  2.698824322808E+000 -9.119377923506E+000 -6.968011274414E+002
  6.493168302447E-002  2.690837835488E+000 -9.702095555951E+000 -6.767503483158E+002
  6.578647855056E-002  2.682299704174E+000 -1.027210483224E+001 -6.569972037608E+002
  6.664755896041E-002  2.673213445570E+000 -1.082942352200E+001 -6.375392537913E+002
  6.751494290207E-002  2.663582766309E+000 -1.137407190465E+001 -6.183741181237E+002
  6.838864918226E-002  2.653411561330E+000 -1.190607278174E+001 -5.994994753394E+002
  6.926869676725E-002  2.642703912181E+000 -1.242545149019E+001 -5.809130618220E+002
  7.015510478375E-002  2.631464085247E+000 -1.293223591631E+001 -5.626126704848E+002
  7.104789251987E-002  2.619696529887E+000 -1.342645651036E+001 -5.445961492986E+002
  7.194707942599E-002  2.607405876499E+000 -1.390814630148E+001 -5.268613996340E+002
  7.285268511573E-002  2.594596934495E+000 -1.437734091268E+001 -5.094063744317E+002
  7.376472936684E-002  2.581274690192E+000 -1.483407857576E+001 -4.922290762132E+002
  7.468323212221E-002  2.567444304622E+000 -1.527840014600E+001 -4.753275549460E+002
  7.560821349078E-002  2.553111111243E+000 -1.571034911626E+001 -4.586999057752E+002
  7.653969374850E-002  2.538280613579E+000 -1.612997163051E+001 -4.423442666369E+002
  7.747769333938E-002  2.522958482752E+000 -1.653731649639E+001 -4.262588157631E+002
  7.842223287637E-002  2.507150554942E+000 -1.693243519684E+001 -4.104417690948E+002
  7.937333314243E-002  2.490862828747E+000 -1.731538190038E+001 -3.948913776133E+002
  8.033101509154E-002  2.474101462460E+000 -1.768621347014E+001 -3.796059246033E+002
  8.129529984966E-002  2.456872771251E+000 -1.804498947124E+001 -3.645837228601E+002
  8.226620871580E-002  2.439183224270E+000 -1.839177217651E+001 -3.498231118534E+002
  8.324376316303E-002  2.421039441645E+000 -1.872662657043E+001 -3.353224548588E+002
  8.422798483957E-002  2.402448191416E+000 -1.904962035100E+001 -3.210801360688E+002
  8.521889556978E-002  2.383416386357E+000 -1.936082392962E+001 -3.070945576952E+002
  8.621651735528E-002  2.363951080737E+000 -1.966031042865E+001 -2.933641370727E+002
  8.722087237602E-002  2.344059466978E+000 -1.994815567678E+001 -2.798873037751E+002
  8.823198299134E-002  2.323748872239E+000 -2.022443820189E+001 -2.666624967537E+002
  8.924987174107E-002  2.303026754923E+000 -2.048923922144E+001 -2.536881615079E+002
  9.027456134670E-002  2.281900701095E+000 -2.074264263030E+001 -2.409627472973E+002
  9.130607471240E-002  2.260378420836E+000 -2.098473498595E+001 -2.284847044040E+002
  9.234443492626E-002  2.238467744510E+000 -2.121560549092E+001 -2.162524814541E+002
  9.338966526132E-002  2.216176618967E+000 -2.143534597255E+001 -2.042645228050E+002
  9.444178917683E-002  2.193513103676E+000 -2.164405085990E+001 -1.925192660079E+002
  9.550083031933E-002  2.170485366792E+000 -2.184181715795E+001 -1.810151393513E+002
  9.656681252387E-002  2.147101681153E+000 -2.202874441883E+001 -1.697505594923E+002
  9.763975981519E-002  2.123370420226E+000 -2.220493471032E+001 -1.587239291814E+002
  9.871969640891E-002  2.099300053988E+000 -2.237049258147E+001 -1.479336350879E+002
  9.980664671274E-002  2.074899144759E+000 -2.252552502538E+001 -1.373780457285E+002
  1.009006353277E-001  2.050176342981E+000 -2.267014143920E+001 -1.270555095064E+002
  1.020016870494E-001  2.025140382951E+000 -2.280445358135E+001 -1.169643528626E+002
  1.031098268692E-001  1.999800078509E+000 -2.292857552593E+001 -1.071028785451E+002
  1.042250799756E-001  1.974164318694E+000 -2.304262361454E+001 -9.746936399696E+001
  1.053474717553E-001  1.948242063351E+000 -2.314671640534E+001 -8.806205986859E+001
  1.064770277946E-001  1.922042338723E+000 -2.324097461962E+001 -7.887918865350E+001
  1.076137738809E-001  1.895574233001E+000 -2.332552108580E+001 -6.991894345151E+001
  1.087577360036E-001  1.868846891857E+000 -2.340048068098E+001 -6.117948685958E+001
  1.099089403557E-001  1.841869513960E+000 -2.346598027016E+001 -5.265894999132E+001
  1.110674133350E-001  1.814651346473E+000 -2.352214864321E+001 -4.435543162570E+001
  1.122331815458E-001  1.787201680536E+000 -2.356911644956E+001 -3.626699748465E+001
  1.134062717995E-001  1.759529846750E+000 -2.360701613097E+001 -2.839167963945E+001
  1.145867111168E-001  1.731645210654E+000 -2.363598185214E+001 -2.072747604471E+001
  1.157745267286E-001  1.703557168201E+000 -2.365614942967E+001 -1.327235019901E+001
  1.169697460775E-001  1.675275141245E+000 -2.366765625906E+001 -6.024230930485E+000
  1.181723968193E-001  1.646808573033E+000 -2.367064124024E+001  1.018987694637E+000
  1.193825068243E-001  1.618166923715E+000 -2.366524470151E+001  7.859446342643E+000
  1.206001041787E-001  1.589359665872E+000 -2.365160832212E+001  1.449932026483E+001
  1.218252171865E-001  1.560396280059E+000 -2.362987505358E+001  2.094081903470E+001
  1.230578743703E-001  1.531286250385E+000 -2.360018903986E+001  2.718618617295E+001
  1.242981044731E-001  1.502039060116E+000 -2.356269553657E+001  3.323769866384E+001
  1.255459364600E-001  1.472664187314E+000 -2.351754082932E+001  3.909766636642E+001
  1.268013995194E-001  1.443171100509E+000 -2.346487215127E+001  4.476843132464E+001
  1.280645230647E-001  1.413569254424E+000 -2.340483760017E+001  5.025236698030E+001
  1.293353367356E-001  1.383868085730E+000 -2.333758605487E+001  5.555187729326E+001
  1.306138704000E-001  1.354077008863E+000 -2.326326709156E+001  6.066939577322E+001
  1.319001541553E-001  1.324205411882E+000 -2.318203089972E+001  6.560738442774E+001
  1.331942183303E-001  1.294262652386E+000 -2.309402819813E+001  7.036833263116E+001
  1.344960934863E-001  1.264258053494E+000 -2.299941015082E+001  7.495475591927E+001
  1.358058104191E-001  1.234200899877E+000 -2.289832828331E+001  7.936919471469E+001
  1.371234001607E-001  1.204100433859E+000 -2.279093439912E+001  8.361421298777E+001
  1.384488939805E-001  1.173965851587E+000 -2.267738049671E+001  8.769239685834E+001
  1.397823233874E-001  1.143806299263E+000 -2.255781868705E+001  9.160635314307E+001
  1.411237201313E-001  1.113630869454E+000 -2.243240111181E+001  9.535870785381E+001
  1.424731162050E-001  1.083448597477E+000 -2.230127986236E+001  9.895210465182E+001
  1.438305438454E-001  1.053268457850E+000 -2.216460689974E+001  1.023892032631E+002
  1.451960355357E-001  1.023099360833E+000 -2.202253397553E+001  1.056726778597E+002
  1.465696240072E-001  9.929501490451E-001 -2.187521255395E+001  1.088052154124E+002
  1.479513422405E-001  9.628295941575E-001 -2.172279373513E+001  1.117895140192E+002
  1.493412234681E-001  9.327463936789E-001 -2.156542817972E+001  1.146282812151E+002
  1.507393011753E-001  9.027091678189E-001 -2.140326603483E+001  1.173242322671E+002
  1.521456091027E-001  8.727264564403E-001 -2.123645686158E+001  1.198800884603E+002
  1.535601812478E-001  8.428067160974E-001 -2.106514956412E+001  1.222985753788E+002
  1.549830518669E-001  8.129583171620E-001 -2.088949232036E+001  1.245824211861E+002
  1.564142554766E-001  7.831895410388E-001 -2.070963251436E+001  1.267343549091E+002
  1.578538268564E-001  7.535085774694E-001 -2.052571667053E+001  1.287571047310E+002
  1.593018010499E-001  7.239235219266E-001 -2.033789038971E+001  1.306533962958E+002
  1.607582133673E-001  6.944423730989E-001 -2.014629828705E+001  1.324259510284E+002
  1.622230993867E-001  6.650730304647E-001 -1.995108393195E+001  1.340774844756E+002
  1.636964949568E-001  6.358232919578E-001 -1.975238978990E+001  1.356107046694E+002
  1.651784361984E-001  6.067008517229E-001 -1.955035716638E+001  1.370283105179E+002
  1.666689595063E-001  5.777132979616E-001 -1.934512615283E+001  1.383329902255E+002
  1.681681015517E-001  5.488681108678E-001 -1.913683557472E+001  1.395274197461E+002
  1.696758992842E-001  5.201726606532E-001 -1.892562294167E+001  1.406142612730E+002
  1.711923899335E-001  4.916342056617E-001 -1.871162439980E+001  1.415961617657E+002
  1.727176110118E-001  4.632598905716E-001 -1.849497468615E+001  1.424757515195E+002
  1.742516003158E-001  4.350567446863E-001 -1.827580708526E+001  1.432556427766E+002
  1.757943959287E-001  4.070316803107E-001 -1.805425338795E+001  1.439384283834E+002
  1.773460362227E-001  3.791914912141E-001 -1.783044385220E+001  1.445266804947E+002
  1.789065598608E-001  3.515428511779E-001 -1.760450716623E+001  1.450229493266E+002
  1.804760057990E-001  3.240923126264E-001 -1.737657041368E+001  1.454297619600E+002
  1.820544132889E-001  2.968463053402E-001 -1.714675904093E+001  1.457496211949E+002
  1.836418218792E-001  2.698111352516E-001 -1.691519682652E+001  1.459850044586E+002
  1.852382714189E-001  2.429929833184E-001 -1.668200585270E+001  1.461383627664E+002
  1.868438020586E-001  2.163979044774E-001 -1.644730647894E+001  1.462121197371E+002
  1.884584542535E-001  1.900318266745E-001 -1.621121731758E+001  1.462086706637E+002
  1.900822687655E-001  1.639005499701E-001 -1.597385521138E+001  1.461303816390E+002
  1.917152866652E-001  1.380097457189E-001 -1.573533521313E+001  1.459795887367E+002
  1.933575493349E-001  1.123649558218E-001 -1.549577056705E+001  1.457585972487E+002
  1.950090984705E-001  8.697159204904E-002 -1.525527269225E+001  1.454696809770E+002
  1.966699760840E-001  6.183493543191E-002 -1.501395116781E+001  1.451150815819E+002
  1.983402245061E-001  3.696013572275E-002 -1.477191371987E+001  1.446970079840E+002
  2.000198863884E-001  1.235221092037E-002 -1.452926621029E+001  1.442176358215E+002
  2.017090047061E-001 -1.198395314019E-002 -1.428611262708E+001  1.436791069608E+002
  2.034076227605E-001 -3.604360313525E-002 -1.404255507649E+001  1.430835290599E+002
  2.051157841813E-001 -5.982211853926E-002 -1.379869377663E+001  1.424329751838E+002
  2.068335329293E-001 -8.331501185239E-002 -1.355462705266E+001  1.417294834714E+002
  2.085609132993E-001 -1.065179287704E-001 -1.331045133345E+001  1.409750568519E+002
  2.102979699219E-001 -1.294266482990E-001 -1.306626114964E+001  1.401716628097E+002
  2.120447477670E-001 -1.520370828131E-001 -1.282214913314E+001  1.393212331975E+002
  2.138012921459E-001 -1.743452780644E-001 -1.257820601780E+001  1.384256640944E+002
  2.155676487143E-001 -1.963474131373E-001 -1.233452064148E+001  1.374868157095E+002
  2.173438634747E-001 -2.180398003551E-001 -1.209117994922E+001  1.365065123283E+002
  2.191299827795E-001 -2.394188851386E-001 -1.184826899756E+001  1.354865423001E+002
  2.209260533334E-001 -2.604812458181E-001 -1.160587095994E+001  1.344286580666E+002
  2.227321221965E-001 -2.812235933998E-001 -1.136406713315E+001  1.333345762272E+002
  2.245482367870E-001 -3.016427712892E-001 -1.112293694471E+001  1.322059776420E+002
  2.263744448840E-001 -3.217357549717E-001 -1.088255796115E+001  1.310445075691E+002
  2.282107946304E-001 -3.414996516527E-001 -1.064300589719E+001  1.298517758356E+002
  2.300573345358E-001 -3.609316998571E-001 -1.040435462567E+001  1.286293570390E+002
  2.319141134796E-001 -3.800292689912E-001 -1.016667618825E+001  1.273787907792E+002
  2.337811807137E-001 -3.987898588670E-001 -9.930040806831E+000  1.261015819175E+002
  2.356585858657E-001 -4.172110991902E-001 -9.694516895561E+000  1.247992008621E+002
  2.375463789419E-001 -4.352907490131E-001 -9.460171073502E+000  1.234730838778E+002
  2.394446103301E-001 -4.530266961540E-001 -9.227068177807E+000  1.221246334183E+002
  2.413533308032E-001 -4.704169565824E-001 -8.995271277422E+000  1.207552184791E+002
  2.432725915217E-001 -4.874596737737E-001 -8.764841687237E+000  1.193661749696E+002
  2.452024440374E-001 -5.041531180310E-001 -8.535838982665E+000  1.179588061031E+002
  2.471429402963E-001 -5.204956857777E-001 -8.308321014596E+000  1.165343828015E+002
  2.490941326418E-001 -5.364858988202E-001 -8.082343924692E+000  1.150941441157E+002
  2.510560738180E-001 -5.521224035812E-001 -7.857962160988E+000  1.136392976573E+002
  2.530288169732E-001 -5.674039703058E-001 -7.635228493760E+000  1.121710200422E+002
  2.550124156627E-001 -5.823294922392E-001 -7.414194031629E+000  1.106904573436E+002
  2.570069238527E-001 -5.968979847784E-001 -7.194908237872E+000  1.091987255533E+002
  2.590123959233E-001 -6.111085845965E-001 -6.977418946910E+000  1.076969110495E+002
  2.610288866721E-001 -6.249605487422E-001 -6.761772380943E+000  1.061860710711E+002
  2.630564513176E-001 -6.384532537136E-001 -6.548013166713E+000  1.046672341951E+002
  2.650951455027E-001 -6.515861945069E-001 -6.336184352369E+000  1.031414008175E+002
  2.671450252982E-001 -6.643589836411E-001 -6.126327424401E+000  1.016095436370E+002
  2.692061472063E-001 -6.767713501585E-001 -5.918482324653E+000  1.000726081381E+002
  2.712785681644E-001 -6.888231386011E-001 -5.712687467361E+000  9.853151307504E+001
  2.733623455485E-001 -7.005143079644E-001 -5.508979756228E+000  9.698715095431E+001
  2.754575371771E-001 -7.118449306275E-001 -5.307394601510E+000  9.544038851516E+001
  2.775642013146E-001 -7.228151912607E-001 -5.107965937099E+000  9.389206720720E+001
  2.796823966754E-001 -7.334253857102E-001 -4.910726237597E+000  9.234300366445E+001
  2.818121824272E-001 -7.436759198612E-001 -4.715706535368E+000  9.079399017492E+001
  2.839536181956E-001 -7.535673084779E-001 -4.522936437569E+000  8.924579514535E+001
  2.861067640671E-001 -7.631001740227E-001 -4.332444143133E+000  8.769916356014E+001
  2.882716805935E-001 -7.722752454531E-001 -4.144256459725E+000  8.615481743437E+001
  2.904484287958E-001 -7.810933569968E-001 -3.958398820647E+000  8.461345625998E+001
  2.926370701682E-001 -7.895554469065E-001 -3.774895301703E+000  8.307575744510E+001
  2.948376666818E-001 -7.976625561923E-001 -3.593768638006E+000  8.154237674584E+001
  2.970502807892E-001 -8.054158273344E-001 -3.415040240750E+000  8.001394869043E+001
  2.992749754281E-001 -8.128165029739E-001 -3.238730213926E+000  7.849108699532E+001
  3.015118140259E-001 -8.198659245836E-001 -3.064857370994E+000  7.697438497312E+001
  3.037608605035E-001 -8.265655311183E-001 -2.893439251514E+000  7.546441593215E+001
  3.060221792797E-001 -8.329168576448E-001 -2.724492137734E+000  7.396173356748E+001
  3.082958352758E-001 -8.389215339515E-001 -2.558031071142E+000  7.246687234338E+001
  3.105818939192E-001 -8.445812831390E-001 -2.394069868986E+000  7.098034786723E+001
  3.128804211487E-001 -8.498979201900E-001 -2.232621140769E+000  6.950265725472E+001
  3.151914834180E-001 -8.548733505208E-001 -2.073696304719E+000  6.803427948651E+001
  3.175151477009E-001 -8.595095685131E-001 -1.917305604245E+000  6.657567575639E+001
  3.198514814953E-001 -8.638086560269E-001 -1.763458124379E+000  6.512728981101E+001
  3.222005528283E-001 -8.677727808953E-001 -1.612161808225E+000  6.368954828130E+001
  3.245624302601E-001 -8.714041954004E-001 -1.463423473394E+000  6.226286100583E+001
  3.269371828894E-001 -8.747052347318E-001 -1.317248828464E+000  6.084762134619E+001
  3.293248803576E-001 -8.776783154272E-001 -1.173642489448E+000  5.944420649459E+001
  3.317255928537E-001 -8.803259337957E-001 -1.032607996285E+000  5.805297777403E+001
  3.341393911192E-001 -8.826506643245E-001 -8.941478293605E-001  5.667428093112E+001
  3.365663464529E-001 -8.846551580694E-001 -7.582634260658E-001  5.530844642192E+001
  3.390065307159E-001 -8.863421410285E-001 -6.249551973923E-001  5.395578969101E+001
  3.414600163363E-001 -8.877144125014E-001 -4.942225445786E-001  5.261661144414E+001
  3.439268763145E-001 -8.887748434327E-001 -3.660638758086E-001  5.129119791463E+001
  3.464071842282E-001 -8.895263747415E-001 -2.404766229682E-001  4.997982112393E+001
  3.489010142374E-001 -8.899720156364E-001 -1.174572584654E-001  4.868273913664E+001
  3.514084410898E-001 -8.901148419180E-001  2.998687881133E-003  4.740019631021E+001
  3.539295401259E-001 -8.899579942678E-001  1.208966118819E-001  4.613242353972E+001
  3.564643872842E-001 -8.895046765255E-001  2.362428179404E-001  4.487963849793E+001
  3.590130591069E-001 -8.887581539544E-001  3.490445019379E-001  4.364204587113E+001
  3.615756327448E-001 -8.877217514966E-001  4.593097340364E-001  4.241983759081E+001
  3.641521859632E-001 -8.863988520178E-001  5.670474413980E-001  4.121319306169E+001
  3.667427971473E-001 -8.847928945420E-001  6.722673908188E-001  4.002227938624E+001
  3.693475453076E-001 -8.829073724791E-001  7.749801712758E-001  3.884725158609E+001
  3.719665100860E-001 -8.807458318431E-001  8.751971763876E-001  3.768825282054E+001
  3.745997717609E-001 -8.783118694642E-001  9.729305867873E-001  3.654541460251E+001
  3.772474112534E-001 -8.756091311942E-001  1.068193352410E+000  3.541885701206E+001
  3.799095101331E-001 -8.726413101064E-001  1.160999174694E+000  3.430868890792E+001
  3.825861506238E-001 -8.694121446914E-001  1.251362488700E+000  3.321500813710E+001
  3.852774156096E-001 -8.659254170481E-001  1.339298445152E+000  3.213790174292E+001
  3.879833886411E-001 -8.621849510731E-001  1.424822892391E+000  3.107744617158E+001
  3.907041539409E-001 -8.581946106470E-001  1.507952358268E+000  3.003370747761E+001
  3.934397964105E-001 -8.539582978204E-001  1.588704031956E+000  2.900674152817E+001
  3.961904016361E-001 -8.494799509990E-001  1.667095745701E+000  2.799659420664E+001
  3.989560558949E-001 -8.447635431303E-001  1.743145956510E+000  2.700330161549E+001
  4.017368461617E-001 -8.398130798909E-001  1.816873727789E+000  2.602689027852E+001
  4.045328601149E-001 -8.346325978773E-001  1.888298710927E+000  2.506737734287E+001
  4.073441861437E-001 -8.292261627997E-001  1.957441126841E+000  2.412477078056E+001
  4.101709133538E-001 -8.235978676803E-001  2.024321747484E+000  2.319906959003E+001
  4.130131315750E-001 -8.177518310575E-001  2.088961877326E+000  2.229026399745E+001
  4.158709313670E-001 -8.116921951959E-001  2.151383334815E+000  2.139833565805E+001
  4.187444040269E-001 -8.054231243035E-001  2.211608433830E+000  2.052325785761E+001
  4.216336415958E-001 -7.989488027579E-001  2.269659965123E+000  1.966499571386E+001
  4.245387368658E-001 -7.922734333410E-001  2.325561177772E+000  1.882350637818E+001
  4.274597833869E-001 -7.854012354839E-001  2.379335760653E+000  1.799873923736E+001
  4.303968754741E-001 -7.783364435230E-001  2.431007823926E+000  1.719063611558E+001
  4.333501082151E-001 -7.710833049682E-001  2.480601880563E+000  1.639913147656E+001
  4.363195774768E-001 -7.636460787834E-001  2.528142827918E+000  1.562415262582E+001
  4.393053799131E-001 -7.560290336812E-001  2.573655929348E+000  1.486561991312E+001
  4.423076129724E-001 -7.482364464323E-001  2.617166795905E+000  1.412344693499E+001
  4.453263749047E-001 -7.402726001900E-001  2.658701368092E+000  1.339754073733E+001
  4.483617647698E-001 -7.321417828314E-001  2.698285897714E+000  1.268780201799E+001
  4.514138824444E-001 -7.238482853155E-001  2.735946929818E+000  1.199412532929E+001
  4.544828286302E-001 -7.153964000595E-001  2.771711284742E+000  1.131639928047E+001
  4.575687048617E-001 -7.067904193339E-001  2.805606040276E+000  1.065450673988E+001
  4.606716135142E-001 -6.980346336773E-001  2.837658513954E+000  1.000832503689E+001
  4.637916578118E-001 -6.891333303310E-001  2.867896245482E+000  9.377726163483E+000
  4.669289418353E-001 -6.800907916954E-001  2.896346979312E+000  8.762576975295E+000
  4.700835705309E-001 -6.709112938075E-001  2.923038647376E+000  8.162739392144E+000
  4.732556497182E-001 -6.615991048418E-001  2.947999351984E+000  7.578070597850E+000
  4.764452860985E-001 -6.521584836334E-001  2.971257348906E+000  7.008423239279E+000
  4.796525872639E-001 -6.425936782252E-001  2.992841030635E+000  6.453645624488E+000
  4.828776617050E-001 -6.329089244399E-001  3.012778909853E+000  5.913581919845E+000
  4.861206188205E-001 -6.231084444766E-001  3.031099603097E+000  5.388072346025E+000
  4.893815689254E-001 -6.131964455329E-001  3.047831814654E+000  4.876953372744E+000
  4.926606232602E-001 -6.031771184534E-001  3.063004320662E+000  4.380057912127E+000
  4.959578939999E-001 -5.930546364045E-001  3.076645953463E+000  3.897215510571E+000
  4.992734942630E-001 -5.828331535766E-001  3.088785586188E+000  3.428252538994E+000
  5.026075381207E-001 -5.725168039133E-001  3.099452117592E+000  2.972992381344E+000
  5.059601406064E-001 -5.621096998690E-001  3.108674457153E+000  2.531255621251E+000
  5.093314177250E-001 -5.516159311947E-001  3.116481510434E+000  2.102860226690E+000
  5.127214864626E-001 -5.410395637524E-001  3.122902164714E+000  1.687621732553E+000
  5.161304647959E-001 -5.303846383584E-001  3.127965274904E+000  1.285353421004E+000
  5.195584717022E-001 -5.196551696563E-001  3.131699649749E+000  8.958664995017E-001
  5.230056271692E-001 -5.088551450190E-001  3.134134038316E+000  5.189702763913E-001
  5.264720522050E-001 -4.979885234808E-001  3.135297116791E+000  1.544723339365E-001
  5.299578688483E-001 -4.870592346998E-001  3.135217475567E+000 -1.978213012942E-001
  5.334632001783E-001 -4.760711779500E-001  3.133923606650E+000 -5.381059907995E-001
  5.369881703256E-001 -4.650282211438E-001  3.131443891377E+000 -8.665783193695E-001
  5.405329044823E-001 -4.539341998852E-001  3.127806588444E+000 -1.183435933257E+000
  5.440975289128E-001 -4.427929165537E-001  3.123039822265E+000 -1.488877381387E+000
  5.476821709641E-001 -4.316081394178E-001  3.117171571650E+000 -1.783101959682E+000
  5.512869590774E-001 -4.203836017805E-001  3.110229658812E+000 -2.066309558599E+000
  5.549120227985E-001 -4.091230011544E-001  3.102241738705E+000 -2.338700513937E+000
  5.585574927889E-001 -3.978299984680E-001  3.093235288695E+000 -2.600475460998E+000
  5.622235008375E-001 -3.865082173021E-001  3.083237598563E+000 -2.851835192162E+000
  5.659101798716E-001 -3.751612431569E-001  3.072275760852E+000 -3.092980517941E+000
  5.696176639685E-001 -3.637926227498E-001  3.060376661538E+000 -3.324112131564E+000
  5.733460883672E-001 -3.524058633426E-001  3.047566971053E+000 -3.545430477149E+000
  5.770955894803E-001 -3.410044320994E-001  3.033873135641E+000 -3.757135621500E+000
  5.808663049055E-001 -3.295917554747E-001  3.019321369046E+000 -3.959427129582E+000
  5.846583734383E-001 -3.181712186299E-001  3.003937644550E+000 -4.152503943696E+000
  5.884719350837E-001 -3.067461648809E-001  2.987747687342E+000 -4.336564266395E+000
  5.923071310690E-001 -2.953198951737E-001  2.970776967224E+000 -4.511805447158E+000
  5.961641038558E-001 -2.838956675892E-001  2.953050691651E+000 -4.678423872850E+000
  6.000429971532E-001 -2.724766968773E-001  2.934593799107E+000 -4.836614861978E+000
  6.039439559304E-001 -2.610661540183E-001  2.915430952814E+000 -4.986572562752E+000
  6.078671264295E-001 -2.496671658130E-001  2.895586534762E+000 -5.128489854962E+000
  6.118126561791E-001 -2.382828145000E-001  2.875084640077E+000 -5.262558255665E+000
  6.157806940069E-001 -2.269161374011E-001  2.853949071702E+000 -5.388967828686E+000
  6.197713900541E-001 -2.155701265921E-001  2.832203335404E+000 -5.507907097913E+000
  6.237848957880E-001 -2.042477286017E-001  2.809870635096E+000 -5.619562964382E+000
  6.278213640166E-001 -1.929518441353E-001  2.786973868473E+000 -5.724120627131E+000
  6.318809489022E-001 -1.816853278247E-001  2.763535622957E+000 -5.821763507801E+000
  6.359638059756E-001 -1.704509880036E-001  2.739578171942E+000 -5.912673178957E+000
  6.400700921502E-001 -1.592515865067E-001  2.715123471348E+000 -5.997029296100E+000
  6.441999657370E-001 -1.480898384939E-001  2.690193156464E+000 -6.075009533340E+000
  6.483535864586E-001 -1.369684122981E-001  2.664808539080E+000 -6.146789522683E+000
  6.525311154647E-001 -1.258899292958E-001  2.638990604914E+000 -6.212542796899E+000
  6.567327153465E-001 -1.148569638011E-001  2.612760011308E+000 -6.272440735927E+000
  6.609585501525E-001 -1.038720429815E-001  2.586137085203E+000 -6.326652516758E+000
  6.652087854034E-001 -9.293764679527E-002  2.559141821389E+000 -6.375345066769E+000
  6.694835881080E-001 -8.205620795073E-002  2.531793881008E+000 -6.418683020420E+000
  6.737831267789E-001 -7.123011188539E-002  2.504112590320E+000 -6.456828679292E+000
  6.781075714485E-001 -6.046169676566E-002  2.476116939720E+000 -6.489941975382E+000
  6.824570936852E-001 -4.975325350596E-002  2.447825583003E+000 -6.518180437611E+000
  6.868318666096E-001 -3.910702580691E-002  2.419256836856E+000 -6.541699161465E+000
  6.912320649114E-001 -2.852521021199E-002  2.390428680601E+000 -6.560650781720E+000
  6.956578648660E-001 -1.800995618206E-002  2.361358756146E+000 -6.575185448170E+000
  7.001094443516E-001 -7.563366187283E-003  2.332064368168E+000 -6.585450804291E+000
  7.045869828664E-001  2.812504184109E-003  2.302562484501E+000 -6.591591968780E+000
  7.090906615461E-001  1.311564610089E-002  2.272869736737E+000 -6.593751519883E+000
  7.136206631812E-001  2.334409734813E-002  2.243002421018E+000 -6.592069482442E+000
  7.181771722357E-001  3.349594217143E-002  2.212976499031E+000 -6.586683317592E+000
  7.227603748644E-001  4.356931110646E-002  2.182807599181E+000 -6.577727915027E+000
  7.273704589315E-001  5.356238079457E-002  2.152511017947E+000 -6.565335587749E+000
  7.320076140295E-001  6.347337378480E-002  2.122101721408E+000 -6.549636069245E+000
  7.366720314977E-001  7.330055832299E-002  2.091594346941E+000 -6.530756512988E+000
  7.413639044413E-001  8.304224812848E-002  2.061003205067E+000 -6.508821494201E+000
  7.460834277508E-001  9.269680215885E-002  2.030342281464E+000 -6.483953013796E+000
  7.508307981215E-001  1.022626243634E-001  1.999625239111E+000 -6.456270504411E+000
  7.556062140732E-001  1.117381634256E-001  1.968865420582E+000 -6.425890838467E+000
  7.604098759705E-001  1.211219124955E-001  1.938075850466E+000 -6.392928338160E+000
  7.652419860431E-001  1.304124089120E-001  1.907269237917E+000 -6.357494787317E+000
  7.701027484060E-001  1.396082339159E-001  1.876457979323E+000 -6.319699445030E+000
  7.749923690810E-001  1.487080123543E-001  1.845654161085E+000 -6.279649060991E+000
  7.799110560171E-001  1.577104123762E-001  1.814869562504E+000 -6.237447892448E+000
  7.848590191124E-001  1.666141451205E-001  1.784115658774E+000 -6.193197722713E+000
  7.898364702358E-001  1.754179643968E-001  1.753403624062E+000 -6.146997881136E+000
  7.948436232486E-001  1.841206663586E-001  1.722744334679E+000 -6.098945264464E+000
  7.998806940270E-001  1.927210891701E-001  1.692148372337E+000 -6.049134359527E+000
  8.049479004846E-001  2.012181126677E-001  1.661626027477E+000 -5.997657267165E+000
  8.100454625952E-001  2.096106580146E-001  1.631187302672E+000 -5.944603727313E+000
  8.151736024160E-001  2.178976873508E-001  1.600841916095E+000 -5.890061145203E+000
  8.203325441110E-001  2.260782034381E-001  1.570599305044E+000 -5.834114618569E+000
  8.255225139746E-001  2.341512493006E-001  1.540468629528E+000 -5.776846965827E+000
  8.307437404560E-001  2.421159078610E-001  1.510458775893E+000 -5.718338755129E+000
  8.359964541833E-001  2.499713015729E-001  1.480578360501E+000 -5.658668334247E+000
  8.412808879885E-001  2.577165920503E-001  1.450835733442E+000 -5.597911861201E+000
  8.465972769320E-001  2.653509796933E-001  1.421238982288E+000 -5.536143335589E+000
  8.519458583285E-001  2.728737033115E-001  1.391795935866E+000 -5.473434630534E+000
  8.573268717726E-001  2.802840397449E-001  1.362514168067E+000 -5.409855525204E+000
  8.627405591648E-001  2.875813034824E-001  1.333401001671E+000 -5.345473737832E+000
  8.681871647376E-001  2.947648462784E-001  1.304463512186E+000 -5.280354959195E+000
  8.736669350829E-001  3.018340567683E-001  1.275708531708E+000 -5.214562886471E+000
  8.791801191785E-001  3.087883600825E-001  1.247142652781E+000 -5.148159257449E+000
  8.847269684160E-001  3.156272174587E-001  1.218772232264E+000 -5.081203885012E+000
  8.903077366283E-001  3.223501258542E-001  1.190603395205E+000 -5.013754691861E+000
  8.959226801184E-001  3.289566175573E-001  1.162642038707E+000 -4.945867745418E+000
  9.015720576873E-001  3.354462597978E-001  1.134893835789E+000 -4.877597292875E+000
  9.072561306635E-001  3.418186543584E-001  1.107364239240E+000 -4.808995796322E+000
  9.129751629322E-001  3.480734371850E-001  1.080058485458E+000 -4.740113967930E+000
  9.187294209652E-001  3.542102779979E-001  1.052981598283E+000 -4.671000805143E+000
  9.245191738511E-001  3.602288799028E-001  1.026138392800E+000 -4.601703625820E+000
  9.303446933257E-001  3.661289790029E-001  9.995334791317E-001 -4.532268103320E+000
  9.362062538036E-001  3.719103440111E-001  9.731712662054E-001 -4.462738301464E+000
  9.421041324088E-001  3.775727758633E-001  9.470559654940E-001 -4.393156709356E+000
  9.480386090075E-001  3.831161073327E-001  9.211915947320E-001 -4.323564276025E+000
  9.540099662399E-001  3.885402026447E-001  8.955819816019E-001 -4.254000444856E+000
  9.600184895530E-001  3.938449570931E-001  8.702307673896E-001 -4.184503187779E+000
  9.660644672342E-001  3.990302966580E-001  8.451414106068E-001 -4.115109039189E+000
  9.721481904447E-001  4.040961776242E-001  8.203171905804E-001 -4.045853129573E+000
  9.782699532537E-001  4.090425862016E-001  7.957612110045E-001 -3.976769218817E+000
  9.844300526731E-001  4.138695381467E-001  7.714764034566E-001 -3.907889729167E+000
  9.906287886927E-001  4.185770783858E-001  7.474655308748E-001 -3.839245777828E+000
  9.968664643158E-001  4.231652806397E-001  7.237311909957E-001 -3.770867209178E+000
  1.003143385595E+000  4.276342470498E-001  7.002758197514E-001 -3.702782626577E+000
  1.009459861670E+000  4.319841078061E-001  6.771016946255E-001 -3.635019423758E+000
  1.015816204803E+000  4.362150207768E-001  6.542109379667E-001 -3.567603815784E+000
  1.022212730417E+000  4.403271711396E-001  6.316055202594E-001 -3.500560869550E+000
  1.028649757135E+000  4.443207710143E-001  6.092872633508E-001 -3.433914533827E+000
  1.035127606818E+000  4.481960590975E-001  5.872578436339E-001 -3.367687668835E+000
  1.041646604604E+000  4.519533002992E-001  5.655187951865E-001 -3.301902075324E+000
  1.048207078948E+000  4.555927853804E-001  5.440715128647E-001 -3.236578523170E+000
  1.054809361664E+000  4.591148305927E-001  5.229172553522E-001 -3.171736779473E+000
  1.061453787962E+000  4.625197773201E-001  5.020571481642E-001 -3.107395636139E+000
  1.068140696494E+000  4.658079917212E-001  4.814921866059E-001 -3.043572936960E+000
  1.074870429395E+000  4.689798643745E-001  4.612232386865E-001 -2.980285604179E+000
  1.081643332322E+000  4.720358099240E-001  4.412510479874E-001 -2.917549664526E+000
  1.088459754505E+000  4.749762667270E-001  4.215762364860E-001 -2.855380274749E+000
  1.095320048782E+000  4.778016965035E-001  4.021993073346E-001 -2.793791746612E+000
  1.102224571653E+000  4.805125839867E-001  3.831206475952E-001 -2.732797571374E+000
  1.109173683316E+000  4.831094365751E-001  3.643405309295E-001 -2.672410443750E+000
  1.116167747721E+000  4.855927839862E-001  3.458591202460E-001 -2.612642285352E+000
  1.123207132611E+000  4.879631779109E-001  3.276764703031E-001 -2.553504267611E+000
  1.130292209573E+000  4.902211916704E-001  3.097925302699E-001 -2.495006834183E+000
  1.137423354084E+000  4.923674198726E-001  2.922071462447E-001 -2.437159722853E+000
  1.144600945560E+000  4.944024780715E-001  2.749200637311E-001 -2.379971986922E+000
  1.151825367405E+000  4.963270024267E-001  2.579309300735E-001 -2.323452016102E+000
  1.159097007063E+000  4.981416493639E-001  2.412392968522E-001 -2.267607556910E+000
  1.166416256069E+000  4.998470952373E-001  2.248446222376E-001 -2.212445732575E+000
  1.173783510095E+000  5.014440359919E-001  2.087462733063E-001 -2.157973062461E+000
  1.181199169012E+000  5.029331868277E-001  1.929435283176E-001 -2.104195481014E+000
  1.188663636935E+000  5.043152818642E-001  1.774355789529E-001 -2.051118356240E+000
  1.196177322279E+000  5.055910738058E-001  1.622215325173E-001 -1.998746507723E+000
  1.203740637818E+000  5.067613336082E-001  1.473004141047E-001 -1.947084224185E+000
  1.211354000735E+000  5.078268501453E-001  1.326711687280E-001 -1.896135280608E+000
  1.219017832681E+000  5.087884298768E-001  1.183326634130E-001 -1.845902954917E+000
  1.226732559833E+000  5.096468965165E-001  1.042836892591E-001 -1.796390044228E+000
  1.234498612950E+000  5.104030907015E-001  9.052296346559E-002 -1.747598880692E+000
  1.242316427433E+000  5.110578696609E-001  7.704913132616E-002 -1.699531346910E+000
  1.250186443388E+000  5.116121068863E-001  6.386076819020E-002 -1.652188890966E+000
  1.258109105679E+000  5.120666918017E-001  5.095638139355E-002 -1.605572541056E+000
  1.266084863999E+000  5.124225294344E-001  3.833441215828E-002 -1.559682919735E+000
  1.274114172926E+000  5.126805400861E-001  2.599323746267E-002 -1.514520257800E+000
  1.282197491990E+000  5.128416590040E-001  1.393117188191E-002 -1.470084407798E+000
  1.290335285734E+000  5.129068360527E-001  2.146469400308E-003 -1.426374857190E+000
  1.298528023786E+000  5.128770353863E-001 -9.362674804352E-003 -1.383390741156E+000
  1.306776180919E+000  5.127532351200E-001 -2.059812260366E-002 -1.341130855083E+000
  1.315080237120E+000  5.125364270029E-001 -3.156179118797E-002 -1.299593666704E+000
  1.323440677664E+000  5.122276160902E-001 -4.225565136171E-002 -1.258777327937E+000
  1.331857993175E+000  5.118278204161E-001 -5.268172586404E-002 -1.218679686408E+000
  1.340332679704E+000  5.113380706661E-001 -6.284208771416E-002 -1.179298296667E+000
  1.348865238797E+000  5.107594098504E-001 -7.273885858085E-002 -1.140630431125E+000
  1.357456177571E+000  5.100928929761E-001 -8.237420717554E-002 -1.102673090697E+000
  1.366106008782E+000  5.093395867207E-001 -9.175034766856E-002 -1.065423015174E+000
  1.374815250909E+000  5.085005691050E-001 -1.008695381278E-001 -1.028876693330E+000
  1.383584428224E+000  5.075769291659E-001 -1.097340789796E-001 -9.930303727633E-001
  1.392414070872E+000  5.065697666295E-001 -1.183463114912E-001 -9.578800694906E-001
  1.401304714948E+000  5.054801915841E-001 -1.267086162742E-001 -9.234215772984E-001
  1.410256902580E+000  5.043093241536E-001 -1.348234118091E-001 -8.896504768530E-001
  1.419271182008E+000  5.030582941700E-001 -1.426931529896E-001 -8.565621445834E-001
  1.428348107668E+000  5.017282408468E-001 -1.503203296879E-001 -8.241517613402E-001
  1.437488240275E+000  5.003203124518E-001 -1.577074653380E-001 -7.924143208376E-001
  1.446692146911E+000  4.988356659803E-001 -1.648571155402E-001 -7.613446378860E-001
  1.455960401104E+000  4.972754668280E-001 -1.717718666824E-001 -7.309373564194E-001
  1.465293582927E+000  4.956408884640E-001 -1.784543345822E-001 -7.011869573250E-001
  1.474692279079E+000  4.939331121039E-001 -1.849071631453E-001 -6.720877660804E-001
  1.484157082978E+000  4.921533263828E-001 -1.911330230436E-001 -6.436339602024E-001
  1.493688594856E+000  4.903027270281E-001 -1.971346104103E-001 -6.158195765151E-001
  1.503287421848E+000  4.883825165331E-001 -2.029146455525E-001 -5.886385182396E-001
  1.512954178094E+000  4.863939038296E-001 -2.084758716818E-001 -5.620845619121E-001
  1.522689484827E+000  4.843381039613E-001 -2.138210536615E-001 -5.361513641335E-001
  1.532493970480E+000  4.822163377570E-001 -2.189529767713E-001 -5.108324681557E-001
  1.542368270780E+000  4.800298315038E-001 -2.238744454881E-001 -4.861213103084E-001
  1.552313028853E+000  4.777798166207E-001 -2.285882822842E-001 -4.620112262698E-001
  1.562328895326E+000  4.754675293319E-001 -2.330973264418E-001 -4.384954571860E-001
  1.572416528431E+000  4.730942103405E-001 -2.374044328834E-001 -4.155671556412E-001
  1.582576594115E+000  4.706611045022E-001 -2.415124710194E-001 -3.932193914832E-001
  1.592809766145E+000  4.681694604993E-001 -2.454243236107E-001 -3.714451575072E-001
  1.603116726218E+000  4.656205305147E-001 -2.491428856482E-001 -3.502373749996E-001
  1.613498164078E+000  4.630155699063E-001 -2.526710632477E-001 -3.295888991466E-001
  1.623954777622E+000  4.603558368814E-001 -2.560117725609E-001 -3.094925243089E-001
  1.634487273025E+000  4.576425921711E-001 -2.591679387021E-001 -2.899409891649E-001
  1.645096364848E+000  4.548770987061E-001 -2.621424946902E-001 -2.709269817262E-001
  1.655782776168E+000  4.520606212909E-001 -2.649383804063E-001 -2.524431442258E-001
  1.666547238688E+000  4.491944262801E-001 -2.675585415677E-001 -2.344820778828E-001
  1.677390492873E+000  4.462797812539E-001 -2.700059287153E-001 -2.170363475446E-001
  1.688313288066E+000  4.433179546942E-001 -2.722834962186E-001 -2.000984862083E-001
  1.699316382620E+000  4.403102156614E-001 -2.743942012938E-001 -1.836609994248E-001
  1.710400544029E+000  4.372578334710E-001 -2.763410030388E-001 -1.677163695852E-001
  1.721566549058E+000  4.341620773709E-001 -2.781268614816E-001 -1.522570600926E-001
  1.732815183877E+000  4.310242162193E-001 -2.797547366450E-001 -1.372755194202E-001
  1.744147244202E+000  4.278455181626E-001 -2.812275876255E-001 -1.227641850582E-001
  1.755563535430E+000  4.246272503142E-001 -2.825483716865E-001 -1.087154873493E-001
  1.767064872781E+000  4.213706784334E-001 -2.837200433675E-001 -9.512185321622E-002
  1.778652081442E+000  4.180770666053E-001 -2.847455536063E-001 -8.197570978095E-002
  1.790325996715E+000  4.147476769208E-001 -2.856278488767E-001 -6.926948787822E-002
  1.802087464166E+000  4.113837691570E-001 -2.863698703402E-001 -5.699562546405E-002
  1.813937339772E+000  4.079866004591E-001 -2.869745530115E-001 -4.514657092083E-002
  1.825876490081E+000  4.045574250221E-001 -2.874448249390E-001 -3.371478626021E-002
  1.837905792365E+000  4.010974937732E-001 -2.877836063979E-001 -2.269275022519E-002
  1.850026134778E+000  3.976080540555E-001 -2.879938090986E-001 -1.207296129264E-002
  1.862238416525E+000  3.940903493116E-001 -2.880783354076E-001 -1.847940577645E-003
  1.874543548019E+000  3.905456187688E-001 -2.880400775825E-001  7.989765358991E-003
  1.886942451054E+000  3.869750971244E-001 -2.878819170197E-001  1.744758179881E-002
  1.899436058973E+000  3.833800142321E-001 -2.876067235162E-001  2.653290324787E-002
  1.912025316845E+000  3.797615947895E-001 -2.872173545439E-001  3.525309091166E-002
  1.924711181638E+000  3.761210580262E-001 -2.867166545361E-001  4.361547026140E-002
  1.937494622402E+000  3.724596173931E-001 -2.861074541880E-001  5.162732869012E-002
  1.950376620452E+000  3.687784802522E-001 -2.853925697685E-001  5.929591325722E-002
  1.963358169552E+000  3.650788475685E-001 -2.845748024446E-001  6.662842851989E-002
  1.976440276109E+000  3.613619136021E-001 -2.836569376181E-001  7.363203444978E-002
  1.989623959360E+000  3.576288656016E-001 -2.826417442742E-001  8.031384443351E-002
  2.002910251577E+000  3.538808834993E-001 -2.815319743407E-001  8.668092335517E-002
  2.016300198259E+000  3.501191396073E-001 -2.803303620606E-001  9.274028575929E-002
  2.029794858340E+000  3.463447983148E-001 -2.790396233738E-001  9.849889409254E-002
  2.043395304396E+000  3.425590157874E-001 -2.776624553117E-001  1.039636570223E-001
  2.057102622856E+000  3.387629396677E-001 -2.762015354010E-001  1.091414278307E-001
  2.070917914217E+000  3.349577087772E-001 -2.746595210797E-001  1.140390028813E-001
  2.084842293261E+000  3.311444528205E-001 -2.730390491222E-001  1.186631201582E-001
  2.098876889283E+000  3.273242920908E-001 -2.713427350753E-001  1.230204578741E-001
  2.113022846310E+000  3.234983371778E-001 -2.695731727043E-001  1.271176331459E-001
  2.127281323341E+000  3.196676886771E-001 -2.677329334483E-001  1.309612007369E-001
  2.141653494575E+000  3.158334369021E-001 -2.658245658861E-001  1.345576518613E-001
  2.156140549656E+000  3.119966615982E-001 -2.638505952105E-001  1.379134130518E-001
  2.170743693911E+000  3.081584316589E-001 -2.618135227129E-001  1.410348450859E-001
  2.185464148607E+000  3.043198048447E-001 -2.597158252763E-001  1.439282419704E-001
  2.200303151197E+000  3.004818275048E-001 -2.575599548778E-001  1.465998299811E-001
  2.215261955581E+000  2.966455343015E-001 -2.553483380997E-001  1.490557667565E-001
  2.230341832367E+000  2.928119479370E-001 -2.530833756491E-001  1.513021404420E-001
  2.245544069142E+000  2.889820788839E-001 -2.507674418870E-001  1.533449688850E-001
  2.260869970742E+000  2.851569251187E-001 -2.484028843648E-001  1.551901988758E-001
  2.276320859530E+000  2.813374718588E-001 -2.459920233700E-001  1.568437054344E-001
  2.291898075679E+000  2.775246913027E-001 -2.435371514801E-001  1.583112911414E-001
  2.307602977460E+000  2.737195423743E-001 -2.410405331249E-001  1.595986855086E-001
  2.323436941540E+000  2.699229704712E-001 -2.385044041571E-001  1.607115443899E-001
  2.339401363274E+000  2.661359072168E-001 -2.359309714307E-001  1.616554494296E-001
  2.355497657016E+000  2.623592702167E-001 -2.333224123890E-001  1.624359075458E-001
  2.371727256428E+000  2.585939628201E-001 -2.306808746596E-001  1.630583504474E-001
  2.388091614797E+000  2.548408738854E-001 -2.280084756585E-001  1.635281341833E-001
  2.404592205358E+000  2.511008775511E-001 -2.253073022029E-001  1.638505387213E-001
  2.421230521622E+000  2.473748330115E-001 -2.225794101323E-001  1.640307675554E-001
  2.438008077714E+000  2.436635842981E-001 -2.198268239381E-001  1.640739473405E-001
  2.454926408713E+000  2.399679600666E-001 -2.170515364028E-001  1.639851275516E-001
  2.471987071003E+000  2.362887733894E-001 -2.142555082478E-001  1.637692801668E-001
  2.489191642624E+000  2.326268215546E-001 -2.114406677906E-001  1.634312993736E-001
  2.506541723641E+000  2.289828858709E-001 -2.086089106116E-001  1.629760012955E-001
  2.524038936507E+000  2.253577314798E-001 -2.057620992304E-001  1.624081237384E-001
  2.541684926444E+000  2.217521071734E-001 -2.029020627926E-001  1.617323259568E-001
  2.559481361827E+000  2.181667452205E-001 -2.000305967666E-001  1.609531884371E-001
  2.577429934572E+000  2.146023611989E-001 -1.971494626511E-001  1.600752126976E-001
  2.595532360540E+000  2.110596538366E-001 -1.942603876938E-001  1.591028211054E-001
  2.613790379943E+000  2.075393048590E-001 -1.913650646214E-001  1.580403567085E-001
  2.632205757760E+000  2.040419788458E-001 -1.884651513813E-001  1.568920830822E-001
  2.650780284158E+000  2.005683230953E-001 -1.855622708954E-001  1.556621841906E-001
  2.669515774928E+000  1.971189674974E-001 -1.826580108271E-001  1.543547642623E-001
  2.688414071925E+000  1.936945244154E-001 -1.797539233604E-001  1.529738476789E-001
  2.707477043518E+000  1.902955885770E-001 -1.768515249936E-001  1.515233788784E-001
  2.726706585047E+000  1.869227369739E-001 -1.739522963458E-001  1.500072222715E-001
  2.746104619295E+000  1.835765287719E-001 -1.710576819793E-001  1.484291621720E-001
  2.765673096964E+000  1.802575052299E-001 -1.681690902359E-001  1.467929027412E-001
  2.785413997161E+000  1.769661896288E-001 -1.652878930887E-001  1.451020679464E-001
  2.805329327899E+000  1.737030872111E-001 -1.624154260111E-001  1.433602015343E-001
  2.825421126601E+000  1.704686851302E-001 -1.595529878610E-001  1.415707670197E-001
  2.845691460623E+000  1.672634524104E-001 -1.567018407827E-001  1.397371476899E-001
  2.866142427776E+000  1.640878399181E-001 -1.538632101265E-001  1.378626466258E-001
  2.886776156875E+000  1.609422803426E-001 -1.510382843861E-001  1.359504867404E-001
  2.907594808280E+000  1.578271881893E-001 -1.482282151550E-001  1.340038108354E-001
  2.928600574467E+000  1.547429597830E-001 -1.454341171018E-001  1.320256816776E-001
  2.949795680597E+000  1.516899732829E-001 -1.426570679652E-001  1.300190820946E-001
  2.971182385105E+000  1.486685887090E-001 -1.398981085692E-001  1.279869150929E-001
  2.992762980296E+000  1.456791479799E-001 -1.371582428592E-001  1.259320039979E-001
  3.014539792958E+000  1.427219749615E-001 -1.344384379586E-001  1.238570926181E-001
  3.036515184988E+000  1.397973755286E-001 -1.317396242475E-001  1.217648454338E-001
  3.058691554023E+000  1.369056376370E-001 -1.290626954629E-001  1.196578478126E-001
  3.081071334099E+000  1.340470314076E-001 -1.264085088214E-001  1.175386062523E-001
  3.103656996309E+000  1.312218092220E-001 -1.237778851648E-001  1.154095486523E-001
  3.126451049484E+000  1.284302058305E-001 -1.211716091281E-001  1.132730246164E-001
  3.149456040888E+000  1.256724384701E-001 -1.185904293312E-001  1.111313057859E-001
  3.172674556926E+000  1.229487069958E-001 -1.160350585942E-001  1.089865862063E-001
  3.196109223865E+000  1.202591940219E-001 -1.135061741759E-001  1.068409827284E-001
  3.219762708576E+000  1.176040650756E-001 -1.110044180367E-001  1.046965354440E-001
  3.243637719289E+000  1.149834687608E-001 -1.085303971251E-001  1.025552081594E-001
  3.267737006362E+000  1.123975369339E-001 -1.060846836886E-001  1.004188889058E-001
  3.292063363076E+000  1.098463848899E-001 -1.036678156081E-001  9.828939048932E-002
  3.316619626434E+000  1.073301115588E-001 -1.012802967570E-001  9.616845108058E-002
  3.341408677987E+000  1.048487997134E-001 -9.892259738371E-002  9.405773484555E-002
  3.366433444679E+000  1.024025161860E-001 -9.659515451807E-002  9.195883261802E-002
  3.391696899702E+000  9.999131209576E-002 -9.429837240131E-002  8.987326261480E-002
  3.417202063379E+000  9.761522308558E-002 -9.203262293936E-002  8.780247119413E-002
  3.442952004065E+000  9.527426956766E-002 -8.979824617895E-002  8.574783365786E-002
  3.468949839059E+000  9.296845697846E-002 -8.759555080641E-002  8.371065509802E-002
  3.495198735552E+000  9.069777604187E-002 -8.542481466844E-002  8.169217128774E-002
  3.521701911582E+000  8.846220304057E-002 -8.328628531450E-002  7.969354961708E-002
  3.548462637020E+000  8.626170009501E-002 -8.118018056019E-002  7.771589007344E-002
  3.575484234572E+000  8.409621544970E-002 -7.910668907094E-002  7.576022626668E-002
  3.602770080809E+000  8.196568376622E-002 -7.706597096536E-002  7.382752649858E-002
  3.630323607217E+000  7.987002642254E-002 -7.505815843741E-002  7.191869487617E-002
  3.658148301271E+000  7.780915181819E-002 -7.308335639663E-002  7.003457246847E-002
  3.686247707537E+000  7.578295568468E-002 -7.114164312552E-002  6.817593850579E-002
  3.714625428793E+000  7.379132140079E-002 -6.923307095305E-002  6.634351162072E-002
  3.743285127184E+000  7.183412031201E-002 -6.735766694344E-002  6.453795112979E-002
  3.772230525397E+000  6.991121205370E-002 -6.551543359902E-002  6.275985835446E-002
  3.801465407866E+000  6.802244487749E-002 -6.370634957609E-002  6.100977798023E-002
  3.830993622005E+000  6.616765598010E-002 -6.193037041273E-002  5.928819945212E-002
  3.860819079470E+000  6.434667183430E-002 -6.018742926719E-002  5.759555840497E-002
  3.890945757450E+000  6.255930852120E-002 -5.847743766576E-002  5.593223812662E-002
  3.921377699988E+000  6.080537206350E-002 -5.680028625878E-002  5.429857105206E-002
  3.952119019336E+000  5.908465875891E-002 -5.515584558343E-002  5.269484028623E-002
  3.983173897337E+000  5.739695551333E-002 -5.354396683207E-002  5.112128115343E-002
  4.014546586845E+000  5.574204017315E-002 -5.196448262464E-002  4.957808277066E-002
  4.046241413173E+000  5.411968185611E-002 -5.041720778384E-002  4.806538964265E-002
  4.078262775585E+000  5.252964128017E-002 -4.890194011155E-002  4.658330327559E-002
  4.110615148813E+000  5.097167108979E-002 -4.741846116525E-002  4.513188380717E-002
  4.143303084620E+000  4.944551617927E-002 -4.596653703281E-002  4.371115164978E-002
  4.176331213391E+000  4.795091401232E-002 -4.454591910441E-002  4.232108914416E-002
  4.209704245774E+000  4.648759493771E-002 -4.315634484007E-002  4.096164222034E-002
  4.243426974351E+000  4.505528250022E-002 -4.179753853136E-002  3.963272206293E-002
  4.277504275353E+000  4.365369374669E-002 -4.046921205604E-002  3.833420677761E-002
  4.311941110423E+000  4.228253952643E-002 -3.917106562402E-002  3.706594305559E-002
  4.346742528412E+000  4.094152478599E-002 -3.790278851360E-002  3.582774783304E-002
  4.381913667228E+000  3.963034885747E-002 -3.666405979638E-002  3.461940994222E-002
  4.417459755726E+000  3.834870574039E-002 -3.545454904974E-002  3.344069175109E-002
  4.453386115645E+000  3.709628437653E-002 -3.427391705570E-002  3.229133078835E-002
  4.489698163598E+000  3.587276891766E-002 -3.312181648481E-002  3.117104135078E-002
  4.526401413105E+000  3.467783898580E-002 -3.199789256408E-002  3.007951608972E-002
  4.563501476684E+000  3.351116992577E-002 -3.090178372787E-002  2.901642757377E-002
  4.601004067991E+000  3.237243304998E-002 -2.983312225069E-002  2.798142982479E-002
  4.638915004011E+000  3.126129587522E-002 -2.879153486105E-002  2.697415982418E-002
  4.677240207311E+000  3.017742235139E-002 -2.777664333540E-002  2.599423898695E-002
  4.715985708351E+000  2.912047308211E-002 -2.678806507151E-002  2.504127460078E-002
  4.755157647843E+000  2.809010553723E-002 -2.582541364049E-002  2.411486122749E-002
  4.794762279187E+000  2.708597425718E-002 -2.488829931690E-002  2.321458206482E-002
  4.834805970953E+000  2.610773104935E-002 -2.397632958640E-002  2.234001026600E-002
  4.875295209443E+000  2.515502517651E-002 -2.308910963045E-002  2.149071021526E-002
  4.916236601308E+000  2.422750353749E-002 -2.222624278788E-002  2.066623875724E-002
  4.957636876237E+000  2.332481084020E-002 -2.138733099291E-002  1.986614637872E-002
  4.999502889720E+000  2.244658976746E-002 -2.057197518951E-002  1.908997834105E-002
  5.041841625875E+000  2.159248113559E-002 -1.977977572217E-002  1.833727576191E-002
  5.084660200360E+000  2.076212404631E-002 -1.901033270292E-002  1.760757664544E-002
  5.127965863354E+000  1.995515603225E-002 -1.826324635490E-002  1.690041685959E-002
  5.171766002619E+000  1.917121319628E-002 -1.753811733265E-002  1.621533106011E-002
  5.216068146649E+000  1.840993034539E-002 -1.683454701938E-002  1.555185356062E-002
  5.260879967894E+000  1.767094111913E-002 -1.615213780183E-002  1.490951914848E-002
  5.306209286078E+000  1.695387811355E-002 -1.549049332297E-002  1.428786384633E-002
  5.352064071605E+000  1.625837300068E-002 -1.484921871335E-002  1.368642561950E-002
  5.398452449055E+000  1.558405664439E-002 -1.422792080166E-002  1.310474502952E-002
  5.445382700775E+000  1.493055921297E-002 -1.362620830533E-002  1.254236583446E-002
  5.492863270572E+000  1.429751028905E-002 -1.304369200189E-002  1.199883553653E-002
  5.540902767504E+000  1.368453897740E-002 -1.247998488214E-002  1.147370587833E-002
  5.589509969774E+000  1.309127401112E-002 -1.193470228592E-002  1.096653328841E-002
  5.638693828737E+000  1.251734385684E-002 -1.140746202171E-002  1.047687927783E-002
  5.688463473008E+000  1.196237681947E-002 -1.089788447091E-002  1.000431078903E-002
  5.738828212699E+000  1.142600114708E-002 -1.040559267808E-002  9.548400498689E-003
  5.789797543759E+000  1.090784513635E-002 -9.930212428243E-003  9.108727076426E-003
  5.841381152447E+000  1.040753723926E-002 -9.471372312414E-003  8.684875401273E-003
  5.893588919926E+000  9.924706171489E-003 -9.028703782597E-003  8.276436737985E-003
  5.946430926988E+000  9.458981022986E-003 -8.601841197459E-003  7.883008875398E-003
  5.999917458910E+000  9.009991371170E-003 -8.190421859922E-003  7.504196229138E-003
  6.054059010457E+000  8.577367397282E-003 -7.794086047888E-003  7.139609911043E-003
  6.108866291020E+000  8.160740006214E-003 -7.412477039343E-003  6.788867767768E-003
  6.164350229902E+000  7.759740950216E-003 -7.045241133016E-003  6.451594391069E-003
  6.220521981762E+000  7.374002956806E-003 -6.692027665797E-003  6.127421102321E-003
  6.277392932215E+000  7.003159861165E-003 -6.352489028049E-003  5.815985913830E-003
  6.334974703589E+000  6.646846743249E-003 -6.026280677926E-003  5.516933469529E-003
  6.393279160860E+000  6.304700069807E-003 -5.713061155745E-003  5.229914967608E-003
  6.452318417752E+000  5.976357841441E-003 -5.412492099437E-003  4.954588067634E-003
  6.512104843026E+000  5.661459744774E-003 -5.124238261989E-003  4.690616784651E-003
  6.572651066946E+000  5.359647309762E-003 -4.847967531782E-003  4.437671372713E-003
  6.633969987942E+000  5.070564072090E-003 -4.583350956594E-003  4.195428200214E-003
  6.696074779472E+000  4.793855740576E-003 -4.330062772017E-003  3.963569619309E-003
  6.758978897091E+000  4.529170369406E-003 -4.087780434894E-003  3.741783831618E-003
  6.822696085726E+000  4.276158534985E-003 -3.856184662348E-003  3.529764752277E-003
  6.887240387180E+000  4.034473517130E-003 -3.634959476843E-003  3.327211874316E-003
  6.952626147859E+000  3.803771484241E-003 -3.423792257639E-003  3.133830135164E-003
  7.018868026732E+000  3.583711682081E-003 -3.222373798911E-003  2.949329786979E-003
  7.085981003543E+000  3.373956625670E-003 -3.030398374683E-003  2.773426272320E-003
  7.153980387268E+000  3.174172293809E-003 -2.847563810658E-003  2.605840106549E-003
  7.222881824836E+000  2.984028325649E-003 -2.673571562902E-003  2.446296768162E-003
  7.292701310121E+000  2.803198218683E-003 -2.508126803245E-003  2.294526598091E-003
  7.363455193219E+000  2.631359527514E-003 -2.350938511190E-003  2.150264708865E-003
  7.435160190001E+000  2.468194062675E-003 -2.201719571990E-003  2.013250904316E-003
  7.507833391988E+000  2.313388088758E-003 -2.060186880494E-003  1.883229610361E-003
  7.581492276516E+000  2.166632521075E-003 -1.926061450263E-003  1.759949817239E-003
  7.656154717242E+000  2.027623120044E-003 -1.799068527379E-003  1.643165033368E-003
  7.731838994973E+000  1.896060682458E-003 -1.678937708292E-003  1.532633250875E-003
  7.808563808847E+000  1.771651228802E-003 -1.565403060980E-003  1.428116922659E-003
  7.886348287874E+000  1.654106185742E-003 -1.458203248652E-003  1.329382950713E-003
  7.965212002848E+000  1.543142562934E-003 -1.357081655131E-003  1.236202685277E-003
  8.045174978646E+000  1.438483123284E-003 -1.261786511048E-003  1.148351934276E-003
  8.126257706932E+000  1.339856545799E-003 -1.172071019922E-003  1.065610982355E-003
  8.208481159274E+000  1.246997580199E-003 -1.087693483149E-003  9.877646187188E-004
  8.291866800694E+000  1.159647192460E-003 -1.008417422955E-003  9.146021728858E-004
  8.376436603664E+000  1.077552700511E-003 -9.340117022945E-004  8.459175573718E-004
  8.462213062574E+000  1.000467899318E-003 -8.642506407210E-004  7.815093162422E-004
  8.549219208676E+000  9.281531746461E-004 -7.989141252430E-004  7.211806784156E-004
  8.637478625536E+000  8.603756048468E-004 -7.377877151895E-004  6.647396145471E-004
  8.727015464999E+000  7.969090500395E-004 -6.806627401508E-004  6.119988962901E-004
  8.817854463709E+000  7.375342281545E-004 -6.273363900838E-004  5.627761567110E-004
  8.910020960175E+000  6.820387773444E-004 -5.776117967165E-004  5.168939506287E-004
  9.003540912431E+000  6.302173043513E-004 -5.312981054413E-004  4.741798136558E-004
  9.098440916308E+000  5.818714184902E-004 -4.882105369424E-004  4.344663187406E-004
  9.194748224321E+000  5.368097509881E-004 -4.481704378740E-004  3.975911290429E-004
  9.292490765233E+000  4.948479594980E-004 -4.110053199753E-004  3.633970460223E-004
  9.391697164283E+000  4.558087176951E-004 -3.765488870933E-004  3.317320516757E-004
  9.492396764138E+000  4.195216899466E-004 -3.446410496656E-004  3.024493439302E-004
  9.594619646576E+000  3.858234911339E-004 -3.151279263092E-004  2.754073642752E-004
  9.698396654938E+000  3.545576317980E-004 -2.878618322516E-004  2.504698168042E-004
  9.803759417385E+000  3.255744488609E-004 -2.627012544409E-004  2.275056779351E-004
  9.910740370981E+000  2.987310222696E-004 -2.395108132660E-004  2.063891961744E-004
  1.001937278665E+001  2.738910779888E-004 -2.181612109218E-004  1.869998814031E-004
  1.012969079502E+001  2.509248778547E-004 -1.985291665500E-004  1.692224832704E-004
  1.024172941323E+001  2.297090968801E-004 -1.804973383870E-004  1.529469583947E-004
  1.035552457272E+001  2.101266886753E-004 -1.639542332464E-004  1.380684261905E-004
  1.047111314798E+001  1.920667397209E-004 -1.487941037554E-004  1.244871132517E-004
  1.058853298647E+001  1.754243132932E-004 -1.349168338581E-004  1.121082863402E-004
  1.070782293953E+001  1.601002838994E-004 -1.222278131775E-004  1.008421741390E-004
  1.082902289454E+001  1.460011631321E-004 -1.106378009141E-004  9.060387803899E-005
  1.095217380826E+001  1.330389178992E-004 -1.000627800264E-004  8.131327233478E-005
  1.107731774137E+001  1.211307820160E-004 -9.042380250584E-005  7.289489430013E-005
  1.120449789442E+001  1.101990621797E-004 -8.164682661891E-005  6.527782470993E-005
  1.133375864507E+001  1.001709393616E-004 -7.366254703411E-005  5.839555945696E-005
  1.146514558681E+001  9.097826666607E-005 -6.640621879523E-005  5.218587298936E-005
  1.159870556913E+001  8.255736470294E-005 -5.981747613204E-005  4.659067436082E-005
  1.173448673928E+001  7.484881551598E-005 -5.384014712107E-005  4.155585674274E-005
  1.187253858566E+001  6.779725609140E-005 -4.842206522103E-005  3.703114129419E-005
  1.201291198287E+001  6.135117244540E-005 -4.351487870895E-005  3.296991632152E-005
  1.215565923859E+001  5.546269525624E-005 -3.907385903528E-005  2.932907268472E-005
  1.230083414231E+001  5.008739796380E-005 -3.505770909836E-005  2.606883642171E-005
  1.244849201595E+001  4.518409821052E-005 -3.142837241169E-005  2.315259956511E-005
  1.259868976657E+001  4.071466344017E-005 -2.815084410148E-005  2.054675011843E-005
  1.275148594119E+001  3.664382140867E-005 -2.519298462722E-005  1.822050214106E-005
  1.290694078384E+001  3.293897629153E-005 -2.252533706607E-005  1.614572686319E-005
  1.306511629490E+001  2.957003099981E-005 -2.012094874217E-005  1.429678571494E-005
  1.322607629292E+001  2.650921623853E-005 -1.795519791621E-005  1.265036610764E-005
  1.338988647898E+001  2.373092676152E-005 -1.600562617970E-005  1.118532075154E-005
  1.355661450375E+001  2.121156519439E-005 -1.425177712243E-005  9.882511233151E-006
  1.372633003727E+001  1.892939371429E-005 -1.267504176287E-005  8.724656508359E-006
  1.389910484176E+001  1.686439379235E-005 -1.125851114951E-005  7.696186895402E-006
  1.407501284743E+001  1.499813412291E-005 -9.986836458754E-006  6.783104075638E-006
  1.425413023161E+001  1.331364678453E-005 -8.846096831799E-006  5.972847531270E-006
  1.443653550117E+001  1.179531160158E-005 -7.823675111144E-006  5.254167768541E-006
  1.462230957852E+001  1.042874860306E-005 -6.908141557151E-006  4.617006593875E-006
  1.481153589140E+001  9.200718408883E-006 -6.089145548203E-006  4.052384629977E-006
  1.500430046649E+001  8.099030312374E-006 -5.357315194796E-006  3.552296180184E-006
  1.520069202718E+001  7.112457773341E-006 -4.704164729700E-006  3.109611473402E-006
  1.540080209569E+001  6.230660988540E-006 -4.122009473710E-006  2.717986249811E-006
  1.560472509963E+001  5.444116166258E-006 -3.603888120168E-006  2.371778580016E-006
  1.581255848342E+001  4.744051099451E-006 -3.143492032048E-006  2.065972748264E-006
  1.602440282470E+001  4.122386607512E-006 -2.735101203288E-006  1.796109974502E-006
  1.624036195599E+001  3.571683400323E-006 -2.373526501535E-006  1.558225700856E-006
  1.646054309190E+001  3.085093909574E-006 -2.054057782796E-006  1.348793126060E-006
  1.668505696224E+001  2.656318631249E-006 -1.772417449527E-006  1.164672636773E-006
  1.691401795117E+001  2.279566529158E-006 -1.524719012387E-006  1.003066757597E-006
  1.714754424293E+001  1.949519061960E-006 -1.307430212010E-006  8.614802221044E-007
  1.738575797433E+001  1.661297414633E-006 -1.117340260155E-006  7.376847550047E-007
  1.762878539445E+001  1.410432538992E-006 -9.515307691282E-007  6.296881505460E-007
  1.787675703191E+001  1.192837635907E-006 -8.073499536605E-007  5.357072338661E-007
  1.812980787015E+001  1.004782743346E-006 -6.823897098430E-007  4.541442998176E-007
  1.838807753110E+001  8.428711284428E-007 -5.744652004154E-007  3.835666371134E-007
  1.865171046781E+001  7.040172174500E-007 -4.815966038748E-007  3.226887638067E-007
  1.892085616642E+001  5.854258338074E-007 -4.019927156173E-007  2.703570223393E-007
  1.919566935809E+001  4.845725507744E-007 -3.340361217840E-007  2.255362078697E-007
  1.947631024137E+001  3.991850002367E-007 -2.762696997933E-007  1.872979314994E-007
  1.976294471571E+001  3.272250127278E-007 -2.273842328733E-007  1.548104495182E-007
  2.005574462663E+001  2.668714946940E-007 -1.862069585082E-007  1.273297201023E-007
  2.035488802332E+001  2.165039770521E-007 -1.516909018818E-007  1.041914792518E-007
  2.066055942930E+001  1.746867937012E-007 -1.229048745480E-007  8.480415746069E-008
  2.097295012706E+001  1.401538695574E-007 -9.902404519684E-008  6.864248705236E-008
  2.129225845729E+001  1.117941147030E-007 -7.932101311484E-008  5.524167676134E-008
  2.161869013374E+001  8.863743434404E-008 -6.315733552328E-008  4.419205456920E-008
  2.195245857462E+001  6.984137352655E-008 -4.997547724579E-008  3.513410168730E-008
  2.229378525140E+001  5.467842116170E-008 -3.929116509283E-008  2.775381970745E-008
  2.264290005632E+001  4.252400015755E-008 -3.068614002036E-008  2.177838920295E-008
  2.300004168951E+001  3.284516971181E-008 -2.380130769669E-008  1.697209144784E-008
  2.336545806705E+001  2.519006253875E-008 -1.833029284811E-008  1.313247551423E-008
  2.373940675129E+001  1.917807446364E-008 -1.401340496940E-008  1.008676096736E-008
  2.412215540475E+001  1.449081693046E-008 -1.063202304956E-008  7.688471935830E-009
  2.451398226921E+001  1.086383504592E-008 -8.003405275535E-009  5.814301769232E-009
  2.491517667142E+001  8.079085318525E-009 -5.975926650576E-009  4.361209124146E-009
  2.532603955735E+001  5.958158706652E-009 -4.424743508254E-009  3.243746476366E-009
  2.574688405660E+001  4.356226374973E-009 -3.247879405202E-009  2.391621082306E-009
  2.617803607920E+001  3.156678021545E-009 -2.362722190829E-009  1.747486634095E-009
  2.661983494664E+001  2.266416058380E-009 -1.702917489132E-009  1.264961577542E-009
  2.707263405971E+001  1.611763508781E-009 -1.215639642969E-009  9.068675633312E-010
  2.753680160532E+001  1.134939353813E-009 -8.592175634659E-010  6.436790129047E-010
  2.801272130518E+001  7.910522728257E-010 -6.010900359202E-010  4.521724898317E-010
  2.850079320900E+001  5.455622670660E-010 -4.160629402635E-010  3.142626164270E-010
  2.900143453541E+001  3.721594606726E-010 -2.848395764858E-010  2.160097587924E-010
  2.951508056378E+001  2.510103211940E-010 -1.927948238740E-010  1.467836726055E-010
  3.004218558064E+001  1.673234775380E-010 -1.289641482007E-010  9.856676913750E-011
  3.058322388437E+001  1.101900580744E-010 -8.521941358862E-011  6.538060566335E-011
  3.113869085248E+001  7.165683466350E-011 -5.560494505903E-011  4.281958031738E-011
  3.170910407585E+001  4.599424789395E-011 -3.580920144590E-011  2.767655380263E-011
  3.229500456485E+001  2.912542182302E-011 -2.274963100150E-011  1.764615326000E-011
  3.289695803249E+001  1.818638675748E-011 -1.425067253728E-011  1.109275662439E-011
  3.351555626047E+001  1.119177235022E-011 -8.797322646919E-012  6.871529856831E-012
  3.415141855403E+001  6.784093025013E-012 -5.349118573774E-012  4.192321470545E-012
  3.480519329257E+001  4.048333841881E-012 -3.201708375383E-012  2.517645145569E-012
  3.547755958299E+001  2.376795371075E-012 -1.885335818231E-012  1.487349951150E-012
  3.616922902393E+001  1.372034767281E-012 -1.091516211730E-012  8.638493579676E-013
  3.688094758921E+001  7.782336488829E-013 -6.208978377680E-013  4.929279290119E-013
  3.761349763993E+001  4.334372227607E-013 -3.467836367581E-013  2.761530320222E-013
  3.836770007534E+001  2.368637827810E-013 -1.900337571920E-013  1.517828937267E-013
  3.914441663347E+001  1.269102260233E-013 -1.020953944742E-013  8.178476875673E-014
  3.994455235367E+001  6.661509721643E-014 -5.373257709673E-014  4.316700832265E-014
  4.076905821405E+001  3.422643913240E-014 -2.767964556692E-014  2.229959912714E-014
  4.161893395835E+001  1.719807782169E-014 -1.394412145577E-014  1.126483002793E-014
  4.249523112779E+001  8.443517820024E-015 -6.863190622812E-015  5.559447904214E-015
  4.339905631520E+001  4.046385257290E-015 -3.297163784569E-015  2.677896959269E-015
  4.433157466006E+001  1.890878932570E-015 -1.544497641171E-015  1.257663351204E-015
  4.529401360538E+001  8.606791332649E-016 -7.046848481335E-016  5.752709415603E-016
  4.628766693861E+001  3.811559081140E-016 -3.127999433777E-016  2.559891160503E-016
  4.731389914191E+001  1.640300290280E-016 -1.349205974909E-016  1.106847664425E-016
  4.837415007871E+001  6.850934014436E-017 -5.647762339770E-017  4.644282679970E-017
  4.946994004686E+001  2.773302605598E-017 -2.291272735854E-017  1.888556424642E-017
  5.060287523143E+001  1.086545581943E-017 -8.996257001013E-018  7.431983131436E-018
  5.177465359367E+001  4.113851060461E-018 -3.413332759500E-018  2.826118298987E-018
  5.298707123650E+001  1.502823186241E-018 -1.249499837194E-018  1.036803219069E-018
  5.424202929116E+001  5.288032439455E-019 -4.405579806938E-019  3.663461377185E-019
  5.554154137419E+001  1.789088994466E-019 -1.493496614500E-019  1.244519153730E-019
  5.688774166961E+001  5.808974619904E-020 -4.858677773744E-020  4.057000091267E-020
  5.828289369667E+001  1.806445194727E-020 -1.513815691483E-020  1.266574274327E-020
  5.972939983075E+001  5.368862043583E-021 -4.507581713405E-021  3.778796876047E-021
  6.122981165190E+001  1.521557919103E-021 -1.279813952634E-021  1.074956685673E-021
  6.278684120462E+001  4.102022912956E-022 -3.456507734623E-022  2.908694486798E-022
  6.440337326150E+001  1.049297748936E-022 -8.857347258897E-023  7.467295054809E-023
  6.608247869451E+001  2.539838811528E-023 -2.147638643417E-023  1.813856277301E-023
  6.782742906960E+001  5.800405092317E-024 -4.913018574748E-024  4.156764128552E-024
  6.964171259434E+001  1.245975139578E-024 -1.057108684319E-024  8.959330237162E-025
  7.152905156377E+001  2.509127885985E-025 -2.132252573499E-025  1.810203551142E-025
  7.349342146763E+001  4.720239319573E-026 -4.017640760737E-026  3.416464945543E-026
  7.553907194217E+001  8.264037754573E-027 -7.044926926554E-027  6.000452527866E-027
  7.767054977292E+001  1.341070987601E-027 -1.144983425048E-027  9.767719725176E-028
  7.989272418113E+001  2.008452997643E-028 -1.717349468050E-028  1.467318073092E-028
  8.221081465675E+001  2.763156757946E-029 -2.366130364595E-029  2.024702640033E-029
  8.463042163523E+001  3.474715205513E-030 -2.979718772899E-030  2.553527364471E-030
  8.715756035520E+001  3.972627825965E-031 -3.411488015880E-031  2.927774848851E-031
  8.979869827958E+001  4.105644782161E-032 -3.530566895230E-032  3.034261727548E-032
  9.256079651532E+001  3.811870879089E-033 -3.282356539443E-033  2.824851010296E-033
  9.545135572765E+001  3.158258100263E-034 -2.723123152524E-034  2.346739835095E-034
  9.847846711487E+001  2.318355460702E-035 -2.001518288533E-035  1.727157724728E-035
  1.016508690915E+002  1.496079819368E-036 -1.293248982070E-036  1.117420120548E-036
  1.049780104220E+002  8.416193618008E-038 -7.284153518638E-038  6.301772047355E-038
  1.084701206579E+002  4.089817498491E-039 -3.543982905047E-039  3.069813849440E-039
  1.121382888606E+002  1.699914343670E-040 -1.474781029690E-040  1.279005944565E-040
  1.159945517414E+002  5.978951892327E-042 -5.193104262005E-042  4.509045690549E-042
  1.200519925308E+002  1.758862855498E-043 -1.529411199391E-043  1.329482440379E-043
  1.243248520934E+002  4.272997127612E-045 -3.719668015519E-045  3.237066544422E-045
  1.288286540551E+002  8.455006745056E-047 -7.368073806741E-047  6.419172821985E-047
  1.335803459987E+002  1.342179053249E-048 -1.170868666901E-048  1.021173800274E-048
  1.385984591287E+002  1.681287015808E-050 -1.468205135797E-050  1.281839045082E-050
  1.439032892205E+002  1.632085820123E-052 -1.426673516063E-052  1.246854282068E-052
  1.495171021587E+002  1.203604749954E-054 -1.053154145441E-054  9.213329810401E-055
  1.554643679592E+002  6.597492313818E-057 -5.778341815455E-057  5.060004088883E-057
  1.617720278763E+002  2.624114796572E-059 -2.300453342279E-059  2.016385530512E-059
  1.684698000514E+002  7.375174302671E-062 -6.471415032813E-062  5.677558138086E-062
  1.755905301928E+002  1.422359344759E-064 -1.249173851579E-064  1.096925793216E-064
  1.831705950299E+002  1.822152449254E-067 -1.601677947535E-067  1.407704698093E-067
  1.912503678195E+002  1.495674068592E-070 -1.315815026275E-070  1.157452862314E-070
  1.998747570544E+002  7.556889153462E-074 -6.653633722220E-074  5.857734817820E-074
  2.090938318328E+002  2.247373660963E-077 -1.980340011883E-077  1.744870861363E-077
  2.189635501945E+002  3.742124614000E-081 -3.300062323207E-081  2.909972379194E-081
  2.295466102647E+002  3.298662813085E-085 -2.911200557378E-085  2.569050567455E-085
  2.409134484547E+002  1.445418848118E-089 -1.276583428231E-089  1.127390187709E-089
  2.531434144886E+002  2.932794366310E-094 -2.592086366628E-094  2.290814202239E-094
  2.663261599835E+002  2.543281370576E-099 -2.249395388344E-099  1.989355902238E-099
  2.805632861191E+002  8.607580587758E-105 -7.618110767779E-105  6.742039554337E-105
  2.959703071532E+002  1.025376762033E-110 -9.081044363846E-111  8.042077910096E-111
  3.126790009236E+002  3.821397580315E-117 -3.386508114924E-117  3.000988285464E-117
  3.308402360200E+002  3.893118882894E-124 -3.452205510725E-124  3.061116436709E-124
  3.506273893903E+002  9.284548773039E-132 -8.237974514690E-132  7.309136913964E-132
  3.722404996260E+002  4.334093668141E-140 -3.847780272242E-140  3.415937097481E-140
  3.959113426415E+002  3.218538076412E-149 -2.859003485691E-149  2.539567846412E-149
  4.219096715122E+002  2.986934071881E-159 -2.654712759537E-159  2.359390744307E-159
  4.505509359373E+002  2.612258400593E-170 -2.322928126618E-170  2.065603914576E-170
  4.822058963204E+002  1.545044798101E-182 -1.374612812144E-182  1.222960470650E-182
  5.173126831536E+002  4.175564385164E-196 -3.716774103078E-196  3.308345378241E-196
  5.563920392209E+002  3.235404809326E-211 -2.881265876893E-211  2.565857944206E-211
  6.000667421536E+002  4.116162460865E-228 -3.667271454149E-228  3.267299503707E-228
  6.490865708786E+002  4.394684883870E-247 -3.917114802032E-247  3.491410279116E-247
  7.043607010442E+002  1.744873349914E-268 -1.555903651668E-268  1.387388608521E-268
  7.670001674974E+002  9.528439905434E-293 -8.499885804484E-293  7.582310246553E-293
  8.383741345464E+002  0.000000000000E+000  0.000000000000E+000  0.000000000000E+000
  9.201853543213E+002  0.000000000000E+000  0.000000000000E+000  0.000000000000E+000
  1.014572672318E+003  0.000000000000E+000  0.000000000000E+000  0.000000000000E+000
  1.124252254996E+003  0.000000000000E+000  0.000000000000E+000  0.000000000000E+000
  1.252715205428E+003  0.000000000000E+000  0.000000000000E+000  0.000000000000E+000
  1.404508845568E+003  0.000000000000E+000  0.000000000000E+000  0.000000000000E+000
  1.585644739908E+003  0.000000000000E+000  0.000000000000E+000  0.000000000000E+000
  1.804203189488E+003  0.000000000000E+000  0.000000000000E+000  0.000000000000E+000
  2.071250249814E+003  0.000000000000E+000  0.000000000000E+000  0.000000000000E+000
  2.402266552340E+003  0.000000000000E+000  0.000000000000E+000  0.000000000000E+000
  2.819442449497E+003  0.000000000000E+000  0.000000000000E+000  0.000000000000E+000
  3.355496240167E+003  0.000000000000E+000  0.000000000000E+000  0.000000000000E+000
  4.060290442982E+003  0.000000000000E+000  0.000000000000E+000  0.000000000000E+000
  5.012860622227E+003  0.000000000000E+000  0.000000000000E+000  0.000000000000E+000
  6.344578802016E+003  0.000000000000E+000  0.000000000000E+000  0.000000000000E+000
  8.287000878586E+003  0.000000000000E+000  0.000000000000E+000  0.000000000000E+000
  1.127976970933E+004  0.000000000000E+000  0.000000000000E+000  0.000000000000E+000
  1.624316171036E+004  0.000000000000E+000  0.000000000000E+000  0.000000000000E+000
  2.538031516868E+004  0.000000000000E+000  0.000000000000E+000  0.000000000000E+000
  4.512107881524E+004  0.000000000000E+000  0.000000000000E+000  0.000000000000E+000
  1.015232606647E+005  0.000000000000E+000  0.000000000000E+000  0.000000000000E+000
  4.060950426526E+005  0.000000000000E+000  0.000000000000E+000  0.000000000000E+000
