# 1st line: number of mesh points
# abcissa wavefunction wavefunction_1st wavefunction_2nd
1000
# Principal QN=   4 , l=   0 , Occupation=   2.0000
  2.462477732966E-006  1.870645159810E+001 -7.500586987622E+002  2.658668055011E+004
  9.849959442330E-006  1.870091127860E+001 -7.498623196303E+002  2.657869876221E+004
  2.216259066178E-005  1.869168051473E+001 -7.495351477822E+002  2.656540184297E+004
  3.940061395432E-005  1.867876395642E+001 -7.490773731275E+002  2.654679887572E+004
  6.156436892224E-005  1.866216810743E+001 -7.484892612446E+002  2.652290256207E+004
  8.865429222131E-005  1.864190131929E+001 -7.477711530855E+002  2.649372920681E+004
  1.206709175794E-004  1.861797378343E+001 -7.469234645974E+002  2.645929869866E+004
  1.576148758184E-004  1.859039752168E+001 -7.459466862624E+002  2.641963448668E+004
  1.994868948811E-004  1.855918637502E+001 -7.448413825537E+002  2.637476355258E+004
  2.462877998613E-004  1.852435599062E+001 -7.436081913118E+002  2.632471637885E+004
  2.980185130383E-004  1.848592380728E+001 -7.422478230399E+002  2.626952691279E+004
  3.546800539158E-004  1.844390903918E+001 -7.407610601203E+002  2.620923252649E+004
  4.162735392647E-004  1.839833265806E+001 -7.391487559535E+002  2.614387397290E+004
  4.828001831694E-004  1.834921737373E+001 -7.374118340204E+002  2.607349533788E+004
  5.542612970792E-004  1.829658761311E+001 -7.355512868694E+002  2.599814398859E+004
  6.306582898628E-004  1.824046949769E+001 -7.335681750315E+002  2.591787051797E+004
  7.119926678676E-004  1.818089081948E+001 -7.314636258619E+002  2.583272868566E+004
  7.982660349828E-004  1.811788101557E+001 -7.292388323140E+002  2.574277535533E+004
  8.894800927067E-004  1.805147114116E+001 -7.268950516440E+002  2.564807042855E+004
  9.856366402179E-004  1.798169384132E+001 -7.244336040507E+002  2.554867677531E+004
  1.086737574451E-003  1.790858332136E+001 -7.218558712517E+002  2.544466016124E+004
  1.192784890174E-003  1.783217531587E+001 -7.191632949982E+002  2.533608917181E+004
  1.303780680078E-003  1.775250705656E+001 -7.163573755308E+002  2.522303513334E+004
  1.419727134858E-003  1.766961723891E+001 -7.134396699792E+002  2.510557203131E+004
  1.540626543307E-003  1.758354598761E+001 -7.104117907072E+002  2.498377642576E+004
  1.666481292416E-003  1.749433482091E+001 -7.072754036074E+002  2.485772736412E+004
  1.797293867468E-003  1.740202661397E+001 -7.040322263461E+002  2.472750629153E+004
  1.933066852148E-003  1.730666556115E+001 -7.006840265628E+002  2.459319695879E+004
  2.073802928647E-003  1.720829713739E+001 -6.972326200263E+002  2.445488532816E+004
  2.219504877777E-003  1.710696805866E+001 -6.936798687507E+002  2.431265947696E+004
  2.370175579090E-003  1.700272624163E+001 -6.900276790732E+002  2.416660949937E+004
  2.525818010992E-003  1.689562076256E+001 -6.862779996985E+002  2.401682740640E+004
  2.686435250879E-003  1.678570181538E+001 -6.824328197102E+002  2.386340702423E+004
  2.852030475254E-003  1.667302066923E+001 -6.784941665553E+002  2.370644389112E+004
  3.022606959872E-003  1.655762962536E+001 -6.744641040015E+002  2.354603515295E+004
  3.198168079872E-003  1.643958197342E+001 -6.703447300731E+002  2.338227945770E+004
  3.378717309917E-003  1.631893194734E+001 -6.661381749674E+002  2.321527684882E+004
  3.564258224347E-003  1.619573468081E+001 -6.618465989544E+002  2.304512865785E+004
  3.754794497325E-003  1.607004616229E+001 -6.574721902636E+002  2.287193739629E+004
  3.950329902993E-003  1.594192318982E+001 -6.530171629603E+002  2.269580664704E+004
  4.150868315631E-003  1.581142332554E+001 -6.484837548157E+002  2.251684095538E+004
  4.356413709820E-003  1.567860485002E+001 -6.438742251715E+002  2.233514571978E+004
  4.566970160612E-003  1.554352671651E+001 -6.391908528054E+002  2.215082708272E+004
  4.782541843700E-003  1.540624850504E+001 -6.344359337970E+002  2.196399182155E+004
  5.003133035593E-003  1.526683037660E+001 -6.296117794002E+002  2.177474723965E+004
  5.228748113801E-003  1.512533302732E+001 -6.247207139223E+002  2.158320105796E+004
  5.459391557015E-003  1.498181764275E+001 -6.197650726151E+002  2.138946130720E+004
  5.695067945303E-003  1.483634585234E+001 -6.147471995797E+002  2.119363622065E+004
  5.935781960296E-003  1.468897968410E+001 -6.096694456872E+002  2.099583412798E+004
  6.181538385392E-003  1.453978151950E+001 -6.045341665198E+002  2.079616334989E+004
  6.432342105956E-003  1.438881404881E+001 -5.993437203333E+002  2.059473209410E+004
  6.688198109528E-003  1.423614022667E+001 -5.941004660450E+002  2.039164835252E+004
  6.949111486034E-003  1.408182322813E+001 -5.888067612485E+002  2.018701979988E+004
  7.215087428003E-003  1.392592640526E+001 -5.834649602586E+002  1.998095369392E+004
  7.486131230784E-003  1.376851324409E+001 -5.780774121883E+002  1.977355677728E+004
  7.762248292776E-003  1.360964732230E+001 -5.726464590609E+002  1.956493518122E+004
  8.043444115654E-003  1.344939226735E+001 -5.671744339586E+002  1.935519433124E+004
  8.329724304602E-003  1.328781171544E+001 -5.616636592101E+002  1.914443885476E+004
  8.621094568555E-003  1.312496927097E+001 -5.561164446197E+002  1.893277249100E+004
  8.917560720438E-003  1.296092846686E+001 -5.505350857395E+002  1.872029800309E+004
  9.219128677417E-003  1.279575272560E+001 -5.449218621864E+002  1.850711709259E+004
  9.525804461149E-003  1.262950532106E+001 -5.392790360063E+002  1.829333031641E+004
  9.837594198038E-003  1.246224934120E+001 -5.336088500862E+002  1.807903700642E+004
  1.015450411950E-002  1.229404765159E+001 -5.279135266173E+002  1.786433519152E+004
  1.047654056222E-002  1.212496285983E+001 -5.221952656089E+002  1.764932152267E+004
  1.080370996845E-002  1.195505728092E+001 -5.164562434555E+002  1.743409120052E+004
  1.113601888623E-002  1.178439290356E+001 -5.106986115585E+002  1.721873790601E+004
  1.147347396972E-002  1.161303135736E+001 -5.049244950026E+002  1.700335373396E+004
  1.181608197948E-002  1.144103388115E+001 -4.991359912887E+002  1.678802912953E+004
  1.216384978272E-002  1.126846129218E+001 -4.933351691250E+002  1.657285282785E+004
  1.251678435364E-002  1.109537395644E+001 -4.875240672749E+002  1.635791179674E+004
  1.287489277369E-002  1.092183175995E+001 -4.817046934646E+002  1.614329118245E+004
  1.323818223191E-002  1.074789408112E+001 -4.758790233499E+002  1.592907425876E+004
  1.360666002522E-002  1.057361976416E+001 -4.700489995429E+002  1.571534237919E+004
  1.398033355872E-002  1.039906709360E+001 -4.642165306988E+002  1.550217493242E+004
  1.435921034603E-002  1.022429376985E+001 -4.583834906633E+002  1.528964930105E+004
  1.474329800963E-002  1.004935688579E+001 -4.525517176806E+002  1.507784082355E+004
  1.513260428113E-002  9.874312904570E+000 -4.467230136622E+002  1.486682275954E+004
  1.552713700165E-002  9.699217638329E+000 -4.408991435158E+002  1.465666625829E+004
  1.592690412217E-002  9.524126228133E+000 -4.350818345352E+002  1.444744033057E+004
  1.633191370382E-002  9.349093124900E+000 -4.292727758500E+002  1.423921182368E+004
  1.674217391826E-002  9.174172071432E+000 -4.234736179346E+002  1.403204539978E+004
  1.715769304806E-002  8.999416085497E+000 -4.176859721774E+002  1.382600351743E+004
  1.757847948698E-002  8.824877443963E+000 -4.119114105073E+002  1.362114641634E+004
  1.800454174044E-002  8.650607667982E+000 -4.061514650792E+002  1.341753210529E+004
  1.843588842578E-002  8.476657509194E+000 -4.004076280160E+002  1.321521635318E+004
  1.887252827273E-002  8.303076936958E+000 -3.946813512074E+002  1.301425268319E+004
  1.931447012370E-002  8.129915126568E+000 -3.889740461630E+002  1.281469236997E+004
  1.976172293425E-002  7.957220448469E+000 -3.832870839209E+002  1.261658443984E+004
  2.021429577341E-002  7.785040458426E+000 -3.776217950086E+002  1.241997567396E+004
  2.067219782411E-002  7.613421888642E+000 -3.719794694558E+002  1.222491061437E+004
  2.113543838356E-002  7.442410639808E+000 -3.663613568583E+002  1.203143157281E+004
  2.160402686371E-002  7.272051774038E+000 -3.607686664910E+002  1.183957864241E+004
  2.207797279156E-002  7.102389508708E+000 -3.552025674687E+002  1.164938971195E+004
  2.255728580967E-002  6.933467211125E+000 -3.496641889533E+002  1.146090048282E+004
  2.304197567655E-002  6.765327394049E+000 -3.441546204061E+002  1.127414448847E+004
  2.353205226706E-002  6.598011712003E+000 -3.386749118832E+002  1.108915311635E+004
  2.402752557287E-002  6.431560958371E+000 -3.332260743725E+002  1.090595563221E+004
  2.452840570292E-002  6.266015063244E+000 -3.278090801713E+002  1.072457920665E+004
  2.503470288379E-002  6.101413091984E+000 -3.224248633014E+002  1.054504894397E+004
  2.554642746023E-002  5.937793244495E+000 -3.170743199608E+002  1.036738791302E+004
  2.606358989558E-002  5.775192855139E+000 -3.117583090113E+002  1.019161718014E+004
  2.658620077221E-002  5.613648393314E+000 -3.064776524969E+002  1.001775584397E+004
  2.711427079202E-002  5.453195464612E+000 -3.012331361957E+002  9.845821072137E+003
  2.764781077690E-002  5.293868812574E+000 -2.960255101990E+002  9.675828139600E+003
  2.818683166921E-002  5.135702320984E+000 -2.908554895189E+002  9.507790468693E+003
  2.873134453224E-002  4.978729016673E+000 -2.857237547212E+002  9.341719670640E+003
  2.928136055074E-002  4.822981072827E+000 -2.806309525813E+002  9.177625588520E+003
  2.983689103139E-002  4.668489812730E+000 -2.755776967627E+002  9.015516341544E+003
  3.039794740329E-002  4.515285713956E+000 -2.705645685146E+002  8.855398370554E+003
  3.096454121851E-002  4.363398412941E+000 -2.655921173875E+002  8.697276484637E+003
  3.153668415253E-002  4.212856709934E+000 -2.606608619653E+002  8.541153908754E+003
  3.211438800486E-002  4.063688574285E+000 -2.557712906107E+002  8.387032332279E+003
  3.269766469947E-002  3.915921150040E+000 -2.509238622239E+002  8.234911958345E+003
  3.328652628537E-002  3.769580761829E+000 -2.461190070111E+002  8.084791553899E+003
  3.388098493714E-002  3.624692920996E+000 -2.413571272621E+002  7.936668500365E+003
  3.448105295547E-002  3.481282331977E+000 -2.366385981344E+002  7.790538844804E+003
  3.508674276771E-002  3.339372898861E+000 -2.319637684428E+002  7.646397351494E+003
  3.569806692844E-002  3.198987732144E+000 -2.273329614526E+002  7.504237553810E+003
  3.631503812000E-002  3.060149155633E+000 -2.227464756743E+002  7.364051806322E+003
  3.693766915309E-002  2.922878713473E+000 -2.182045856583E+002  7.225831337013E+003
  3.756597296732E-002  2.787197177293E+000 -2.137075427891E+002  7.089566299519E+003
  3.819996263183E-002  2.653124553423E+000 -2.092555760753E+002  6.955245825315E+003
  3.883965134583E-002  2.520680090189E+000 -2.048488929364E+002  6.822858075741E+003
  3.948505243923E-002  2.389882285238E+000 -2.004876799827E+002  6.692390293792E+003
  4.013617937323E-002  2.260748892903E+000 -1.961721037885E+002  6.563828855588E+003
  4.079304574093E-002  2.133296931559E+000 -1.919023116566E+002  6.437159321442E+003
  4.145566526792E-002  2.007542690981E+000 -1.876784323731E+002  6.312366486442E+003
  4.212405181296E-002  1.883501739671E+000 -1.835005769508E+002  6.189434430480E+003
  4.279821936853E-002  1.761188932143E+000 -1.793688393605E+002  6.068346567648E+003
  4.347818206155E-002  1.640618416154E+000 -1.752832972490E+002  5.949085694939E+003
  4.416395415396E-002  1.521803639871E+000 -1.712440126431E+002  5.831634040170E+003
  4.485555004336E-002  1.404757358955E+000 -1.672510326373E+002  5.715973309084E+003
  4.555298426375E-002  1.289491643555E+000 -1.633043900666E+002  5.602084731559E+003
  4.625627148608E-002  1.176017885209E+000 -1.594041041611E+002  5.489949106858E+003
  4.696542651902E-002  1.064346803635E+000 -1.555501811835E+002  5.379546847884E+003
  4.768046430958E-002  9.544884534012E-001 -1.517426150476E+002  5.270858024382E+003
  4.840139994379E-002  8.464522304914E-001 -1.479813879181E+002  5.163862405028E+003
  4.912824864743E-002  7.402468787311E-001 -1.442664707902E+002  5.058539498381E+003
  4.986102578670E-002  6.358804960929E-001 -1.405978240492E+002  4.954868592647E+003
  5.059974686895E-002  5.333605408676E-001 -1.369753980095E+002  4.852828794213E+003
  5.134442754336E-002  4.326938377029E-001 -1.333991334323E+002  4.752399064924E+003
  5.209508360169E-002  3.338865835069E-001 -1.298689620222E+002  4.653558258079E+003
  5.285173097899E-002  2.369443532185E-001 -1.263848069016E+002  4.556285153100E+003
  5.361438575437E-002  1.418721054448E-001 -1.229465830645E+002  4.460558488867E+003
  5.438306415168E-002  4.867418796677E-002 -1.195541978068E+002  4.366356995694E+003
  5.515778254035E-002 -4.264565688179E-002 -1.162075511359E+002  4.273659425925E+003
  5.593855743605E-002 -1.320842869607E-001 -1.129065361577E+002  4.182444583142E+003
  5.672540550155E-002 -2.196391551888E-001 -1.096510394422E+002  4.092691349973E+003
  5.751834354743E-002 -3.053083045245E-001 -1.064409413660E+002  4.004378714487E+003
  5.831738853289E-002 -3.890903630537E-001 -1.032761164350E+002  3.917485795181E+003
  5.912255756656E-002 -4.709845391810E-001 -1.001564335842E+002  3.831991864558E+003
  5.993386790726E-002 -5.509906169133E-001 -9.708175645703E+001  3.747876371282E+003
  6.075133696481E-002 -6.291089512317E-001 -9.405194366369E+001  3.665118960941E+003
  6.157498230090E-002 -7.053404635404E-001 -9.106684901885E+001  3.583699495401E+003
  6.240482162984E-002 -7.796866371845E-001 -8.812632175959E+001  3.503598070780E+003
  6.324087281946E-002 -8.521495130278E-001 -8.523020674351E+001  3.424795034038E+003
  6.408315389190E-002 -9.227316850804E-001 -8.237834462779E+001  3.347270998223E+003
  6.493168302447E-002 -9.914362961651E-001 -7.957057202969E+001  3.271006856361E+003
  6.578647855056E-002 -1.058267033614E+000 -7.680672166899E+001  3.195983794040E+003
  6.664755896041E-002 -1.123228124982E+000 -7.408662249299E+001  3.122183300684E+003
  6.751494290207E-002 -1.186324333769E+000 -7.141009978485E+001  3.049587179568E+003
  6.838864918226E-002 -1.247560955137E+000 -6.877697525560E+001  2.978177556582E+003
  6.926869676725E-002 -1.306943811614E+000 -6.618706712091E+001  2.907936887776E+003
  7.015510478375E-002 -1.364479248771E+000 -6.364019016296E+001  2.838847965731E+003
  7.104789251987E-002 -1.420174130856E+000 -6.113615577840E+001  2.770893924769E+003
  7.194707942599E-002 -1.474035836390E+000 -5.867477201303E+001  2.704058245044E+003
  7.285268511573E-002 -1.526072253694E+000 -5.625584358390E+001  2.638324755564E+003
  7.376472936684E-002 -1.576291776346E+000 -5.387917188981E+001  2.573677636148E+003
  7.468323212221E-002 -1.624703298561E+000 -5.154455501076E+001  2.510101418392E+003
  7.560821349078E-002 -1.671316210469E+000 -4.925178769732E+001  2.447580985662E+003
  7.653969374850E-002 -1.716140393299E+000 -4.700066135057E+001  2.386101572153E+003
  7.747769333938E-002 -1.759186214444E+000 -4.479096399362E+001  2.325648761072E+003
  7.842223287637E-002 -1.800464522403E+000 -4.262248023520E+001  2.266208481967E+003
  7.937333314243E-002 -1.839986641593E+000 -4.049499122649E+001  2.207767007259E+003
  8.033101509154E-002 -1.877764367013E+000 -3.840827461171E+001  2.150310948014E+003
  8.129529984966E-002 -1.913809958761E+000 -3.636210447330E+001  2.093827248993E+003
  8.226620871580E-002 -1.948136136396E+000 -3.435625127267E+001  2.038303183037E+003
  8.324376316303E-002 -1.980756073123E+000 -3.239048178703E+001  1.983726344819E+003
  8.422798483957E-002 -2.011683389813E+000 -3.046455904323E+001  1.930084644010E+003
  8.521889556978E-002 -2.040932148837E+000 -2.857824224931E+001  1.877366297904E+003
  8.621651735528E-002 -2.068516847715E+000 -2.673128672449E+001  1.825559823545E+003
  8.722087237602E-002 -2.094452412572E+000 -2.492344382835E+001  1.774654029400E+003
  8.823198299134E-002 -2.118754191397E+000 -2.315446088976E+001  1.724638006618E+003
  8.924987174107E-002 -2.141437947099E+000 -2.142408113650E+001  1.675501119921E+003
  9.027456134670E-002 -2.162519850357E+000 -1.973204362590E+001  1.627232998164E+003
  9.130607471240E-002 -2.182016472264E+000 -1.807808317743E+001  1.579823524612E+003
  9.234443492626E-002 -2.199944776758E+000 -1.646193030758E+001  1.533262826971E+003
  9.338966526132E-002 -2.216322112839E+000 -1.488331116785E+001  1.487541267206E+003
  9.444178917683E-002 -2.231166206571E+000 -1.334194748623E+001  1.442649431200E+003
  9.550083031933E-002 -2.244495152877E+000 -1.183755651272E+001  1.398578118276E+003
  9.656681252387E-002 -2.256327407109E+000 -1.036985096949E+001  1.355318330630E+003
  9.763975981519E-002 -2.266681776412E+000 -8.938539006044E+000  1.312861262707E+003
  9.871969640891E-002 -2.275577410875E+000 -7.543324159816E+000  1.271198290549E+003
  9.980664671274E-002 -2.283033794468E+000 -6.183905322698E+000  1.230320961161E+003
  1.009006353277E-001 -2.289070735778E+000 -4.859976713773E+000  1.190220981911E+003
  1.020016870494E-001 -2.293708358538E+000 -3.571227858660E+000  1.150890210015E+003
  1.031098268692E-001 -2.296967091959E+000 -2.317343575745E+000  1.112320642113E+003
  1.042250799756E-001 -2.298867660863E+000 -1.098003969599E+000  1.074504403988E+003
  1.053474717553E-001 -2.299431075635E+000  8.711556818439E-002  1.037433740431E+003
  1.064770277946E-001 -2.298678621983E+000  1.238344350512E+000  1.001101005304E+003
  1.076137738809E-001 -2.296631850527E+000  2.356016378492E+000  9.654986517966E+002
  1.087577360036E-001 -2.293312566214E+000  3.440470317166E+000  9.306192229210E+002
  1.099089403557E-001 -2.288742817576E+000  4.492049463147E+000  8.964553422572E+002
  1.110674133350E-001 -2.282944885831E+000  5.511101704077E+000  8.629997049667E+002
  1.122331815458E-001 -2.275941273834E+000  6.497979469855E+000  8.302450690961E+002
  1.134062717995E-001 -2.267754694900E+000  7.453039675588E+000  7.981842471859E+002
  1.145867111168E-001 -2.258408061493E+000  8.376643656287E+000  7.668100981991E+002
  1.157745267286E-001 -2.247924473800E+000  9.269157093326E+000  7.361155197852E+002
  1.169697460775E-001 -2.236327208199E+000  1.013094993272E+001  7.060934408883E+002
  1.181723968193E-001 -2.223639705623E+000  1.096239629533E+001  6.767368147141E+002
  1.193825068243E-001 -2.209885559852E+000  1.176387437905E+001  6.480386120610E+002
  1.206001041787E-001 -2.195088505712E+000  1.253576635320E+001  6.199918150272E+002
  1.218252171865E-001 -2.179272407226E+000  1.327845824518E+001  5.925894110961E+002
  1.230578743703E-001 -2.162461245704E+000  1.399233981968E+001  5.658243876092E+002
  1.242981044731E-001 -2.144679107796E+000  1.467780445054E+001  5.396897266269E+002
  1.255459364600E-001 -2.125950173515E+000  1.533524898561E+001  5.141784001819E+002
  1.268013995194E-001 -2.106298704243E+000  1.596507360469E+001  4.892833659253E+002
  1.280645230647E-001 -2.085749030736E+000  1.656768167104E+001  4.649975631661E+002
  1.293353367356E-001 -2.064325541132E+000  1.714347957647E+001  4.413139093020E+002
  1.306138704000E-001 -2.042052668985E+000  1.769287658058E+001  4.182252966408E+002
  1.319001541553E-001 -2.018954881320E+000  1.821628464428E+001  3.957245896070E+002
  1.331942183303E-001 -1.995056666749E+000  1.871411825797E+001  3.738046223312E+002
  1.344960934863E-001 -1.970382523626E+000  1.918679426473E+001  3.524581966146E+002
  1.358058104191E-001 -1.944956948282E+000  1.963473167885E+001  3.316780802650E+002
  1.371234001607E-001 -1.918804423337E+000  2.005835150012E+001  3.114570057944E+002
  1.384488939805E-001 -1.891949406100E+000  2.045807652412E+001  2.917876694715E+002
  1.397823233874E-001 -1.864416317076E+000  2.083433114904E+001  2.726627307202E+002
  1.411237201313E-001 -1.836229528591E+000  2.118754117929E+001  2.540748118535E+002
  1.424731162050E-001 -1.807413353532E+000  2.151813362633E+001  2.360164981339E+002
  1.438305438454E-001 -1.777992034235E+000  2.182653650714E+001  2.184803381474E+002
  1.451960355357E-001 -1.747989731516E+000  2.211317864064E+001  2.014588444816E+002
  1.465696240072E-001 -1.717430513854E+000  2.237848944256E+001  1.849444946946E+002
  1.479513422405E-001 -1.686338346750E+000  2.262289871903E+001  1.689297325616E+002
  1.493412234681E-001 -1.654737082258E+000  2.284683645939E+001  1.534069695883E+002
  1.507393011753E-001 -1.622650448698E+000  2.305073262851E+001  1.383685867750E+002
  1.521456091027E-001 -1.590102040575E+000  2.323501695909E+001  1.238069366203E+002
  1.535601812478E-001 -1.557115308690E+000  2.340011874425E+001  1.097143453486E+002
  1.549830518669E-001 -1.523713550469E+000  2.354646663083E+001  9.608311534848E+001
  1.564142554766E-001 -1.489919900506E+000  2.367448841373E+001  8.290552780622E+001
  1.578538268564E-001 -1.455757321337E+000  2.378461083167E+001  7.017384552209E+001
  1.593018010499E-001 -1.421248594439E+000  2.387725936471E+001  5.788031589289E+001
  1.607582133673E-001 -1.386416311482E+000  2.395285803385E+001  4.601717404737E+001
  1.622230993867E-001 -1.351282865805E+000  2.401182920314E+001  3.457664611971E+001
  1.636964949568E-001 -1.315870444162E+000  2.405459338444E+001  2.355095264656E+001
  1.651784361984E-001 -1.280201018709E+000  2.408156904528E+001  1.293231207342E+001
  1.666689595063E-001 -1.244296339257E+000  2.409317242013E+001  2.712944356114E+000
  1.681681015517E-001 -1.208177925784E+000  2.408981732518E+001 -7.114925356696E+000
  1.696758992842E-001 -1.171867061218E+000  2.407191497716E+001 -1.655906297362E+001
  1.711923899335E-001 -1.135384784483E+000  2.403987381622E+001 -2.562722165695E+001
  1.727176110118E-001 -1.098751883818E+000  2.399409933329E+001 -3.432713797853E+001
  1.742516003158E-001 -1.061988890379E+000  2.393499390194E+001 -4.266652804805E+001
  1.757943959287E-001 -1.025116072097E+000  2.386295661529E+001 -5.065308362636E+001
  1.773460362227E-001 -9.881534278326E-001  2.377838312772E+001 -5.829446823605E+001
  1.789065598608E-001 -9.511206817896E-001  2.368166550195E+001 -6.559831328101E+001
  1.804760057990E-001 -9.140372782171E-001  2.357319206149E+001 -7.257221418657E+001
  1.820544132889E-001 -8.769223763814E-001  2.345334724854E+001 -7.922372657100E+001
  1.836418218792E-001 -8.397948458150E-001  2.332251148765E+001 -8.556036245900E+001
  1.852382714189E-001 -8.026732618398E-001  2.318106105509E+001 -9.158958654716E+001
  1.868438020586E-001 -7.655759013622E-001  2.302936795419E+001 -9.731881253103E+001
  1.884584542535E-001 -7.285207389384E-001  2.286779979659E+001 -1.027553995027E+002
  1.900822687655E-001 -6.915254431086E-001  2.269671968956E+001 -1.079066484278E+002
  1.917152866652E-001 -6.546073729951E-001  2.251648612946E+001 -1.127797987090E+002
  1.933575493349E-001 -6.177835751629E-001  2.232745290128E+001 -1.173820248455E+002
  1.950090984705E-001 -5.810707807392E-001  2.212996898444E+001 -1.217204331923E+002
  1.966699760840E-001 -5.444854027868E-001  2.192437846475E+001 -1.258020588298E+002
  1.983402245061E-001 -5.080435339287E-001  2.171102045250E+001 -1.296338625455E+002
  2.000198863884E-001 -4.717609442184E-001  2.149022900684E+001 -1.332227279359E+002
  2.017090047061E-001 -4.356530792522E-001  2.126233306623E+001 -1.365754586332E+002
  2.034076227605E-001 -3.997350585178E-001  2.102765638500E+001 -1.396987756594E+002
  2.051157841813E-001 -3.640216739745E-001  2.078651747601E+001 -1.425993149138E+002
  2.068335329293E-001 -3.285273888591E-001  2.053922955925E+001 -1.452836247954E+002
  2.085609132993E-001 -2.932663367132E-001  2.028610051642E+001 -1.477581639644E+002
  2.102979699219E-001 -2.582523206249E-001  2.002743285125E+001 -1.500292992439E+002
  2.120447477670E-001 -2.234988126789E-001  1.976352365563E+001 -1.521033036645E+002
  2.138012921459E-001 -1.890189536104E-001  1.949466458131E+001 -1.539863546525E+002
  2.155676487143E-001 -1.548255526556E-001  1.922114181716E+001 -1.556845323631E+002
  2.173438634747E-001 -1.209310875926E-001  1.894323607172E+001 -1.572038181583E+002
  2.191299827795E-001 -8.734770496659E-002  1.866122256111E+001 -1.585500932304E+002
  2.209260533334E-001 -5.408722049297E-002  1.837537100195E+001 -1.597291373700E+002
  2.227321221965E-001 -2.116111963214E-002  1.808594560934E+001 -1.607466278779E+002
  2.245482367870E-001  1.141944167091E-002  1.779320509950E+001 -1.616081386193E+002
  2.263744448840E-001  4.364363608831E-002  1.749740269722E+001 -1.623191392196E+002
  2.282107946304E-001  7.550096385897E-002  1.719878614769E+001 -1.628849943993E+002
  2.300573345358E-001  1.069812515924E-001  1.689759773266E+001 -1.633109634453E+002
  2.319141134796E-001  1.380746509333E-001  1.659407429075E+001 -1.636021998170E+002
  2.337811807137E-001  1.687716370931E-001  1.628844724176E+001 -1.637637508836E+002
  2.356585858657E-001  1.990630072548E-001  1.598094261467E+001 -1.638005577902E+002
  2.375463789419E-001  2.289398788575E-001  1.567178107937E+001 -1.637174554482E+002
  2.394446103301E-001  2.583936877656E-001  1.536117798170E+001 -1.635191726475E+002
  2.413533308032E-001  2.874161863306E-001  1.504934338183E+001 -1.632103322863E+002
  2.432725915217E-001  3.159994413499E-001  1.473648209560E+001 -1.627954517145E+002
  2.452024440374E-001  3.441358319279E-001  1.442279373883E+001 -1.622789431860E+002
  2.471429402963E-001  3.718180472472E-001  1.410847277425E+001 -1.616651144166E+002
  2.490941326418E-001  3.990390842526E-001  1.379370856100E+001 -1.609581692421E+002
  2.510560738180E-001  4.257922452552E-001  1.347868540639E+001 -1.601622083731E+002
  2.530288169732E-001  4.520711354610E-001  1.316358261988E+001 -1.592812302398E+002
  2.550124156627E-001  4.778696604283E-001  1.284857456902E+001 -1.583191319250E+002
  2.570069238527E-001  5.031820234601E-001  1.253383073717E+001 -1.572797101778E+002
  2.590123959233E-001  5.280027229349E-001  1.221951578288E+001 -1.561666625046E+002
  2.610288866721E-001  5.523265495801E-001  1.190578960076E+001 -1.549835883319E+002
  2.630564513176E-001  5.761485836938E-001  1.159280738364E+001 -1.537339902372E+002
  2.650951455027E-001  5.994641923168E-001  1.128071968583E+001 -1.524212752406E+002
  2.671450252982E-001  6.222690263603E-001  1.096967248751E+001 -1.510487561554E+002
  2.692061472063E-001  6.445590176922E-001  1.065980725986E+001 -1.496196529906E+002
  2.712785681644E-001  6.663303761849E-001  1.035126103093E+001 -1.481370944012E+002
  2.733623455485E-001  6.875795867295E-001  1.004416645211E+001 -1.466041191819E+002
  2.754575371771E-001  7.083034062164E-001  9.738651865023E+000 -1.450236777991E+002
  2.775642013146E-001  7.284988604887E-001  9.434841368739E+000 -1.433986339570E+002
  2.796823966754E-001  7.481632412677E-001  9.132854887163E+000 -1.417317661934E+002
  2.818121824272E-001  7.672941030549E-001  8.832808236538E+000 -1.400257695002E+002
  2.839536181956E-001  7.858892600124E-001  8.534813192893E+000 -1.382832569651E+002
  2.861067640671E-001  8.039467828225E-001  8.238977559380E+000 -1.365067614303E+002
  2.882716805935E-001  8.214649955299E-001  7.945405233371E+000 -1.346987371635E+002
  2.904484287958E-001  8.384424723671E-001  7.654196273245E+000 -1.328615615386E+002
  2.926370701682E-001  8.548780345646E-001  7.365446964781E+000 -1.309975367213E+002
  2.948376666818E-001  8.707707471479E-001  7.079249887060E+000 -1.291088913565E+002
  2.970502807892E-001  8.861199157209E-001  6.795693977832E+000 -1.271977822545E+002
  2.992749754281E-001  9.009250832384E-001  6.514864598263E+000 -1.252662960715E+002
  3.015118140259E-001  9.151860267674E-001  6.236843597003E+000 -1.233164509832E+002
  3.037608605035E-001  9.289027542382E-001  5.961709373542E+000 -1.213501983474E+002
  3.060221792797E-001  9.420755011855E-001  5.689536940776E+000 -1.193694243521E+002
  3.082958352758E-001  9.547047274808E-001  5.420397986764E+000 -1.173759516493E+002
  3.105818939192E-001  9.667911140551E-001  5.154360935639E+000 -1.153715409684E+002
  3.128804211487E-001  9.783355596134E-001  4.891491007621E+000 -1.133578927108E+002
  3.151914834180E-001  9.893391773398E-001  4.631850278134E+000 -1.113366485201E+002
  3.175151477009E-001  9.998032915942E-001  4.375497735987E+000 -1.093093928287E+002
  3.198514814953E-001  1.009729434600E+000  4.122489340617E+000 -1.072776543778E+002
  3.222005528283E-001  1.019119343123E+000  3.872878078366E+000 -1.052429077096E+002
  3.245624302601E-001  1.027974955138E+000  3.626714017808E+000 -1.032065746299E+002
  3.269371828894E-001  1.036298406495E+000  3.384044364104E+000 -1.011700256404E+002
  3.293248803576E-001  1.044092027559E+000  3.144913512403E+000 -9.913458133948E+001
  3.317255928537E-001  1.051358339858E+000  2.909363100275E+000 -9.710151379066E+001
  3.341393911192E-001  1.058100052706E+000  2.677432059218E+000 -9.507204785710E+001
  3.365663464529E-001  1.064320059821E+000  2.449156665210E+000 -9.304736250284E+001
  3.390065307159E-001  1.070021435930E+000  2.224570588366E+000 -9.102859205937E+001
  3.414600163363E-001  1.075207433362E+000  2.003704941684E+000 -8.901682745743E+001
  3.439268763145E-001  1.079881478629E+000  1.786588328917E+000 -8.701311742384E+001
  3.464071842282E-001  1.084047168989E+000  1.573246891607E+000 -8.501846964325E+001
  3.489010142374E-001  1.087708269001E+000  1.363704355279E+000 -8.303385188469E+001
  3.514084410898E-001  1.090868707066E+000  1.157982074851E+000 -8.106019309329E+001
  3.539295401259E-001  1.093532571947E+000  9.560990792767E-001 -7.909838444709E+001
  3.564643872842E-001  1.095704109277E+000  7.580721154550E-001 -7.714928037954E+001
  3.590130591069E-001  1.097387718059E+000  5.639156914407E-001 -7.521369956796E+001
  3.615756327448E-001  1.098587947138E+000  3.736421189920E-001 -7.329242588845E+001
  3.641521859632E-001  1.099309491664E+000  1.872615554878E-001 -7.138620933795E+001
  3.667427971473E-001  1.099557189539E+000  4.782045252273E-003 -6.949576692405E+001
  3.693475453076E-001  1.099336017847E+000 -1.737904396775E-001 -6.762178352319E+001
  3.719665100860E-001  1.098651089268E+000 -3.484519593038E-001 -6.576491270829E+001
  3.745997717609E-001  1.097507648471E+000 -5.192005659036E-001 -6.392577754635E+001
  3.772474112534E-001  1.095911068501E+000 -6.860362647106E-001 -6.210497136715E+001
  3.799095101331E-001  1.093866847139E+000 -8.489609750079E-001 -6.030305850395E+001
  3.825861506238E-001  1.091380603253E+000 -1.007978491594E+000 -5.852057500708E+001
  3.852774156096E-001  1.088458073132E+000 -1.163094446591E+000 -5.675802933153E+001
  3.879833886411E-001  1.085105106807E+000 -1.314316271551E+000 -5.501590299955E+001
  3.907041539409E-001  1.081327664350E+000 -1.461653159843E+000 -5.329465123938E+001
  3.934397964105E-001  1.077131812167E+000 -1.605116029271E+000 -5.159470360104E+001
  3.961904016361E-001  1.072523719278E+000 -1.744717484904E+000 -4.991646455053E+001
  3.989560558949E-001  1.067509653575E+000 -1.880471782080E+000 -4.826031404326E+001
  4.017368461617E-001  1.062095978081E+000 -2.012394789565E+000 -4.662660807800E+001
  4.045328601149E-001  1.056289147188E+000 -2.140503952830E+000 -4.501567923249E+001
  4.073441861437E-001  1.050095702894E+000 -2.264818257425E+000 -4.342783718154E+001
  4.101709133538E-001  1.043522271019E+000 -2.385358192428E+000 -4.186336919909E+001
  4.130131315750E-001  1.036575557432E+000 -2.502145713944E+000 -4.032254064493E+001
  4.158709313670E-001  1.029262344253E+000 -2.615204208638E+000 -3.880559543747E+001
  4.187444040269E-001  1.021589486062E+000 -2.724558457277E+000 -3.731275651327E+001
  4.216336415958E-001  1.013563906103E+000 -2.830234598274E+000 -3.584422627462E+001
  4.245387368658E-001  1.005192592484E+000 -2.932260091205E+000 -3.440018702604E+001
  4.274597833869E-001  9.964825943754E-001 -3.030663680311E+000 -3.298080140058E+001
  4.303968754741E-001  9.874410182150E-001 -3.125475357943E+000 -3.158621277697E+001
  4.333501082151E-001  9.780750239132E-001 -3.216726327968E+000 -3.021654568846E+001
  4.363195774768E-001  9.683918210631E-001 -3.304448969119E+000 -2.887190622422E+001
  4.393053799131E-001  9.583986651589E-001 -3.388676798282E+000 -2.755238242404E+001
  4.423076129724E-001  9.481028538218E-001 -3.469444433719E+000 -2.625804466721E+001
  4.453263749047E-001  9.375117230380E-001 -3.546787558234E+000 -2.498894605631E+001
  4.483617647698E-001  9.266326434090E-001 -3.620742882274E+000 -2.374512279652E+001
  4.514138824444E-001  9.154730164166E-001 -3.691348106964E+000 -2.252659457115E+001
  4.544828286302E-001  9.040402707056E-001 -3.758641887104E+000 -2.133336491408E+001
  4.575687048617E-001  8.923418583850E-001 -3.822663794102E+000 -2.016542157952E+001
  4.606716135142E-001  8.803852513511E-001 -3.883454278882E+000 -1.902273690979E+001
  4.637916578118E-001  8.681779376335E-001 -3.941054634752E+000 -1.790526820144E+001
  4.669289418353E-001  8.557274177676E-001 -3.995506960267E+000 -1.681295807030E+001
  4.700835705309E-001  8.430412011944E-001 -4.046854122076E+000 -1.574573481566E+001
  4.732556497182E-001  8.301268026906E-001 -4.095139717791E+000 -1.470351278421E+001
  4.764452860985E-001  8.169917388311E-001 -4.140408038874E+000 -1.368619273375E+001
  4.796525872639E-001  8.036435244863E-001 -4.182704033576E+000 -1.269366219715E+001
  4.828776617050E-001  7.900896693560E-001 -4.222073269934E+000 -1.172579584669E+001
  4.861206188205E-001  7.763376745418E-001 -4.258561898853E+000 -1.078245585901E+001
  4.893815689254E-001  7.623950291621E-001 -4.292216617291E+000 -9.863492280774E+000
  4.926606232602E-001  7.482692070087E-001 -4.323084631564E+000 -8.968743395221E+000
  4.959578939999E-001  7.339676632504E-001 -4.351213620812E+000 -8.098036089594E+000
  4.992734942630E-001  7.194978311828E-001 -4.376651700618E+000 -7.251186223570E+000
  5.026075381207E-001  7.048671190289E-001 -4.399447386836E+000 -6.427998998639E+000
  5.059601406064E-001  6.900829067905E-001 -4.419649559630E+000 -5.628269328432E+000
  5.093314177250E-001  6.751525431536E-001 -4.437307427762E+000 -4.851782209920E+000
  5.127214864626E-001  6.600833424495E-001 -4.452470493147E+000 -4.098313095419E+000
  5.161304647959E-001  6.448825816722E-001 -4.465188515706E+000 -3.367628265265E+000
  5.195584717022E-001  6.295574975565E-001 -4.475511478536E+000 -2.659485201026E+000
  5.230056271692E-001  6.141152837160E-001 -4.483489553431E+000 -1.973632959089E+000
  5.264720522050E-001  5.985630878438E-001 -4.489173066778E+000 -1.309812544430E+000
  5.299578688483E-001  5.829080089774E-001 -4.492612465847E+000 -6.677572843512E-001
  5.334632001783E-001  5.671570948295E-001 -4.493858285511E+000 -4.719320197070E-002
  5.369881703256E-001  5.513173391857E-001 -4.492961115416E+000  5.521606107927E-001
  5.405329044823E-001  5.353956793707E-001 -4.489971567627E+000  1.130591620996E+000
  5.440975289128E-001  5.193989937843E-001 -4.484940244775E+000  1.688393483484E+000
  5.476821709641E-001  5.033340995082E-001 -4.477917708732E+000  2.225865671032E+000
  5.512869590774E-001  4.872077499854E-001 -4.468954449832E+000  2.743313106102E+000
  5.549120227985E-001  4.710266327717E-001 -4.458100856670E+000  3.241045794543E+000
  5.585574927889E-001  4.547973673621E-001 -4.445407186494E+000  3.719378461521E+000
  5.622235008375E-001  4.385265030916E-001 -4.430923536214E+000  4.178630190026E+000
  5.659101798716E-001  4.222205171115E-001 -4.414699814057E+000  4.619124062259E+000
  5.696176639685E-001  4.058858124423E-001 -4.396785711868E+000  5.041186804241E+000
  5.733460883672E-001  3.895287161025E-001 -4.377230678108E+000  5.445148433960E+000
  5.770955894803E-001  3.731554773156E-001 -4.356083891529E+000  5.831341913392E+000
  5.808663049055E-001  3.567722657937E-001 -4.333394235585E+000  6.200102804712E+000
  5.846583734383E-001  3.403851700995E-001 -4.309210273554E+000  6.551768931034E+000
  5.884719350837E-001  3.240001960859E-001 -4.283580224423E+000  6.886680041974E+000
  5.923071310690E-001  3.076232654136E-001 -4.256551939522E+000  7.205177484379E+000
  5.961641038558E-001  2.912602141465E-001 -4.228172879942E+000  7.507603878494E+000
  6.000429971532E-001  2.749167914253E-001 -4.198490094725E+000  7.794302799903E+000
  6.039439559304E-001  2.585986582180E-001 -4.167550199868E+000  8.065618467495E+000
  6.078671264295E-001  2.423113861480E-001 -4.135399358117E+000  8.321895437768E+000
  6.118126561791E-001  2.260604563989E-001 -4.102083259582E+000  8.563478305725E+000
  6.157806940069E-001  2.098512586956E-001 -4.067647103178E+000  8.790711412612E+000
  6.197713900541E-001  1.936890903609E-001 -4.032135578879E+000  9.003938560770E+000
  6.237848957880E-001  1.775791554471E-001 -3.995592850820E+000  9.203502735804E+000
  6.278213640166E-001  1.615265639416E-001 -3.958062541219E+000  9.389745836312E+000
  6.318809489022E-001  1.455363310466E-001 -3.919587715144E+000  9.563008411366E+000
  6.359638059756E-001  1.296133765299E-001 -3.880210866116E+000  9.723629405941E+000
  6.400700921502E-001  1.137625241479E-001 -3.839973902544E+000  9.871945914471E+000
  6.441999657370E-001  9.798850113887E-002 -3.798918135002E+000  1.000829294269E+001
  6.483535864586E-001  8.229593778475E-002 -3.757084264328E+000  1.013300317789E+001
  6.525311154647E-001  6.668936704131E-002 -3.714512370565E+000  1.024640676777E+001
  6.567327153465E-001  5.117322423455E-002 -3.671241902708E+000  1.034883110791E+001
  6.609585501525E-001  3.575184682237E-002 -3.627311669279E+000  1.044060063808E+001
  6.652087854034E-001  2.042947421994E-002 -3.582759829705E+000  1.052203664729E+001
  6.694835881080E-001  5.210247687379E-003 -3.537623886496E+000  1.059345708793E+001
  6.737831267789E-001 -9.901789721890E-003 -3.491940678213E+000  1.065517639869E+001
  6.781075714485E-001 -2.490269315364E-002 -3.445746373213E+000  1.070750533656E+001
  6.824570936852E-001 -3.978861588781E-002 -3.399076464167E+000  1.075075081789E+001
  6.868318666096E-001 -5.455580921763E-002 -3.351965763323E+000  1.078521576836E+001
  6.912320649114E-001 -6.920062227464E-002 -3.304448398518E+000  1.081119898203E+001
  6.956578648660E-001 -8.371950180126E-002 -3.256557809911E+000  1.082899498927E+001
  7.001094443516E-001 -9.810899187279E-002 -3.208326747428E+000  1.083889393375E+001
  7.045869828664E-001 -1.123657335705E-001 -3.159787268903E+000  1.084118145810E+001
  7.090906615461E-001 -1.264864646079E-001 -3.110970738893E+000  1.083613859854E+001
  7.136206631812E-001 -1.404680189114E-001 -3.061907828158E+000  1.082404168809E+001
  7.181771722357E-001 -1.543073261580E-001 -3.012628513774E+000  1.080516226840E+001
  7.227603748644E-001 -1.680014112718E-001 -2.963162079883E+000  1.077976701009E+001
  7.273704589315E-001 -1.815473938799E-001 -2.913537119030E+000  1.074811764139E+001
  7.320076140295E-001 -1.949424877315E-001 -2.863781534094E+000  1.071047088506E+001
  7.366720314977E-001 -2.081840000808E-001 -2.813922540782E+000  1.066707840331E+001
  7.413639044413E-001 -2.212693310357E-001 -2.763986670661E+000  1.061818675063E+001
  7.460834277508E-001 -2.341959728748E-001 -2.713999774709E+000  1.056403733441E+001
  7.508307981215E-001 -2.469615093334E-001 -2.663987027380E+000  1.050486638299E+001
  7.556062140732E-001 -2.595636148617E-001 -2.613972931126E+000  1.044090492121E+001
  7.604098759705E-001 -2.720000538557E-001 -2.563981321395E+000  1.037237875297E+001
  7.652419860431E-001 -2.842686798638E-001 -2.514035372050E+000  1.029950845087E+001
  7.701027484060E-001 -2.963674347698E-001 -2.464157601210E+000  1.022250935249E+001
  7.749923690810E-001 -3.082943479546E-001 -2.414369877471E+000  1.014159156327E+001
  7.799110560171E-001 -3.200475354381E-001 -2.364693426503E+000  1.005695996558E+001
  7.848590191124E-001 -3.316251990036E-001 -2.315148837991E+000  9.968814233950E+000
  7.898364702358E-001 -3.430256253047E-001 -2.265756072897E+000  9.877348856081E+000
  7.948436232486E-001 -3.542471849586E-001 -2.216534471029E+000  9.782753159420E+000
  7.998806940270E-001 -3.652883316252E-001 -2.167502758881E+000  9.685211343113E+000
  8.049479004846E-001 -3.761476010750E-001 -2.118679057741E+000  9.584902515036E+000
  8.100454625952E-001 -3.868236102463E-001 -2.070080892035E+000  9.482000733678E+000
  8.151736024160E-001 -3.973150562937E-001 -2.021725197879E+000  9.376675054628E+000
  8.203325441110E-001 -4.076207156292E-001 -1.973628331837E+000  9.269089581407E+000
  8.255225139746E-001 -4.177394429565E-001 -1.925806079847E+000  9.159403520405E+000
  8.307437404560E-001 -4.276701703013E-001 -1.878273666307E+000  9.047771239669E+000
  8.359964541833E-001 -4.374119060369E-001 -1.831045763294E+000  8.934342331292E+000
  8.412808879885E-001 -4.469637339077E-001 -1.784136499901E+000  8.819261677162E+000
  8.465972769320E-001 -4.563248120511E-001 -1.737559471671E+000  8.702669517817E+000
  8.519458583285E-001 -4.654943720188E-001 -1.691327750117E+000  8.584701524173E+000
  8.573268717726E-001 -4.744717177989E-001 -1.645453892293E+000  8.465488871880E+000
  8.627405591648E-001 -4.832562248389E-001 -1.599949950424E+000  8.345158318067E+000
  8.681871647376E-001 -4.918473390715E-001 -1.554827481559E+000  8.223832280252E+000
  8.736669350829E-001 -5.002445759431E-001 -1.510097557236E+000  8.101628917183E+000
  8.791801191785E-001 -5.084475194467E-001 -1.465770773153E+000  7.978662211387E+000
  8.847269684160E-001 -5.164558211583E-001 -1.421857258812E+000  7.855042053210E+000
  8.903077366283E-001 -5.242691992797E-001 -1.378366687149E+000  7.730874326137E+000
  8.959226801184E-001 -5.318874376860E-001 -1.335308284104E+000  7.606260993178E+000
  9.015720576873E-001 -5.393103849795E-001 -1.292690838150E+000  7.481300184126E+000
  9.072561306635E-001 -5.465379535510E-001 -1.250522709745E+000  7.356086283491E+000
  9.129751629322E-001 -5.535701186473E-001 -1.208811840714E+000  7.230710018917E+000
  9.187294209652E-001 -5.604069174461E-001 -1.167565763534E+000  7.105258549900E+000
  9.245191738511E-001 -5.670484481396E-001 -1.126791610527E+000  6.979815556647E+000
  9.303446933257E-001 -5.734948690248E-001 -1.086496122946E+000  6.854461328882E+000
  9.362062538036E-001 -5.797463976028E-001 -1.046685659934E+000  6.729272854464E+000
  9.421041324088E-001 -5.858033096857E-001 -1.007366207376E+000  6.604323907647E+000
  9.480386090075E-001 -5.916659385123E-001 -9.685433866072E-001  6.479685136848E+000
  9.540099662399E-001 -5.973346738719E-001 -9.302224629893E-001  6.355424151778E+000
  9.600184895530E-001 -6.028099612366E-001 -8.924083543435E-001  6.231605609807E+000
  9.660644672342E-001 -6.080923009016E-001 -8.551056392352E-001  6.108291301441E+000
  9.721481904447E-001 -6.131822471341E-001 -8.183185651061E-001  5.985540234799E+000
  9.782699532537E-001 -6.180804073302E-001 -7.820510562505E-001  5.863408718979E+000
  9.844300526731E-001 -6.227874411790E-001 -7.463067216316E-001  5.741950446214E+000
  9.906287886927E-001 -6.273040598357E-001 -7.110888625366E-001  5.621216572729E+000
  9.968664643158E-001 -6.316310251005E-001 -6.764004800671E-001  5.501255798209E+000
  1.003143385595E+000 -6.357691486061E-001 -6.422442824641E-001  5.382114443809E+000
  1.009459861670E+000 -6.397192910114E-001 -6.086226922669E-001  5.263836528629E+000
  1.015816204803E+000 -6.434823612015E-001 -5.755378533048E-001  5.146463844596E+000
  1.022212730417E+000 -6.470593154944E-001 -5.429916375222E-001  5.030036029697E+000
  1.028649757135E+000 -6.504511568529E-001 -5.109856516377E-001  4.914590639509E+000
  1.035127606818E+000 -6.536589341026E-001 -4.795212436383E-001  4.800163217000E+000
  1.041646604604E+000 -6.566837411544E-001 -4.485995091090E-001  4.686787360544E+000
  1.048207078948E+000 -6.595267162311E-001 -4.182212974025E-001  4.574494790145E+000
  1.054809361664E+000 -6.621890410993E-001 -3.883872176480E-001  4.463315411822E+000
  1.061453787962E+000 -6.646719403040E-001 -3.590976446037E-001  4.353277380167E+000
  1.068140696494E+000 -6.669766804064E-001 -3.303527243564E-001  4.244407159039E+000
  1.074870429395E+000 -6.691045692247E-001 -3.021523798696E-001  4.136729580413E+000
  1.081643332322E+000 -6.710569550775E-001 -2.744963163858E-001  4.030267901357E+000
  1.088459754505E+000 -6.728352260277E-001 -2.473840266854E-001  3.925043859175E+000
  1.095320048782E+000 -6.744408091292E-001 -2.208147962075E-001  3.821077724696E+000
  1.102224571653E+000 -6.758751696736E-001 -1.947877080358E-001  3.718388353742E+000
  1.109173683316E+000 -6.771398104370E-001 -1.693016477554E-001  3.616993236793E+000
  1.116167747721E+000 -6.782362709273E-001 -1.443553081840E-001  3.516908546855E+000
  1.123207132611E+000 -6.791661266307E-001 -1.199471939840E-001  3.418149185591E+000
  1.130292209573E+000 -6.799309882571E-001 -9.607562615806E-002  3.320728827704E+000
  1.137423354084E+000 -6.805325009843E-001 -7.273874643635E-002  3.224659963647E+000
  1.144600945560E+000 -6.809723436999E-001 -4.993452155790E-002  3.129953940661E+000
  1.151825367405E+000 -6.812522282418E-001 -2.766074745307E-002  3.036621002210E+000
  1.159097007063E+000 -6.813738986350E-001 -5.915053331623E-003  2.944670325832E+000
  1.166416256069E+000 -6.813391303261E-001  1.530509431798E-002  2.854110059464E+000
  1.173783510095E+000 -6.811497294150E-001  3.600238781287E-002  2.764947356285E+000
  1.181199169012E+000 -6.808075318812E-001  5.617967443826E-002  2.677188408119E+000
  1.188663636935E+000 -6.803144028085E-001  7.583995268307E-002  2.590838477457E+000
  1.196177322279E+000 -6.796722356034E-001  9.498636854331E-002  2.505901928137E+000
  1.203740637818E+000 -6.788829512105E-001  1.136222118883E-001  2.422382254746E+000
  1.211354000735E+000 -6.779484973224E-001  1.317509128844E-001  2.340282110788E+000
  1.219017832681E+000 -6.768708475853E-001  1.493760384722E-001  2.259603335675E+000
  1.226732559833E+000 -6.756520007993E-001  1.665012888910E-001  2.180346980590E+000
  1.234498612950E+000 -6.742939801134E-001  1.831304942474E-001  2.102513333287E+000
  1.242316427433E+000 -6.727988322157E-001  1.992676111225E-001  2.026101941865E+000
  1.250186443388E+000 -6.711686265178E-001  2.149167192145E-001  1.951111637583E+000
  1.258109105679E+000 -6.694054543341E-001  2.300820180106E-001  1.877540556765E+000
  1.266084863999E+000 -6.675114280555E-001  2.447678234868E-001  1.805386161844E+000
  1.274114172926E+000 -6.654886803182E-001  2.589785648303E-001  1.734645261603E+000
  1.282197491990E+000 -6.633393631664E-001  2.727187811805E-001  1.665314030656E+000
  1.290335285734E+000 -6.610656472100E-001  2.859931183870E-001  1.597388028230E+000
  1.298528023786E+000 -6.586697207778E-001  2.988063257801E-001  1.530862216286E+000
  1.306776180919E+000 -6.561537890646E-001  3.111632529513E-001  1.465730977030E+000
  1.315080237120E+000 -6.535200732741E-001  3.230688465413E-001  1.401988129869E+000
  1.323440677664E+000 -6.507708097567E-001  3.345281470326E-001  1.339626947835E+000
  1.331857993175E+000 -6.479082491435E-001  3.455462855455E-001  1.278640173551E+000
  1.340332679704E+000 -6.449346554751E-001  3.561284806346E-001  1.219020034748E+000
  1.348865238797E+000 -6.418523053274E-001  3.662800350836E-001  1.160758259402E+000
  1.357456177571E+000 -6.386634869328E-001  3.760063326993E-001  1.103846090506E+000
  1.366106008782E+000 -6.353704992992E-001  3.853128351001E-001  1.048274300523E+000
  1.374815250909E+000 -6.319756513245E-001  3.942050785015E-001  9.940332055629E-001
  1.383584428224E+000 -6.284812609103E-001  4.026886704948E-001  9.411126792978E-001
  1.392414070872E+000 -6.248896540715E-001  4.107692868203E-001  8.895021666572E-001
  1.401304714948E+000 -6.212031640457E-001  4.184526681343E-001  8.391906973320E-001
  1.410256902580E+000 -6.174241304000E-001  4.257446167693E-001  7.901668991092E-001
  1.419271182008E+000 -6.135548981376E-001  4.326509934878E-001  7.424190110646E-001
  1.428348107668E+000 -6.095978168039E-001  4.391777142301E-001  6.959348966353E-001
  1.437488240275E+000 -6.055552395918E-001  4.453307468564E-001  6.507020565922E-001
  1.446692146911E+000 -6.014295224488E-001  4.511161078844E-001  6.067076419319E-001
  1.455960401104E+000 -5.972230231841E-001  4.565398592221E-001  5.639384667040E-001
  1.465293582927E+000 -5.929381005780E-001  4.616081048984E-001  5.223810207887E-001
  1.474692279079E+000 -5.885771134927E-001  4.663269877915E-001  4.820214826379E-001
  1.484157082978E+000 -5.841424199860E-001  4.707026863573E-001  4.428457319900E-001
  1.493688594856E+000 -5.796363764288E-001  4.747414113587E-001  4.048393625687E-001
  1.503287421848E+000 -5.750613366254E-001  4.784494025982E-001  3.679876947728E-001
  1.512954178094E+000 -5.704196509389E-001  4.818329256549E-001  3.322757883629E-001
  1.522689484827E+000 -5.657136654206E-001  4.848982686282E-001  2.976884551487E-001
  1.532493970480E+000 -5.609457209462E-001  4.876517388908E-001  2.642102716808E-001
  1.542368270780E+000 -5.561181523565E-001  4.900996598515E-001  2.318255919470E-001
  1.552313028853E+000 -5.512332876058E-001  4.922483677322E-001  2.005185600737E-001
  1.562328895326E+000 -5.462934469172E-001  4.941042083601E-001  1.702731230298E-001
  1.572416528431E+000 -5.413009419451E-001  4.956735339774E-001  1.410730433316E-001
  1.582576594115E+000 -5.362580749469E-001  4.969627000716E-001  1.129019117432E-001
  1.592809766145E+000 -5.311671379625E-001  4.979780622291E-001  8.574315996827E-002
  1.603116726218E+000 -5.260304120041E-001  4.987259730134E-001  5.958007332648E-002
  1.613498164078E+000 -5.208501662554E-001  4.992127788719E-001  3.439580340727E-002
  1.623954777622E+000 -5.156286572812E-001  4.994448170730E-001  1.017338069319E-002
  1.634487273025E+000 -5.103681282481E-001  4.994284126767E-001 -1.310427285628E-002
  1.645096364848E+000 -5.050708081567E-001  4.991698755404E-001 -3.545433127008E-002
  1.655782776168E+000 -4.997389110853E-001  4.986754973638E-001 -5.689405209026E-002
  1.666547238688E+000 -4.943746354469E-001  4.979515487743E-001 -7.744076396690E-002
  1.677390492873E+000 -4.889801632577E-001  4.970042764558E-001 -9.711185433466E-002
  1.688313288066E+000 -4.835576594201E-001  4.958399003239E-001 -1.159247571825E-001
  1.699316382620E+000 -4.781092710185E-001  4.944646107487E-001 -1.338969409290E-001
  1.710400544029E+000 -4.726371266300E-001  4.928845658298E-001 -1.510458964147E-001
  1.721566549058E+000 -4.671433356488E-001  4.911058887226E-001 -1.673891250258E-001
  1.732815183877E+000 -4.616299876261E-001  4.891346650213E-001 -1.829441269592E-001
  1.744147244202E+000 -4.560991516244E-001  4.869769401992E-001 -1.977283896445E-001
  1.755563535430E+000 -4.505528755880E-001  4.846387171078E-001 -2.117593763325E-001
  1.767064872781E+000 -4.449931857291E-001  4.821259535385E-001 -2.250545148659E-001
  1.778652081442E+000 -4.394220859294E-001  4.794445598469E-001 -2.376311866416E-001
  1.790325996715E+000 -4.338415571592E-001  4.766003966430E-001 -2.495067157796E-001
  1.802087464166E+000 -4.282535569116E-001  4.735992725479E-001 -2.606983585075E-001
  1.813937339772E+000 -4.226600186545E-001  4.704469420188E-001 -2.712232927753E-001
  1.825876490081E+000 -4.170628512992E-001  4.671491032440E-001 -2.810986081084E-001
  1.837905792365E+000 -4.114639386858E-001  4.637113961097E-001 -2.903412957132E-001
  1.850026134778E+000 -4.058651390866E-001  4.601394002379E-001 -2.989682388420E-001
  1.862238416525E+000 -4.002682847258E-001  4.564386330984E-001 -3.069962034299E-001
  1.874543548019E+000 -3.946751813176E-001  4.526145481957E-001 -3.144418290118E-001
  1.886942451054E+000 -3.890876076214E-001  4.486725333295E-001 -3.213216199275E-001
  1.899436058973E+000 -3.835073150142E-001  4.446179089323E-001 -3.276519368249E-001
  1.912025316845E+000 -3.779360270815E-001  4.404559264827E-001 -3.334489884665E-001
  1.924711181638E+000 -3.723754392250E-001  4.361917669956E-001 -3.387288238482E-001
  1.937494622402E+000 -3.668272182884E-001  4.318305395887E-001 -3.435073246351E-001
  1.950376620452E+000 -3.612930022002E-001  4.273772801267E-001 -3.478001979194E-001
  1.963358169552E+000 -3.557743996351E-001  4.228369499427E-001 -3.516229693074E-001
  1.976440276109E+000 -3.502729896912E-001  4.182144346351E-001 -3.549909763362E-001
  1.989623959360E+000 -3.447903215863E-001  4.135145429432E-001 -3.579193622269E-001
  2.002910251577E+000 -3.393279143705E-001  4.087420056968E-001 -3.604230699736E-001
  2.016300198259E+000 -3.338872566560E-001  4.039014748432E-001 -3.625168367728E-001
  2.029794858340E+000 -3.284698063640E-001  3.989975225485E-001 -3.642151887917E-001
  2.043395304396E+000 -3.230769904891E-001  3.940346403730E-001 -3.655324362784E-001
  2.057102622856E+000 -3.177102048792E-001  3.890172385206E-001 -3.664826690106E-001
  2.070917914217E+000 -3.123708140332E-001  3.839496451600E-001 -3.670797520846E-001
  2.084842293261E+000 -3.070601509140E-001  3.788361058182E-001 -3.673373220404E-001
  2.098876889283E+000 -3.017795167789E-001  3.736807828431E-001 -3.672687833226E-001
  2.113022846310E+000 -2.965301810245E-001  3.684877549362E-001 -3.668873050713E-001
  2.127281323341E+000 -2.913133810491E-001  3.632610167516E-001 -3.662058182420E-001
  2.141653494575E+000 -2.861303221289E-001  3.580044785629E-001 -3.652370130480E-001
  2.156140549656E+000 -2.809821773110E-001  3.527219659930E-001 -3.639933367211E-001
  2.170743693911E+000 -2.758700873209E-001  3.474172198083E-001 -3.624869915853E-001
  2.185464148607E+000 -2.707951604848E-001  3.420938957736E-001 -3.607299334361E-001
  2.200303151197E+000 -2.657584726671E-001  3.367555645677E-001 -3.587338702202E-001
  2.215261955581E+000 -2.607610672215E-001  3.314057117562E-001 -3.565102610078E-001
  2.230341832367E+000 -2.558039549578E-001  3.260477378209E-001 -3.540703152495E-001
  2.245544069142E+000 -2.508881141210E-001  3.206849582438E-001 -3.514249923102E-001
  2.260869970742E+000 -2.460144903854E-001  3.153206036439E-001 -3.485850012719E-001
  2.276320859530E+000 -2.411839968618E-001  3.099578199646E-001 -3.455608009959E-001
  2.291898075679E+000 -2.363975141182E-001  3.045996687098E-001 -3.423626004357E-001
  2.307602977460E+000 -2.316558902135E-001  2.992491272275E-001 -3.390003591914E-001
  2.323436941540E+000 -2.269599407443E-001  2.939090890383E-001 -3.354837882957E-001
  2.339401363274E+000 -2.223104489043E-001  2.885823642073E-001 -3.318223512215E-001
  2.355497657016E+000 -2.177081655563E-001  2.832716797573E-001 -3.280252651020E-001
  2.371727256428E+000 -2.131538093168E-001  2.779796801213E-001 -3.241015021521E-001
  2.388091614797E+000 -2.086480666522E-001  2.727089276335E-001 -3.200597912817E-001
  2.404592205358E+000 -2.041915919876E-001  2.674619030553E-001 -3.159086198902E-001
  2.421230521622E+000 -1.997850078271E-001  2.622410061357E-001 -3.116562358318E-001
  2.438008077714E+000 -1.954289048860E-001  2.570485562046E-001 -3.073106495422E-001
  2.454926408713E+000 -1.911238422345E-001  2.518867927958E-001 -3.028796363151E-001
  2.471987071003E+000 -1.868703474527E-001  2.467578763000E-001 -2.983707387194E-001
  2.489191642624E+000 -1.826689167970E-001  2.416638886447E-001 -2.937912691468E-001
  2.506541723641E+000 -1.785200153780E-001  2.366068339998E-001 -2.891483124794E-001
  2.524038936507E+000 -1.744240773489E-001  2.315886395082E-001 -2.844487288686E-001
  2.541684926444E+000 -1.703815061050E-001  2.266111560388E-001 -2.796991566140E-001
  2.559481361827E+000 -1.663926744951E-001  2.216761589613E-001 -2.749060151352E-001
  2.577429934572E+000 -1.624579250422E-001  2.167853489413E-001 -2.700755080255E-001
  2.595532360540E+000 -1.585775701761E-001  2.119403527545E-001 -2.652136261797E-001
  2.613790379943E+000 -1.547518924762E-001  2.071427241186E-001 -2.603261509870E-001
  2.632205757760E+000 -1.509811449254E-001  2.023939445421E-001 -2.554186575817E-001
  2.650780284158E+000 -1.472655511741E-001  1.976954241889E-001 -2.504965181416E-001
  2.669515774928E+000 -1.436053058152E-001  1.930485027578E-001 -2.455649052296E-001
  2.688414071925E+000 -1.400005746697E-001  1.884544503755E-001 -2.406287951690E-001
  2.707477043518E+000 -1.364514950823E-001  1.839144685037E-001 -2.356929714459E-001
  2.726706585047E+000 -1.329581762283E-001  1.794296908569E-001 -2.307620281339E-001
  2.746104619295E+000 -1.295206994304E-001  1.750011843341E-001 -2.258403733326E-001
  2.765673096964E+000 -1.261391184864E-001  1.706299499595E-001 -2.209322326162E-001
  2.785413997161E+000 -1.228134600071E-001  1.663169238355E-001 -2.160416524861E-001
  2.805329327899E+000 -1.195437237647E-001  1.620629781044E-001 -2.111725038221E-001
  2.825421126601E+000 -1.163298830519E-001  1.578689219210E-001 -2.063284853291E-001
  2.845691460623E+000 -1.131718850514E-001  1.537355024334E-001 -2.015131269733E-001
  2.866142427776E+000 -1.100696512152E-001  1.496634057739E-001 -1.967297934059E-001
  2.886776156875E+000 -1.070230776553E-001  1.456532580578E-001 -1.919816873699E-001
  2.907594808280E+000 -1.040320355441E-001  1.417056263915E-001 -1.872718530878E-001
  2.928600574467E+000 -1.010963715253E-001  1.378210198880E-001 -1.826031796259E-001
  2.949795680597E+000 -9.821590813503E-002  1.339998906925E-001 -1.779784042358E-001
  2.971182385105E+000 -9.539044423328E-002  1.302426350139E-001 -1.734001156683E-001
  2.992762980296E+000 -9.261975544563E-002  1.265495941665E-001 -1.688707574600E-001
  3.014539792958E+000 -8.990359461478E-002  1.229210556186E-001 -1.643926311901E-001
  3.036515184988E+000 -8.724169226228E-002  1.193572540498E-001 -1.599678997079E-001
  3.058691554023E+000 -8.463375706008E-002  1.158583724163E-001 -1.555985903283E-001
  3.081071334099E+000 -8.207947631188E-002  1.124245430241E-001 -1.512865979972E-001
  3.103656996309E+000 -7.957851644409E-002  1.090558486112E-001 -1.470336884240E-001
  3.126451049484E+000 -7.713052350630E-002  1.057523234370E-001 -1.428415011842E-001
  3.149456040888E+000 -7.473512368101E-002  1.025139543807E-001 -1.387115527893E-001
  3.172674556926E+000 -7.239192380252E-002  9.934068204788E-002 -1.346452397272E-001
  3.196109223865E+000 -7.010051188468E-002  9.623240188509E-002 -1.306438414713E-001
  3.219762708576E+000 -6.786045765730E-002  9.318896530296E-002 -1.267085234612E-001
  3.243637719289E+000 -6.567131311098E-002  9.021018080764E-002 -1.228403400545E-001
  3.267737006362E+000 -6.353261305006E-002  8.729581514027E-002 -1.190402374505E-001
  3.292063363076E+000 -6.144387565338E-002  8.444559442473E-002 -1.153090565880E-001
  3.316619626434E+000 -5.940460304250E-002  8.165920532338E-002 -1.116475360179E-001
  3.341408677987E+000 -5.741428185712E-002  7.893629620062E-002 -1.080563147509E-001
  3.366433444679E+000 -5.547238383723E-002  7.627647829416E-002 -1.045359350827E-001
  3.391696899702E+000 -5.357836641159E-002  7.367932689379E-002 -1.010868453975E-001
  3.417202063379E+000 -5.173167329220E-002  7.114438252718E-002 -9.770940295005E-002
  3.442952004065E+000 -4.993173507425E-002  6.867115215261E-002 -9.440387662915E-002
  3.468949839059E+000 -4.817796984106E-002  6.625911035810E-002 -9.117044970233E-002
  3.495198735552E+000 -4.646978377356E-002  6.390770056656E-002 -8.800922254315E-002
  3.521701911582E+000 -4.480657176377E-002  6.161633624643E-002 -8.492021534221E-002
  3.548462637020E+000 -4.318771803175E-002  5.938440212730E-002 -8.190337080267E-002
  3.575484234572E+000 -4.161259674543E-002  5.721125541989E-002 -7.895855682088E-002
  3.602770080809E+000 -4.008057264277E-002  5.509622703975E-002 -7.608556915308E-002
  3.630323607217E+000 -3.859100165563E-002  5.303862283393E-002 -7.328413406835E-002
  3.658148301271E+000 -3.714323153472E-002  5.103772480984E-002 -7.055391098851E-002
  3.686247707537E+000 -3.573660247499E-002  4.909279236553E-002 -6.789449511497E-002
  3.714625428793E+000 -3.437044774082E-002  4.720306352042E-002 -6.530542004275E-002
  3.743285127184E+000 -3.304409429038E-002  4.536775614565E-002 -6.278616036165E-002
  3.772230525397E+000 -3.175686339831E-002  4.358606919292E-002 -6.033613424426E-002
  3.801465407866E+000 -3.050807127626E-002  4.185718392092E-002 -5.795470602046E-002
  3.830993622005E+000 -2.929702969042E-002  4.018026511816E-002 -5.564118873793E-002
  3.860819079470E+000 -2.812304657532E-002  3.855446232115E-002 -5.339484670802E-002
  3.890945757450E+000 -2.698542664333E-002  3.697891102668E-002 -5.121489803594E-002
  3.921377699988E+000 -2.588347198896E-002  3.545273389708E-002 -4.910051713447E-002
  3.952119019336E+000 -2.481648268736E-002  3.397504195712E-002 -4.705083721999E-002
  3.983173897337E+000 -2.378375738621E-002  3.254493578141E-002 -4.506495278945E-002
  4.014546586845E+000 -2.278459389037E-002  3.116150667087E-002 -4.314192207693E-002
  4.046241413173E+000 -2.181828973842E-002  2.982383781702E-002 -4.128076948816E-002
  4.078262775585E+000 -2.088414277063E-002  2.853100545282E-002 -3.948048801141E-002
  4.110615148813E+000 -1.998145168732E-002  2.728207998861E-002 -3.774004160282E-002
  4.143303084620E+000 -1.910951659724E-002  2.607612713186E-002 -3.605836754433E-002
  4.176331213391E+000 -1.826763955513E-002  2.491220898941E-002 -3.443437877221E-002
  4.209704245774E+000 -1.745512508776E-002  2.378938515082E-002 -3.286696617408E-002
  4.243426974351E+000 -1.667128070797E-002  2.270671375154E-002 -3.135500085234E-002
  4.277504275353E+000 -1.591541741590E-002  2.166325251456E-002 -2.989733635163E-002
  4.311941110423E+000 -1.518685018700E-002  2.065805976926E-002 -2.849281084837E-002
  4.346742528412E+000 -1.448489844603E-002  1.969019544624E-002 -2.714024929973E-002
  4.381913667228E+000 -1.380888652676E-002  1.875872204681E-002 -2.583846555011E-002
  4.417459755726E+000 -1.315814411662E-002  1.786270558614E-002 -2.458626439250E-002
  4.453386115645E+000 -1.253200668592E-002  1.700121650864E-002 -2.338244358268E-002
  4.489698163598E+000 -1.192981590123E-002  1.617333057479E-002 -2.222579580395E-002
  4.526401413105E+000 -1.135092002242E-002  1.537812971816E-002 -2.111511058004E-002
  4.563501476684E+000 -1.079467428296E-002  1.461470287174E-002 -2.004917613420E-002
  4.601004067991E+000 -1.026044125327E-002  1.388214676265E-002 -1.902678119241E-002
  4.638915004011E+000 -9.747591186667E-003  1.317956667436E-002 -1.804671672841E-002
  4.677240207311E+000 -9.255502347710E-003  1.250607717567E-002 -1.710777764909E-002
  4.715985708351E+000 -8.783561322733E-003  1.186080281580E-002 -1.620876441795E-002
  4.755157647843E+000 -8.331163312352E-003  1.124287878481E-002 -1.534848461538E-002
  4.794762279187E+000 -7.897712405812E-003  1.065145153905E-002 -1.452575443382E-002
  4.834805970953E+000 -7.482621837103E-003  1.008567939098E-002 -1.373940010664E-002
  4.875295209443E+000 -7.085314222761E-003  9.544733063129E-003 -1.298825926941E-002
  4.916236601308E+000 -6.705221781369E-003  9.027796205863E-003 -1.227118225230E-002
  4.957636876237E+000 -6.341786534784E-003  8.534065878820E-003 -1.158703330290E-002
  4.999502889720E+000 -5.994460491166E-003  8.062752995877E-003 -1.093469173847E-002
  5.041841625875E+000 -5.662705809950E-003  7.613082733706E-003 -1.031305302719E-002
  5.084660200360E+000 -5.345994948895E-003  7.184294903985E-003 -9.721029797841E-003
  5.127965863354E+000 -5.043810793450E-003  6.775644289470E-003 -9.157552777807E-003
  5.171766002619E+000 -4.755646768662E-003  6.386400944215E-003 -8.621571659340E-003
  5.216068146649E+000 -4.481006933916E-003  6.015850458311E-003 -8.112055894180E-003
  5.260879967894E+000 -4.219406060845E-003  5.663294187613E-003 -7.627995416944E-003
  5.306209286078E+000 -3.970369694750E-003  5.328049449011E-003 -7.168401297783E-003
  5.352064071605E+000 -3.733434199948E-003  5.009449681883E-003 -6.732306325050E-003
  5.398452449055E+000 -3.508146789454E-003  4.706844576450E-003 -6.318765518885E-003
  5.445382700775E+000 -3.294065539485E-003  4.419600169836E-003 -5.926856576819E-003
  5.492863270572E+000 -3.090759389237E-003  4.147098910706E-003 -5.555680252669E-003
  5.540902767504E+000 -2.897808126485E-003  3.888739693430E-003 -5.204360670170E-003
  5.589509969774E+000 -2.714802359522E-003  3.643937862785E-003 -4.872045572965E-003
  5.638693828737E+000 -2.541343476001E-003  3.412125190272E-003 -4.557906512715E-003
  5.688463473008E+000 -2.377043589257E-003  3.192749823170E-003 -4.261138977257E-003
  5.738828212699E+000 -2.221525472708E-003  2.985276207520E-003 -3.980962460869E-003
  5.789797543759E+000 -2.074422482932E-003  2.789184986255E-003 -3.716620478829E-003
  5.841381152447E+000 -1.935378472039E-003  2.603972873759E-003 -3.467380528583E-003
  5.893588919926E+000 -1.804047689965E-003  2.429152508129E-003 -3.232533999931E-003
  5.946430926988E+000 -1.680094677315E-003  2.264252282493E-003 -3.011396036753E-003
  5.999917458910E+000 -1.563194149375E-003  2.108816156720E-003 -2.803305352855E-003
  6.054059010457E+000 -1.453030871934E-003  1.962403450883E-003 -2.607624004616E-003
  6.108866291020E+000 -1.349299529534E-003  1.824588621855E-003 -2.423737123139E-003
  6.164350229902E+000 -1.251704586764E-003  1.694961024400E-003 -2.251052608687E-003
  6.220521981762E+000 -1.159960143206E-003  1.573124658144E-003 -2.089000790183E-003
  6.277392932215E+000 -1.073789782633E-003  1.458697901768E-003 -1.937034052595E-003
  6.334974703589E+000 -9.929264170412E-004  1.351313235781E-003 -1.794626435013E-003
  6.393279160860E+000 -9.171121260692E-004  1.250616955187E-003 -1.661273202219E-003
  6.452318417752E+000 -8.460979923749E-004  1.156268873337E-003 -1.536490392537E-003
  6.512104843026E+000 -7.796439334747E-004  1.067942018235E-003 -1.419814344700E-003
  6.572651066946E+000 -7.175185305624E-004  9.853223225217E-004 -1.310801206429E-003
  6.633969987942E+000 -6.594988547853E-004  9.081083083035E-004 -1.209026427364E-003
  6.696074779472E+000 -6.053702914344E-004  8.360107679841E-004 -1.114084238912E-003
  6.758978897091E+000 -5.549263624793E-004  7.687524421648E-004 -1.025587123491E-003
  6.822696085726E+000 -5.079685478521E-004  7.060676956557E-004 -9.431652755709E-004
  6.887240387180E+000 -4.643061058566E-004  6.477021925680E-004 -8.664660567978E-004
  6.952626147859E+000 -4.237558930504E-004  5.934125714059E-004 -7.951534474005E-004
  7.018868026732E+000 -3.861421839235E-004  5.429661210113E-004 -7.289074959406E-004
  7.085981003543E+000 -3.512964906623E-004  4.961404581552E-004 -6.674237693677E-004
  7.153980387268E+000 -3.190573832680E-004  4.527232075031E-004 -6.104128052050E-004
  7.222881824836E+000 -2.892703102654E-004  4.125116846200E-004 -5.575995675643E-004
  7.292701310121E+000 -2.617874202147E-004  3.753125826159E-004 -5.087229085591E-004
  7.363455193219E+000 -2.364673842121E-004  3.409416629672E-004 -4.635350365466E-004
  7.435160190001E+000 -2.131752195433E-004  3.092234509892E-004 -4.218009924989E-004
  7.507833391988E+000 -1.917821146258E-004  2.799909363708E-004 -3.832981356650E-004
  7.581492276516E+000 -1.721652553613E-004  2.530852791251E-004 -3.478156395531E-004
  7.656154717242E+000 -1.542076529932E-004  2.283555212493E-004 -3.151539991309E-004
  7.731838994973E+000 -1.377979735497E-004  2.056583043345E-004 -2.851245500106E-004
  7.808563808847E+000 -1.228303689362E-004  1.848575933119E-004 -2.575490002639E-004
  7.886348287874E+000 -1.092043097252E-004  1.658244064743E-004 -2.322589753858E-004
  7.965212002848E+000 -9.682441967944E-005  1.484365518643E-004 -2.090955768158E-004
  8.045174978646E+000 -8.560031203568E-005  1.325783700803E-004 -1.879089543124E-004
  8.126257706932E+000 -7.544642756468E-005  1.181404835113E-004 -1.685578923740E-004
  8.208481159274E+000 -6.628187441985E-005  1.050195519792E-004 -1.509094108028E-004
  8.291866800694E+000 -5.803026978039E-005  9.311803473381E-005 -1.348383794216E-004
  8.376436603664E+000 -5.061958329310E-005  8.234395872391E-005 -1.202271468686E-004
  8.462213062574E+000 -4.398198231632E-005  7.261069304082E-005 -1.069651833248E-004
  8.549219208676E+000 -3.805367897032E-005  6.383672941637E-005 -9.494873696267E-005
  8.637478625536E+000 -3.277477900142E-005  5.594546864085E-005 -8.408050384682E-005
  8.727015464999E+000 -2.808913247084E-005  4.886501275693E-005 -7.426931097044E-005
  8.817854463709E+000 -2.394418628522E-005  4.252796287856E-005 -6.542981206807E-005
  8.910020960175E+000 -2.029083859197E-005  3.687122248030E-005 -5.748219581394E-005
  9.003540912431E+000 -1.708329507033E-005  3.183580600263E-005 -5.035190598849E-005
  9.098440916308E+000 -1.427892715737E-005  2.736665262127E-005 -4.396937317792E-005
  9.194748224321E+000 -1.183813225674E-005  2.341244503391E-005 -3.826975755953E-005
  9.292490765233E+000 -9.724195987588E-006  1.992543312569E-005 -3.319270232073E-005
  9.391697164283E+000 -7.903156539956E-006  1.686126238396E-005 -2.868209725994E-005
  9.492396764138E+000 -6.343671212448E-006  1.417880694456E-005 -2.468585212357E-005
  9.594619646576E+000 -5.016885216849E-006  1.184000716412E-005 -2.115567924382E-005
  9.698396654938E+000 -3.896302842728E-006  9.809711626621E-006 -1.804688505657E-005
  9.803759417385E+000 -2.957661082877E-006  8.055523506427E-006 -1.531817009691E-005
  9.910740370981E+000 -2.178805827268E-006  6.547651224338E-006 -1.293143709087E-005
  1.001937278665E+001 -1.539570739022E-006  5.258763347597E-006 -1.085160678489E-005
  1.012969079502E+001 -1.021658930535E-006  4.163847698543E-006 -9.046441179841E-006
  1.024172941323E+001 -6.085275611659E-007  3.240074649829E-006 -7.486373861964E-006
  1.035552457272E+001 -2.852754797770E-007  2.466664596354E-006 -6.144347149697E-006
  1.047111314798E+001 -3.853403571468E-008  1.824759605077E-006 -4.995655801651E-006
  1.058853298647E+001  1.436388194535E-007  1.297299253483E-006 -4.017797056821E-006
  1.070782293953E+001  2.718610200494E-007  8.689006755168E-007 -3.190326802962E-006
  1.082902289454E+001  3.555253494331E-007  5.257428400622E-007 -2.494721692531E-006
  1.095217380826E+001  4.028947696098E-007  2.554550914926E-007 -1.914247047350E-006
  1.107731774137E+001  4.211940165726E-007  4.700998433523E-008 -1.433830412886E-006
  1.120449789442E+001  4.166973700650E-007 -1.093795553517E-007 -1.039940640575E-006
  1.133375864507E+001  3.948125173416E-007 -2.223587106929E-007 -7.204723916896E-007
  1.146514558681E+001  3.601604427619E-007 -2.995248689302E-007 -4.646359688449E-007
  1.159870556913E+001  3.166512885612E-007 -3.475173078897E-007 -2.628523912095E-007
  1.173448673928E+001  2.675561467366E-007 -3.721024582451E-007 -1.066536368642E-007
  1.187253858566E+001  2.155747575242E-007 -3.782547344063E-007  1.141201942377E-008
  1.201291198287E+001  1.628991062202E-007 -3.702329369191E-007  9.786964239624E-008
  1.215565923859E+001  1.112729269395E-007 -3.516522406018E-007  1.584023158399E-007
  1.230083414231E+001  6.204713910007E-008 -3.255517950871E-007  1.979309369900E-007
  1.244849201595E+001  1.623125975428E-008 -2.944579777623E-007  2.206892014488E-007
  1.259868976657E+001 -2.545914783975E-008 -2.604433530743E-007  2.302938601133E-007
  1.275148594119E+001 -6.255891203209E-008 -2.251814065652E-007  2.298103369396E-007
  1.290694078384E+001 -9.481348311462E-008 -1.899971365704E-007  2.218138048996E-007
  1.306511629490E+001 -1.221428465190E-007 -1.559136010280E-007  2.084458269494E-007
  1.322607629292E+001 -1.446089943277E-007 -1.236945310516E-007  1.914666789218E-007
  1.338988647898E+001 -1.623868167311E-007 -9.388313660717E-008  1.723034817035E-007
  1.355661450375E+001 -1.757382624897E-007 -6.683724257229E-008  1.520942805743E-007
  1.372633003727E+001 -1.849896062896E-007 -4.276090544779E-008  1.317282199024E-007
  1.389910484176E+001 -1.905116512233E-007 -2.173267185996E-008  1.118819712517E-007
  1.407501284743E+001 -1.927026866148E-007 -3.730649564155E-009  9.305258212880E-008
  1.425413023161E+001 -1.919740150984E-007  1.134543019240E-008  7.558692086430E-008
  1.443653550117E+001 -1.887378583284E-007  2.365497348507E-008  5.970790030308E-008
  1.462230957852E+001 -1.833974479635E-007  3.339991725966E-008  4.553766891085E-008
  1.481153589140E+001 -1.763391076379E-007  4.081056187132E-008  3.311796246183E-008
  1.500430046649E+001 -1.679261324799E-007  4.613364728274E-008  2.242781256188E-008
  1.520069202718E+001 -1.584942753175E-007  4.962247770830E-008  1.339880981871E-008
  1.540080209569E+001 -1.483486529373E-007  5.152890128698E-008  5.928119464775E-009
  1.560472509963E+001 -1.377618915458E-007  5.209695478250E-008 -1.105543281190E-010
  1.581255848342E+001 -1.269733377889E-007  5.155798826245E-008 -4.857862300272E-009
  1.602440282470E+001 -1.161891701837E-007  5.012709108988E-008 -8.461373544348E-009
  1.624036195599E+001 -1.055832554342E-007  4.800064824370E-008 -1.106962590386E-008
  1.646054309190E+001 -9.529860467963E-008  4.535486482066E-008 -1.282748791617E-008
  1.668505696224E+001 -8.544929606466E-008  4.234510639812E-008 -1.387266524144E-008
  1.691401795117E+001 -7.612274193795E-008  3.910591358045E-008 -1.433319386337E-008
  1.714754424293E+001 -6.738219128840E-008  3.575156032828E-008 -1.432577251821E-008
  1.738575797433E+001 -5.926937051450E-008  3.237703739348E-008 -1.395479763346E-008
  1.762878539445E+001 -5.180717810925E-008  2.905935416485E-008 -1.331197535804E-008
  1.787675703191E+001 -4.500236114508E-008  2.585906428697E-008 -1.247639686306E-008
  1.812980787015E+001 -3.884811339078E-008  2.282193236901E-008 -1.151497480766E-008
  1.838807753110E+001 -3.332654633013E-008  1.998067078596E-008 -1.048315052730E-008
  1.865171046781E+001 -2.841099514042E-008  1.735668683699E-008 -9.425792950278E-009
  1.892085616642E+001 -2.406813171022E-008  1.496179122892E-008 -8.378221332110E-009
  1.919566935809E+001 -2.025986593183E-008  1.279982887710E-008 -7.367294483479E-009
  1.947631024137E+001 -1.694502472078E-008  1.086820226448E-008 -6.412519139129E-009
  1.976294471571E+001 -1.408080544069E-008  9.159265995331E-009 -5.527139375402E-009
  2.005574462663E+001 -1.162400662009E-008  7.661578668515E-009 -4.719177456854E-009
  2.035488802332E+001 -9.532044033147E-009  6.361004744860E-009 -3.992404122487E-009
  2.066055942930E+001 -7.763764396033E-009  5.241664683743E-009 -3.347223075619E-009
  2.097295012706E+001 -6.280072142002E-009  4.286736285797E-009 -2.781460305311E-009
  2.129225845729E+001 -5.044387036912E-009  3.479113931643E-009 -2.291053847855E-009
  2.161869013374E+001 -4.022951852827E-009  2.801935296987E-009 -1.870643718897E-009
  2.195245857462E+001 -3.185010014144E-009  2.238987213811E-009 -1.514065050773E-009
  2.229378525140E+001 -2.502873160754E-009  1.775003708599E-009 -1.214750010140E-009
  2.264290005632E+001 -1.951898034713E-009  1.395869963737E-009 -9.660459135113E-010
  2.300004168951E+001 -1.510391092458E-009  1.088746105354E-009 -7.614581769426E-010
  2.336545806705E+001 -1.159457875229E-009  8.421244109155E-010 -5.948274104553E-010
  2.373940675129E+001 -8.828125344541E-010  6.458328440182E-010 -4.604501804721E-010
  2.412215540475E+001 -6.665610991663E-010  4.909968505699E-010 -3.531527971769E-010
  2.451398226921E+001 -4.989701741291E-010  3.699701737148E-010 -2.683270189561E-010
  2.491517667142E+001 -3.702308453632E-010  2.762441412819E-010 -2.019358790683E-010
  2.532603955735E+001 -2.722257088827E-010  2.043435177396E-010 -1.504970005488E-010
  2.574688405660E+001 -1.983051812955E-010  1.497156515445E-010 -1.110498366548E-010
  2.617803607920E+001 -1.430776384523E-010  1.086183371176E-010 -8.111231000524E-011
  2.661983494664E+001 -1.022164896333E-010  7.801058680297E-011 -5.863136902056E-011
  2.707263405971E+001 -7.228604780733E-011  5.544940012221E-011 -4.193107116523E-011
  2.753680160532E+001 -5.058700911019E-011  3.899464387043E-011 -2.966096570243E-011
  2.801272130518E+001 -3.502150573586E-011  2.712332671523E-011 -2.074680256408E-011
  2.850079320900E+001 -2.397703736256E-011  1.865386789099E-011 -1.434494923837E-011
  2.900143453541E+001 -1.622810257397E-011  1.268041684414E-011 -9.801358313895E-012
  2.951508056378E+001 -1.085402474606E-011  8.516869731823E-012 -6.615492968864E-012
  3.004218558064E+001 -7.171275068199E-012  5.649936267009E-012 -4.409280351376E-012
  3.058322388437E+001 -4.678515974851E-012  3.700420915839E-012 -2.900914351899E-012
  3.113869085248E+001 -3.012598468376E-012  2.391779080136E-012 -1.883158523753E-012
  3.170910407585E+001 -1.913824817797E-012  1.524974691885E-012 -1.205694576499E-012
  3.229500456485E+001 -1.198913962613E-012  9.586843710641E-013 -7.610094458246E-013
  3.289695803249E+001 -7.402630863560E-013  5.939500859239E-013 -4.733024039610E-013
  3.351555626047E+001 -4.502704576975E-013  3.624640566771E-013 -2.899119933719E-013
  3.415141855403E+001 -2.696598586885E-013  2.177654889276E-013 -1.748010794892E-013
  3.480519329257E+001 -1.589166543251E-013  1.287298082525E-013 -1.036889194301E-013
  3.547755958299E+001 -9.210336513935E-014  7.483070076990E-014 -6.047534524377E-014
  3.616922902393E+001 -5.246437875195E-014  4.274870234496E-014 -3.465904182337E-014
  3.688094758921E+001 -2.935303717479E-014  2.398428311278E-014 -1.950597293779E-014
  3.761349763993E+001 -1.611919402751E-014  1.320672551185E-014 -1.077302697173E-014
  3.836770007534E+001 -8.682056580915E-015  7.132092070156E-015 -5.834690780553E-015
  3.914441663347E+001 -4.583130423756E-015  3.774547222552E-015 -3.096582502883E-015
  3.994455235367E+001 -2.369280918817E-015  1.956116453392E-015 -1.609125196613E-015
  4.076905821405E+001 -1.198456163243E-015  9.918460829358E-016 -8.180483074265E-016
  4.161893395835E+001 -5.926476062760E-016  4.916231724999E-016 -4.065092204790E-016
  4.249523112779E+001 -2.862444468472E-016  2.379892940477E-016 -1.972714619138E-016
  4.339905631520E+001 -1.349024111153E-016  1.124078288100E-016 -9.339831593540E-017
  4.433157466006E+001 -6.197230438350E-017  5.174924127315E-017 -4.309732835694E-017
  4.529401360538E+001 -2.772042193663E-017  2.319581606605E-017 -1.936107298906E-017
  4.628766693861E+001 -1.205950466002E-017  1.011154897831E-017 -8.458271306646E-018
  4.731389914191E+001 -5.096385417469E-018  4.281586253081E-018 -3.589092755649E-018
  4.837415007871E+001 -2.089510997057E-018  1.758806112196E-018 -1.477362309090E-018
  4.946994004686E+001 -8.300263228651E-019  6.999604589541E-019 -5.891225605271E-019
  5.060287523143E+001 -3.189963661566E-019  2.694970064998E-019 -2.272606292435E-019
  5.177465359367E+001 -1.184329377788E-019  1.002319642400E-019 -8.468189230820E-020
  5.298707123650E+001 -4.240922148269E-020  3.595333864992E-020 -3.043087312697E-020
  5.424202929116E+001 -1.462232729133E-020  1.241712155405E-020 -1.052845515451E-020
  5.554154137419E+001 -4.845792573171E-021  4.121693674524E-021 -3.500792829873E-021
  5.688774166961E+001 -1.540572661028E-021  1.312444946302E-021 -1.116600906329E-021
  5.828289369667E+001 -4.689163111413E-022  4.000961737395E-022 -3.409473971320E-022
  5.972939983075E+001 -1.363569058375E-022  1.165196121125E-022 -9.945089840493E-023
  6.122981165190E+001 -3.779571304637E-023  3.234450285058E-023 -2.764891590892E-023
  6.278684120462E+001 -9.961947624158E-024  8.537327661991E-024 -7.308855727812E-024
  6.440337326150E+001 -2.490393342754E-024  2.137221806645E-024 -1.832353665999E-024
  6.608247869451E+001 -5.888803809756E-025  5.060545640705E-025 -4.344825416943E-025
  6.782742906960E+001 -1.313279787106E-025  1.130059285426E-025 -9.715721145851E-026
  6.964171259434E+001 -2.753657954548E-026  2.372538065658E-026 -2.042536807643E-026
  7.152905156377E+001 -5.410606775911E-027  4.667607402949E-027 -4.023633904436E-027
  7.349342146763E+001 -9.927219556824E-028  8.574473054104E-028 -7.400891354558E-028
  7.553907194217E+001 -1.694380716851E-028  1.465240662635E-028 -1.266261666237E-028
  7.767054977292E+001 -2.679395429492E-029  2.319743494085E-029 -2.007142719840E-029
  7.989272418113E+001 -3.908594748606E-030  3.387789144178E-030 -2.934706973106E-030
  8.221081465675E+001 -5.235306702186E-031  4.542742751017E-031 -3.939701147658E-031
  8.463042163523E+001 -6.406680091495E-032  5.565156325332E-032 -4.831770734538E-032
  8.715756035520E+001 -7.124659810156E-033  6.195339455322E-033 -5.384746762246E-033
  8.979869827958E+001 -7.158641670361E-034  6.231274251696E-034 -5.421706702201E-034
  9.256079651532E+001 -6.458565860073E-035  5.627512941906E-035 -4.901428967264E-035
  9.545135572765E+001 -5.197262421014E-036  4.532923540800E-036 -3.952028376867E-036
  9.847846711487E+001 -3.703489508960E-037  3.233163241956E-037 -2.821586947423E-037
  1.016508690915E+002 -2.318777360479E-038  2.026179924110E-038 -1.769933463534E-038
  1.049780104220E+002 -1.264899907295E-039  1.106286149654E-039 -9.672723986060E-040
  1.084701206579E+002 -5.957128553335E-041  5.214717543520E-041 -4.563562716024E-041
  1.121382888606E+002 -2.398292954413E-042  2.101207384836E-042 -1.840449251706E-042
  1.159945517414E+002 -8.165535205517E-044  7.160029155472E-044 -6.276845513053E-044
  1.200519925308E+002 -2.323862945523E-045  2.039364608380E-045 -1.789301431852E-045
  1.243248520934E+002 -5.458287837380E-047  4.793867363629E-047 -4.209467052634E-047
  1.288286540551E+002 -1.043520056422E-048  9.172057393565E-049 -8.060296884111E-049
  1.335803459987E+002 -1.599443308795E-050  1.406897801068E-050 -1.237316808258E-050
  1.385984591287E+002 -1.933172615300E-052  1.701702353049E-052 -1.497708041393E-052
  1.439032892205E+002 -1.809383696103E-054  1.593876258465E-054 -1.403830489103E-054
  1.495171021587E+002 -1.285606533872E-056  1.133273740439E-056 -9.988560220132E-057
  1.554643679592E+002 -6.784307864344E-059  5.984490014871E-059 -5.278309846605E-059
  1.617720278763E+002 -2.595766361094E-061  2.291259158704E-061 -2.022243534315E-061
  1.684698000514E+002 -7.012157877618E-064  6.193549746418E-064 -5.469937758831E-064
  1.755905301928E+002 -1.298709115725E-066  1.147814272170E-066 -1.014355179723E-066
  1.831705950299E+002 -1.596327767414E-069  1.411712234466E-069 -1.248339178905E-069
  1.912503678195E+002 -1.256044047423E-072  1.111440148710E-072 -9.834062339166E-073
  1.998747570544E+002 -6.077434337146E-076  5.380856802101E-076 -4.763776383528E-076
  2.090938318328E+002 -1.729109296002E-079  1.531780446449E-079 -1.356882521292E-079
  2.189635501945E+002 -2.751544366186E-083  2.438858459707E-083 -2.161578368722E-083
  2.295466102647E+002 -2.315408648556E-087  2.053368642901E-087 -1.820886894232E-087
  2.409134484547E+002 -9.674150709375E-092  8.583701874384E-092 -7.615798392428E-092
  2.531434144886E+002 -1.869407772432E-096  1.659517097898E-096 -1.473128196647E-096
  2.663261599835E+002 -1.541942203087E-101  1.369478445884E-101 -1.216256992275E-101
  2.805632861191E+002 -4.957081035907E-107  4.404698107328E-107 -3.913731979411E-107
  2.959703071532E+002 -5.601306846053E-113  4.979390810905E-113 -4.426388005919E-113
  3.126790009236E+002 -1.977179356902E-119  1.758423268874E-119 -1.563826867663E-119
  3.308402360200E+002 -1.904850428454E-126  1.694816217667E-126 -1.507903617200E-126
  3.506273893903E+002 -4.288902099920E-134  3.817562833851E-134 -3.397947952360E-134
  3.722404996260E+002 -1.886888861843E-142  1.680191346119E-142 -1.496107322054E-142
  3.959113426415E+002 -1.318147076209E-151  1.174201856488E-151 -1.045958003430E-151
  4.219096715122E+002 -1.148502754566E-161  1.023461670880E-161 -9.120205636701E-162
  4.505509359373E+002 -9.410489663844E-173  8.388931788405E-173 -7.478171728755E-173
  4.822058963204E+002 -5.203004244094E-185  4.639784793721E-185 -4.137486260063E-185
  5.173126831536E+002 -1.311308897217E-198  1.169747865457E-198 -1.043458661771E-198
  5.563920392209E+002 -9.451045131487E-214  8.433447164428E-214 -7.525350732197E-214
  6.000667421536E+002 -1.115337273640E-230  9.955522205410E-231 -8.886254097889E-231
  6.490865708786E+002 -1.101315225257E-249  9.833238341820E-250 -8.779682451701E-250
  7.043607010442E+002 -4.031074475991E-271  3.600206793527E-271 -3.215376281360E-271
  7.670001674974E+002 -2.022256472384E-295  1.806588415735E-295 -1.613913674677E-295
  8.383741345464E+002  0.000000000000E+000  0.000000000000E+000  0.000000000000E+000
  9.201853543213E+002  0.000000000000E+000  0.000000000000E+000  0.000000000000E+000
  1.014572672318E+003  0.000000000000E+000  0.000000000000E+000  0.000000000000E+000
  1.124252254996E+003  0.000000000000E+000  0.000000000000E+000  0.000000000000E+000
  1.252715205428E+003  0.000000000000E+000  0.000000000000E+000  0.000000000000E+000
  1.404508845568E+003  0.000000000000E+000  0.000000000000E+000  0.000000000000E+000
  1.585644739908E+003  0.000000000000E+000  0.000000000000E+000  0.000000000000E+000
  1.804203189488E+003  0.000000000000E+000  0.000000000000E+000  0.000000000000E+000
  2.071250249814E+003  0.000000000000E+000  0.000000000000E+000  0.000000000000E+000
  2.402266552340E+003  0.000000000000E+000  0.000000000000E+000  0.000000000000E+000
  2.819442449497E+003  0.000000000000E+000  0.000000000000E+000  0.000000000000E+000
  3.355496240167E+003  0.000000000000E+000  0.000000000000E+000  0.000000000000E+000
  4.060290442982E+003  0.000000000000E+000  0.000000000000E+000  0.000000000000E+000
  5.012860622227E+003  0.000000000000E+000  0.000000000000E+000  0.000000000000E+000
  6.344578802016E+003  0.000000000000E+000  0.000000000000E+000  0.000000000000E+000
  8.287000878586E+003  0.000000000000E+000  0.000000000000E+000  0.000000000000E+000
  1.127976970933E+004  0.000000000000E+000  0.000000000000E+000  0.000000000000E+000
  1.624316171036E+004  0.000000000000E+000  0.000000000000E+000  0.000000000000E+000
  2.538031516868E+004  0.000000000000E+000  0.000000000000E+000  0.000000000000E+000
  4.512107881524E+004  0.000000000000E+000  0.000000000000E+000  0.000000000000E+000
  1.015232606647E+005  0.000000000000E+000  0.000000000000E+000  0.000000000000E+000
  4.060950426526E+005  0.000000000000E+000  0.000000000000E+000  0.000000000000E+000
