# 1st line: number of mesh points
# abcissa wavefunction wavefunction_1st wavefunction_2nd
1000
# Principal QN=   3 , l=   1 , Occupation=   5.0000
  2.462477732966E-006  3.588739529376E-004  1.457292645519E+002 -6.228210576832E+003
  9.849959442330E-006  1.435276294561E-003  1.456832607320E+002 -6.226323235355E+003
  2.216259066178E-005  3.228548680189E-003  1.456066176680E+002 -6.223179161001E+003
  3.940061395432E-005  5.737594557861E-003  1.454993802774E+002 -6.218780593895E+003
  6.156436892224E-005  8.960880200889E-003  1.453616113714E+002 -6.213130666133E+003
  8.865429222131E-005  1.289643615117E-002  1.451933915823E+002 -6.206233397719E+003
  1.206709175794E-004  1.754185907096E-002  1.449948192702E+002 -6.198093691348E+003
  1.576148758184E-004  2.289431399999E-002  1.447660104085E+002 -6.188717326049E+003
  1.994868948811E-004  2.895053701458E-002  1.445070984507E+002 -6.178110949700E+003
  2.462877998613E-004  3.570683828429E-002  1.442182341752E+002 -6.166282070427E+003
  2.980185130383E-004  4.315910552134E-002  1.438995855125E+002 -6.153239046903E+003
  3.546800539158E-004  5.130280781745E-002  1.435513373514E+002 -6.138991077565E+003
  4.162735392647E-004  6.013299986176E-002  1.431736913266E+002 -6.123548188767E+003
  4.828001831694E-004  6.964432653336E-002  1.427668655883E+002 -6.106921221887E+003
  5.542612970792E-004  7.983102786122E-002  1.423310945523E+002 -6.089121819422E+003
  6.306582898628E-004  9.068694434350E-002  1.418666286333E+002 -6.070162410079E+003
  7.119926678676E-004  1.022055226182E-001  1.413737339602E+002 -6.050056192906E+003
  7.982660349828E-004  1.143798214760E-001  1.408526920748E+002 -6.028817120470E+003
  8.894800927067E-004  1.272025182061E-001  1.403037996142E+002 -6.006459881141E+003
  9.856366402179E-004  1.406659152656E-001  1.397273679771E+002 -5.982999880479E+003
  1.086737574451E-003  1.547619472607E-001  1.391237229753E+002 -5.958453221787E+003
  1.192784890174E-003  1.694821882312E-001  1.384932044703E+002 -5.932836685841E+003
  1.303780680078E-003  1.848178592252E-001  1.378361659960E+002 -5.906167709848E+003
  1.419727134858E-003  2.007598361533E-001  1.371529743678E+002 -5.878464365661E+003
  1.540626543307E-003  2.172986579102E-001  1.364440092798E+002 -5.849745337291E+003
  1.666481292416E-003  2.344245347522E-001  1.357096628894E+002 -5.820029897754E+003
  1.797293867468E-003  2.521273569166E-001  1.349503393904E+002 -5.789337885293E+003
  1.933066852148E-003  2.703967034710E-001  1.341664545764E+002 -5.757689679020E+003
  2.073802928647E-003  2.892218513803E-001  1.333584353940E+002 -5.725106174007E+003
  2.219504877777E-003  3.085917847760E-001  1.325267194862E+002 -5.691608755890E+003
  2.370175579090E-003  3.284952044157E-001  1.316717547290E+002 -5.657219275007E+003
  2.525818010992E-003  3.489205373195E-001  1.307939987594E+002 -5.621960020128E+003
  2.686435250879E-003  3.698559465679E-001  1.298939184967E+002 -5.585853691817E+003
  2.852030475254E-003  3.912893412489E-001  1.289719896585E+002 -5.548923375467E+003
  3.022606959872E-003  4.132083865383E-001  1.280286962708E+002 -5.511192514057E+003
  3.198168079872E-003  4.356005139020E-001  1.270645301745E+002 -5.472684880685E+003
  3.378717309917E-003  4.584529314028E-001  1.260799905272E+002 -5.433424550894E+003
  3.564258224347E-003  4.817526341005E-001  1.250755833038E+002 -5.393435874877E+003
  3.754794497325E-003  5.054864145290E-001  1.240518207934E+002 -5.352743449566E+003
  3.950329902993E-003  5.296408732382E-001  1.230092210964E+002 -5.311372090682E+003
  4.150868315631E-003  5.542024293852E-001  1.219483076203E+002 -5.269346804770E+003
  4.356413709820E-003  5.791573313620E-001  1.208696085765E+002 -5.226692761277E+003
  4.566970160612E-003  6.044916674458E-001  1.197736564774E+002 -5.183435264705E+003
  4.782541843700E-003  6.301913764578E-001  1.186609876366E+002 -5.139599726893E+003
  5.003133035593E-003  6.562422584182E-001  1.175321416703E+002 -5.095211639473E+003
  5.228748113801E-003  6.826299851829E-001  1.163876610034E+002 -5.050296546524E+003
  5.459391557015E-003  7.093401110512E-001  1.152280903787E+002 -5.004880017492E+003
  5.695067945303E-003  7.363580833289E-001  1.140539763714E+002 -4.958987620393E+003
  5.935781960296E-003  7.636692528377E-001  1.128658669094E+002 -4.912644895359E+003
  6.181538385392E-003  7.912588843561E-001  1.116643107984E+002 -4.865877328547E+003
  6.432342105956E-003  8.191121669822E-001  1.104498572557E+002 -4.818710326469E+003
  6.688198109528E-003  8.472142244059E-001  1.092230554497E+002 -4.771169190760E+003
  6.949111486034E-003  8.755501250798E-001  1.079844540486E+002 -4.723279093433E+003
  7.215087428003E-003  9.041048922790E-001  1.067346007773E+002 -4.675065052657E+003
  7.486131230784E-003  9.328635140379E-001  1.054740419831E+002 -4.626551909077E+003
  7.762248292776E-003  9.618109529564E-001  1.042033222120E+002 -4.577764302721E+003
  8.043444115654E-003  9.909321558642E-001  1.029229837941E+002 -4.528726650520E+003
  8.329724304602E-003  1.020212063337E+000  1.016335664411E+002 -4.479463124474E+003
  8.621094568555E-003  1.049635619050E+000  1.003356068533E+002 -4.429997630474E+003
  8.917560720438E-003  1.079187778973E+000  9.902963833958E+001 -4.380353787840E+003
  9.219128677417E-003  1.108853520385E+000  9.771619044876E+001 -4.330554909558E+003
  9.525804461149E-003  1.138617850708E+000  9.639578861324E+001 -4.280623983273E+003
  9.837594198038E-003  1.168465816160E+000  9.506895380552E+001 -4.230583653039E+003
  1.015450411950E-002  1.198382510211E+000  9.373620220773E+001 -4.180456201856E+003
  1.047654056222E-002  1.228353081836E+000  9.239804489429E+001 -4.130263535002E+003
  1.080370996845E-002  1.258362743574E+000  9.105498752825E+001 -4.080027164185E+003
  1.113601888623E-002  1.288396779371E+000  8.970753007124E+001 -4.029768192526E+003
  1.147347396972E-002  1.318440552213E+000  8.835616650753E+001 -3.979507300381E+003
  1.181608197948E-002  1.348479511545E+000  8.700138458195E+001 -3.929264732020E+003
  1.216384978272E-002  1.378499200473E+000  8.564366555226E+001 -3.879060283167E+003
  1.251678435364E-002  1.408485262738E+000  8.428348395567E+001 -3.828913289409E+003
  1.287489277369E-002  1.438423449472E+000  8.292130738981E+001 -3.778842615485E+003
  1.323818223191E-002  1.468299625732E+000  8.155759630808E+001 -3.728866645444E+003
  1.360666002522E-002  1.498099776803E+000  8.019280382946E+001 -3.679003273696E+003
  1.398033355872E-002  1.527810014275E+000  7.882737556270E+001 -3.629269896932E+003
  1.435921034603E-002  1.557416581897E+000  7.746174944480E+001 -3.579683406931E+003
  1.474329800963E-002  1.586905861206E+000  7.609635559384E+001 -3.530260184245E+003
  1.513260428113E-002  1.616264376923E+000  7.473161617589E+001 -3.481016092747E+003
  1.552713700165E-002  1.645478802134E+000  7.336794528600E+001 -3.431966475053E+003
  1.592690412217E-002  1.674535963242E+000  7.200574884300E+001 -3.383126148798E+003
  1.633191370382E-002  1.703422844703E+000  7.064542449799E+001 -3.334509403759E+003
  1.674217391826E-002  1.732126593540E+000  6.928736155627E+001 -3.286129999817E+003
  1.715769304806E-002  1.760634523642E+000  6.793194091253E+001 -3.238001165740E+003
  1.757847948698E-002  1.788934119858E+000  6.657953499901E+001 -3.190135598785E+003
  1.800454174044E-002  1.817013041867E+000  6.523050774624E+001 -3.142545465081E+003
  1.843588842578E-002  1.844859127859E+000  6.388521455633E+001 -3.095242400811E+003
  1.887252827273E-002  1.872460398003E+000  6.254400228818E+001 -3.048237514133E+003
  1.931447012370E-002  1.899805057725E+000  6.120720925449E+001 -3.001541387861E+003
  1.976172293425E-002  1.926881500788E+000  5.987516523015E+001 -2.955164082861E+003
  2.021429577341E-002  1.953678312189E+000  5.854819147153E+001 -2.909115142146E+003
  2.067219782411E-002  1.980184270872E+000  5.722660074649E+001 -2.863403595653E+003
  2.113543838356E-002  2.006388352259E+000  5.591069737450E+001 -2.818037965675E+003
  2.160402686371E-002  2.032279730617E+000  5.460077727665E+001 -2.773026272926E+003
  2.207797279156E-002  2.057847781252E+000  5.329712803488E+001 -2.728376043208E+003
  2.255728580967E-002  2.083082082540E+000  5.200002896025E+001 -2.684094314665E+003
  2.304197567655E-002  2.107972417815E+000  5.070975116965E+001 -2.640187645583E+003
  2.353205226706E-002  2.132508777088E+000  4.942655767051E+001 -2.596662122730E+003
  2.402752557287E-002  2.156681358641E+000  4.815070345307E+001 -2.553523370186E+003
  2.452840570292E-002  2.180480570474E+000  4.688243558979E+001 -2.510776558645E+003
  2.503470288379E-002  2.203897031616E+000  4.562199334130E+001 -2.468426415171E+003
  2.554642746023E-002  2.226921573325E+000  4.436960826859E+001 -2.426477233353E+003
  2.606358989558E-002  2.249545240150E+000  4.312550435079E+001 -2.384932883864E+003
  2.658620077221E-002  2.271759290898E+000  4.188989810820E+001 -2.343796825357E+003
  2.711427079202E-002  2.293555199474E+000  4.066299873001E+001 -2.303072115705E+003
  2.764781077690E-002  2.314924655634E+000  3.944500820628E+001 -2.262761423528E+003
  2.818683166921E-002  2.335859565637E+000  3.823612146371E+001 -2.222867039992E+003
  2.873134453224E-002  2.356352052802E+000  3.703652650467E+001 -2.183390890845E+003
  2.928136055074E-002  2.376394457986E+000  3.584640454914E+001 -2.144334548667E+003
  2.983689103139E-002  2.395979339981E+000  3.466593017902E+001 -2.105699245288E+003
  3.039794740329E-002  2.415099475832E+000  3.349527148438E+001 -2.067485884374E+003
  3.096454121851E-002  2.433747861093E+000  3.233459021120E+001 -2.029695054121E+003
  3.153668415253E-002  2.451917710017E+000  3.118404191026E+001 -1.992327040050E+003
  3.211438800486E-002  2.469602455677E+000  3.004377608661E+001 -1.955381837870E+003
  3.269766469947E-002  2.486795750050E+000  2.891393634933E+001 -1.918859166375E+003
  3.328652628537E-002  2.503491464032E+000  2.779466056112E+001 -1.882758480355E+003
  3.388098493714E-002  2.519683687422E+000  2.668608098743E+001 -1.847078983500E+003
  3.448105295547E-002  2.535366728851E+000  2.558832444459E+001 -1.811819641253E+003
  3.508674276771E-002  2.550535115682E+000  2.450151244673E+001 -1.776979193605E+003
  3.569806692844E-002  2.565183593869E+000  2.342576135117E+001 -1.742556167806E+003
  3.631503812000E-002  2.579307127784E+000  2.236118250173E+001 -1.708548890953E+003
  3.693766915309E-002  2.592900900022E+000  2.130788237000E+001 -1.674955502455E+003
  3.756597296732E-002  2.605960311169E+000  2.026596269391E+001 -1.641773966333E+003
  3.819996263183E-002  2.618480979553E+000  1.923552061358E+001 -1.609002083346E+003
  3.883965134583E-002  2.630458740974E+000  1.821664880414E+001 -1.576637502925E+003
  3.948505243923E-002  2.641889648408E+000  1.720943560516E+001 -1.544677734879E+003
  4.013617937323E-002  2.652769971702E+000  1.621396514660E+001 -1.513120160882E+003
  4.079304574093E-002  2.663096197243E+000  1.523031747100E+001 -1.481962045691E+003
  4.145566526792E-002  2.672865027618E+000  1.425856865178E+001 -1.451200548114E+003
  4.212405181296E-002  2.682073381259E+000  1.329879090742E+001 -1.420832731684E+003
  4.279821936853E-002  2.690718392068E+000  1.235105271136E+001 -1.390855575037E+003
  4.347818206155E-002  2.698797409039E+000  1.141541889757E+001 -1.361265981989E+003
  4.416395415396E-002  2.706307995857E+000  1.049195076162E+001 -1.332060791280E+003
  4.485555004336E-002  2.713247930488E+000  9.580706157098E+000 -1.303236785991E+003
  4.555298426375E-002  2.719615204756E+000  8.681739587434E+000 -1.274790702622E+003
  4.625627148608E-002  2.725408023905E+000  7.795102292922E+000 -1.246719239813E+003
  4.696542651902E-002  2.730624806146E+000  6.920842333000E+000 -1.219019066706E+003
  4.768046430958E-002  2.735264182184E+000  6.059004663712E+000 -1.191686830946E+003
  4.840139994379E-002  2.739324994739E+000  5.209631210351E+000 -1.164719166309E+003
  4.912824864743E-002  2.742806298036E+000  4.372760935300E+000 -1.138112699949E+003
  4.986102578670E-002  2.745707357284E+000  3.548429901082E+000 -1.111864059275E+003
  5.059974686895E-002  2.748027648131E+000  2.736671328664E+000 -1.085969878438E+003
  5.134442754336E-002  2.749766856092E+000  1.937515651063E+000 -1.060426804438E+003
  5.209508360169E-002  2.750924875957E+000  1.150990562334E+000 -1.035231502846E+003
  5.285173097899E-002  2.751501811172E+000  3.771210620067E-001 -1.010380663143E+003
  5.361438575437E-002  2.751497973184E+000 -3.840705049214E-001 -9.858710036750E+002
  5.438306415168E-002  2.750913880759E+000 -1.132564412327E+000 -9.616992762283E+002
  5.515778254035E-002  2.749750259267E+000 -1.868343521526E+000 -9.378622702284E+002
  5.593855743605E-002  2.748008039926E+000 -2.591393253916E+000 -9.143568165637E+002
  5.672540550155E-002  2.745688359009E+000 -3.301701567568E+000 -8.911797910423E+002
  5.751834354743E-002  2.742792557009E+000 -3.999258937592E+000 -8.683281174839E+002
  5.831738853289E-002  2.739322177760E+000 -4.684058340138E+000 -8.457987704561E+002
  5.912255756656E-002  2.735278967504E+000 -5.356095239840E+000 -8.235887776595E+002
  5.993386790726E-002  2.730664873923E+000 -6.015367580531E+000 -8.016952219718E+002
  6.075133696481E-002  2.725482045099E+000 -6.661875779044E+000 -7.801152431563E+002
  6.157498230090E-002  2.719732828435E+000 -7.295622721900E+000 -7.588460392463E+002
  6.240482162984E-002  2.713419769508E+000 -7.916613764686E+000 -7.378848676135E+002
  6.324087281946E-002  2.706545610865E+000 -8.524856733915E+000 -7.172290457305E+002
  6.408315389190E-002  2.699113290757E+000 -9.120361931166E+000 -6.968759516378E+002
  6.493168302447E-002  2.691125941800E+000 -9.703142139283E+000 -6.768230241274E+002
  6.578647855056E-002  2.682586889579E+000 -1.027321263043E+001 -6.570677626520E+002
  6.664755896041E-002  2.673499651173E+000 -1.083059117575E+001 -6.376077269746E+002
  6.751494290207E-002  2.663867933609E+000 -1.137529805651E+001 -6.184405365668E+002
  6.838864918226E-002  2.653695632241E+000 -1.190735607632E+001 -5.995638697723E+002
  6.926869676725E-002  2.642986829055E+000 -1.242679057446E+001 -5.809754627444E+002
  7.015510478375E-002  2.631745790889E+000 -1.293362943987E+001 -5.626731081725E+002
  7.104789251987E-002  2.619976967580E+000 -1.342790312574E+001 -5.446546538103E+002
  7.194707942599E-002  2.607684990021E+000 -1.390964466438E+001 -5.269180008176E+002
  7.285268511573E-002  2.594874668138E+000 -1.437888968229E+001 -5.094611019304E+002
  7.376472936684E-002  2.581550988785E+000 -1.483567641504E+001 -4.922819594714E+002
  7.468323212221E-002  2.567719113544E+000 -1.528004572194E+001 -4.753786232146E+002
  7.560821349078E-002  2.553384376448E+000 -1.571204110023E+001 -4.587491881173E+002
  7.653969374850E-002  2.538552281609E+000 -1.613170869849E+001 -4.423917919320E+002
  7.747769333938E-002  2.523228500761E+000 -1.653909732931E+001 -4.263046127124E+002
  7.842223287637E-002  2.507418870708E+000 -1.693425848085E+001 -4.104858662251E+002
  7.937333314243E-002  2.491129390696E+000 -1.731724632716E+001 -3.949338032810E+002
  8.033101509154E-002  2.474366219678E+000 -1.768811773721E+001 -3.796467069979E+002
  8.129529984966E-002  2.457135673506E+000 -1.804693228223E+001 -3.646228900074E+002
  8.226620871580E-002  2.439444222022E+000 -1.839375224150E+001 -3.498606916186E+002
  8.324376316303E-002  2.421298486070E+000 -1.872864260624E+001 -3.353584749486E+002
  8.422798483957E-002  2.402705234417E+000 -1.905167108148E+001 -3.211146240340E+002
  8.521889556978E-002  2.383671380584E+000 -1.936290808597E+001 -3.071275409321E+002
  8.621651735528E-002  2.364203979597E+000 -1.966242674973E+001 -2.933956428248E+002
  8.722087237602E-002  2.344310224655E+000 -1.995030290939E+001 -2.799173591340E+002
  8.823198299134E-002  2.323997443707E+000 -2.022661510109E+001 -2.666911286600E+002
  8.924987174107E-002  2.303273095960E+000 -2.049144455086E+001 -2.537153967514E+002
  9.027456134670E-002  2.282144768297E+000 -2.074487516242E+001 -2.409886125172E+002
  9.130607471240E-002  2.260620171631E+000 -2.098699350242E+001 -2.285092260886E+002
  9.234443492626E-002  2.238707137169E+000 -2.121788878284E+001 -2.162756859401E+002
  9.338966526132E-002  2.216413612621E+000 -2.143765284078E+001 -2.042864362768E+002
  9.444178917683E-002  2.193747658326E+000 -2.164638011536E+001 -1.925399144963E+002
  9.550083031933E-002  2.170717443318E+000 -2.184416762188E+001 -1.810345487320E+002
  9.656681252387E-002  2.147331241330E+000 -2.203111492311E+001 -1.697687554840E+002
  9.763975981519E-002  2.123597426732E+000 -2.220732409773E+001 -1.587409373441E+002
  9.871969640891E-002  2.099524470417E+000 -2.237289970598E+001 -1.479494808202E+002
  9.980664671274E-002  2.075120935629E+000 -2.252794875243E+001 -1.373927542656E+002
  1.009006353277E-001  2.050395473743E+000 -2.267258064597E+001 -1.270691059168E+002
  1.020016870494E-001  2.025356819999E+000 -2.280690715701E+001 -1.169768620456E+002
  1.031098268692E-001  2.000013789192E+000 -2.293104237191E+001 -1.071143252273E+002
  1.042250799756E-001  1.974375271317E+000 -2.304510264478E+001 -9.747977272917E+001
  1.053474717553E-001  1.948450227189E+000 -2.314920654657E+001 -8.807145502222E+001
  1.064770277946E-001  1.922247684026E+000 -2.324347481156E+001 -7.888759441696E+001
  1.076137738809E-001  1.895776730998E+000 -2.332803028141E+001 -6.992638382642E+001
  1.087577360036E-001  1.869046514768E+000 -2.340299784670E+001 -6.118598565686E+001
  1.099089403557E-001  1.842066234997E+000 -2.346850438614E+001 -5.266453082722E+001
  1.110674133350E-001  1.814845139846E+000 -2.352467870349E+001 -4.436011791767E+001
  1.122331815458E-001  1.787392521460E+000 -2.357165146231E+001 -3.627081244723E+001
  1.134062717995E-001  1.759717711447E+000 -2.360955511867E+001 -2.839464628003E+001
  1.145867111168E-001  1.731830076356E+000 -2.363852385181E+001 -2.072961715928E+001
  1.157745267286E-001  1.703739013157E+000 -2.365869349299E+001 -1.327368836790E+001
  1.169697460775E-001  1.675453944718E+000 -2.367020145260E+001 -6.024788514036E+000
  1.181723968193E-001  1.646984315308E+000 -2.367318664561E+001  1.019188560311E+000
  1.193825068243E-001  1.618339586099E+000 -2.366778941551E+001  7.860383749951E+000
  1.206001041787E-001  1.589529230691E+000 -2.365415145689E+001  1.450097253893E+001
  1.218252171865E-001  1.560562730666E+000 -2.363241573675E+001  2.094316473768E+001
  1.230578743703E-001  1.531449571155E+000 -2.360272641468E+001  2.718920410797E+001
  1.242981044731E-001  1.502199236447E+000 -2.356522876202E+001  3.324136787918E+001
  1.255459364600E-001  1.472821205627E+000 -2.352006908024E+001  3.910196615948E+001
  1.268013995194E-001  1.443324948247E+000 -2.346739461844E+001  4.477334124576E+001
  1.280645230647E-001  1.413719920049E+000 -2.340735349043E+001  5.025786683661E+001
  1.293353367356E-001  1.384015558724E+000 -2.334009459120E+001  5.555794715227E+001
  1.306138704000E-001  1.354221279721E+000 -2.326576751312E+001  6.067601596639E+001
  1.319001541553E-001  1.324346472113E+000 -2.318452246196E+001  6.561453555386E+001
  1.331942183303E-001  1.294400494508E+000 -2.309651017282E+001  7.037599555959E+001
  1.344960934863E-001  1.264392671029E+000 -2.300188182611E+001  7.496291179308E+001
  1.358058104191E-001  1.234332287349E+000 -2.290078896375E+001  7.937782495351E+001
  1.371234001607E-001  1.204228586789E+000 -2.279338340569E+001  8.362329929065E+001
  1.384488939805E-001  1.174090766485E+000 -2.267981716687E+001  8.770192120628E+001
  1.397823233874E-001  1.143927973627E+000 -2.256024237470E+001  9.161629780146E+001
  1.411237201313E-001  1.113749301761E+000 -2.243481118733E+001  9.536905537466E+001
  1.424731162050E-001  1.083563787177E+000 -2.230367571258E+001  9.896283787579E+001
  1.438305438454E-001  1.053380405359E+000 -2.216698792791E+001  1.024003053213E+002
  1.451960355357E-001  1.023208067530E+000 -2.202489960132E+001  1.056841321755E+002
  1.465696240072E-001  9.930556172581E-001 -2.187756221340E+001  1.088170057027E+002
  1.479513422405E-001  9.629318271611E-001 -2.172512688062E+001  1.118016242958E+002
  1.493412234681E-001  9.328453956838E-001 -2.156774427988E+001  1.146406957856E+002
  1.507393011753E-001  9.028049439642E-001 -2.140556457453E+001  1.173369357359E+002
  1.521456091027E-001  8.728190127845E-001 -2.123873734183E+001  1.198930657292E+002
  1.535601812478E-001  8.428960596093E-001 -2.106741150200E+001  1.223118116474E+002
  1.549830518669E-001  8.130444557116E-001 -2.089173524893E+001  1.245959019520E+002
  1.564142554766E-001  7.832724833874E-001 -2.071185598257E+001  1.267480659680E+002
  1.578538268564E-001  7.535883332600E-001 -2.052792024314E+001  1.287710321767E+002
  1.593018010499E-001  7.240001016735E-001 -2.034007364716E+001  1.306675265193E+002
  1.607582133673E-001  6.945157881771E-001 -2.014846082537E+001  1.324402707180E+002
  1.622230993867E-001  6.651432930993E-001 -1.995322536262E+001  1.340919806156E+002
  1.636964949568E-001  6.358904152132E-001 -1.975450973974E+001  1.356253645395E+002
  1.651784361984E-001  6.067648494914E-001 -1.955245527742E+001  1.370431216920E+002
  1.666689595063E-001  5.777741849521E-001 -1.934720208216E+001  1.383479405701E+002
  1.681681015517E-001  5.489259025941E-001 -1.913888899436E+001  1.395424974193E+002
  1.696758992842E-001  5.202273734223E-001 -1.892765353843E+001  1.406294547225E+002
  1.711923899335E-001  4.916858565614E-001 -1.871363187512E+001  1.416114597271E+002
  1.727176110118E-001  4.633084974589E-001 -1.849695875592E+001  1.424911430143E+002
  1.742516003158E-001  4.351023261744E-001 -1.827776747970E+001  1.432711171099E+002
  1.757943959287E-001  4.070742557567E-001 -1.805618985141E+001  1.439539751420E+002
  1.773460362227E-001  3.792310807066E-001 -1.783235614302E+001  1.445422895442E+002
  1.789065598608E-001  3.515794755235E-001 -1.760639505654E+001  1.450386108092E+002
  1.804760057990E-001  3.241259933372E-001 -1.737843368925E+001  1.454454662915E+002
  1.820544132889E-001  2.968770646205E-001 -1.714859750096E+001  1.457653590621E+002
  1.836418218792E-001  2.698389959845E-001 -1.691701028349E+001  1.460007668163E+002
  1.852382714189E-001  2.430179690527E-001 -1.668379413216E+001  1.461541408341E+002
  1.868438020586E-001  2.164200394140E-001 -1.644906941933E+001  1.462279049962E+002
  1.884584542535E-001  1.900511356529E-001 -1.621295477003E+001  1.462244548541E+002
  1.900822687655E-001  1.639170584545E-001 -1.597556703955E+001  1.461461567556E+002
  1.917152866652E-001  1.380234797848E-001 -1.573702129296E+001  1.459953470262E+002
  1.933575493349E-001  1.123759421419E-001 -1.549743078662E+001  1.457743312058E+002
  1.950090984705E-001  8.697985787939E-002 -1.525690695154E+001  1.454853833412E+002
  1.966699760840E-001  6.184050859820E-002 -1.501555937855E+001  1.451307453333E+002
  1.983402245061E-001  3.696304460607E-002 -1.477349580527E+001  1.447126263401E+002
  2.000198863884E-001  1.235248444320E-002 -1.453082210489E+001  1.442332022332E+002
  2.017090047061E-001 -1.198628552801E-002 -1.428764227655E+001  1.436946151087E+002
  2.034076227605E-001 -3.604851147069E-002 -1.404405843741E+001  1.430989728501E+002
  2.051157841813E-001 -5.982957236025E-002 -1.380017081628E+001  1.424483487445E+002
  2.068335329293E-001 -8.332498021199E-002 -1.355607774883E+001  1.417447811488E+002
  2.085609132993E-001 -1.065303802510E-001 -1.331187567425E+001  1.409902732061E+002
  2.102979699219E-001 -1.294415510265E-001 -1.306765913328E+001  1.401867926110E+002
  2.120447477670E-001 -1.520544044711E-001 -1.282352076771E+001  1.393362714221E+002
  2.138012921459E-001 -1.743649859087E-001 -1.257955132111E+001  1.384406059208E+002
  2.155676487143E-001 -1.963694740095E-001 -1.233583964084E+001  1.375016565143E+002
  2.173438634747E-001 -2.180641806975E-001 -1.209247268122E+001  1.365212476823E+002
  2.191299827795E-001 -2.394455510079E-001 -1.184953550789E+001  1.355011679646E+002
  2.209260533334E-001 -2.605101628998E-001 -1.160711130319E+001  1.344431699888E+002
  2.227321221965E-001 -2.812547270222E-001 -1.136528137261E+001  1.333489705368E+002
  2.245482367870E-001 -3.016760864377E-001 -1.112412515216E+001  1.322202506472E+002
  2.263744448840E-001 -3.217712163028E-001 -1.088372021668E+001  1.310586557527E+002
  2.282107946304E-001 -3.415372235080E-001 -1.064414228900E+001  1.298657958510E+002
  2.300573345358E-001 -3.609713462774E-001 -1.040546524986E+001  1.286432457066E+002
  2.319141134796E-001 -3.800709537306E-001 -1.016776114866E+001  1.273925450824E+002
  2.337811807137E-001 -3.988335454065E-001 -9.931100214821E+000  1.261151989991E+002
  2.356585858657E-001 -4.172567507519E-001 -9.695550869828E+000  1.248126780204E+002
  2.375463789419E-001 -4.353383285740E-001 -9.461179739896E+000  1.234864185632E+002
  2.394446103301E-001 -4.530761664595E-001 -9.228051669144E+000  1.221378232295E+002
  2.413533308032E-001 -4.704682801605E-001 -8.996229733293E+000  1.207682611595E+002
  2.432725915217E-001 -4.875128129481E-001 -8.765775253829E+000  1.193790684039E+002
  2.452024440374E-001 -5.042080349352E-001 -8.536747812577E+000  1.179715483136E+002
  2.471429402963E-001 -5.205523423684E-001 -8.309205266657E+000  1.165469719448E+002
  2.490941326418E-001 -5.365442568904E-001 -8.083203763786E+000  1.151065784794E+002
  2.510560738180E-001 -5.521824247741E-001 -7.858797757873E+000  1.136515756566E+002
  2.530288169732E-001 -5.674656161277E-001 -7.636040024893E+000  1.121831402165E+002
  2.550124156627E-001 -5.823927240732E-001 -7.414981678992E+000  1.107024183535E+002
  2.570069238527E-001 -5.969627638969E-001 -7.195672188801E+000  1.092105261772E+002
  2.590123959233E-001 -6.111748721749E-001 -6.978159393924E+000  1.077085501808E+002
  2.610288866721E-001 -6.250283058716E-001 -6.762489521575E+000  1.061975477149E+002
  2.630564513176E-001 -6.385224414136E-001 -6.548707203345E+000  1.046785474652E+002
  2.650951455027E-001 -6.516567737386E-001 -6.336855492061E+000  1.031525499337E+002
  2.671450252982E-001 -6.644309153196E-001 -6.126975878734E+000  1.016205279220E+002
  2.692061472063E-001 -6.768445951657E-001 -5.919108309563E+000  1.000834270147E+002
  2.712785681644E-001 -6.888976577982E-001 -5.713291202982E+000  9.854216606339E+001
  2.733623455485E-001 -7.005900622043E-001 -5.509561466730E+000  9.699763766929E+001
  2.754575371771E-001 -7.119218807670E-001 -5.307954514945E+000  9.545070866358E+001
  2.775642013146E-001 -7.228932981726E-001 -5.108504285244E+000  9.390222058525E+001
  2.796823966754E-001 -7.335046102958E-001 -4.911243255801E+000  9.235299015512E+001
  2.818121824272E-001 -7.437562230618E-001 -4.716202462402E+000  9.080380974553E+001
  2.839536181956E-001 -7.536486512871E-001 -4.523411515473E+000  8.925544784503E+001
  2.861067640671E-001 -7.631825174979E-001 -4.332898617070E+000  8.770864951749E+001
  2.882716805935E-001 -7.723585507270E-001 -4.144690577832E+000  8.616413685506E+001
  2.904484287958E-001 -7.811775852893E-001 -3.958812833894E+000  8.462260942447E+001
  2.926370701682E-001 -7.896405595357E-001 -3.775289463742E+000  8.308474470634E+001
  2.948376666818E-001 -7.977485145860E-001 -3.594143205035E+000  8.155119852707E+001
  2.970502807892E-001 -8.055025930411E-001 -3.415395471372E+000  8.002260548302E+001
  2.992749754281E-001 -8.129040376737E-001 -3.239066369008E+000  7.849957935661E+001
  3.015118140259E-001 -8.199541900995E-001 -3.065174713531E+000  7.698271352436E+001
  3.037608605035E-001 -8.266544894264E-001 -2.893738046493E+000  7.547258135641E+001
  3.060221792797E-001 -8.330064708851E-001 -2.724772651999E+000  7.396973660768E+001
  3.082958352758E-001 -8.390117644384E-001 -2.558293573262E+000  7.247471380030E+001
  3.105818939192E-001 -8.446720933715E-001 -2.394314629126E+000  7.098802859759E+001
  3.128804211487E-001 -8.499892728620E-001 -2.232848430558E+000  6.951017816925E+001
  3.151914834180E-001 -8.549652085308E-001 -2.073906397122E+000  6.804164154814E+001
  3.175151477009E-001 -8.596018949744E-001 -1.917498773438E+000  6.658287997836E+001
  3.198514814953E-001 -8.639014142770E-001 -1.763634645626E+000  6.513433725511E+001
  3.222005528283E-001 -8.678659345057E-001 -1.612321957749E+000  6.369644005611E+001
  3.245624302601E-001 -8.714977081857E-001 -1.463567528261E+000  6.226959826498E+001
  3.269371828894E-001 -8.747990707592E-001 -1.317377066460E+000  6.085420528663E+001
  3.293248803576E-001 -8.777724390252E-001 -1.173755188962E+000  5.945063835495E+001
  3.317255928537E-001 -8.804203095634E-001 -1.032705436190E+000  5.805925883297E+001
  3.341393911192E-001 -8.827452571402E-001 -8.942302889012E-001  5.668041250568E+001
  3.365663464529E-001 -8.847499330988E-001 -7.583311847422E-001  5.531442986597E+001
  3.390065307159E-001 -8.864370637336E-001 -6.250085348489E-001  5.396162639365E+001
  3.414600163363E-001 -8.878094486482E-001 -4.942617404936E-001  5.262230282816E+001
  3.439268763145E-001 -8.888699590997E-001 -3.660892097850E-001  5.129674543499E+001
  3.464071842282E-001 -8.896215363271E-001 -2.404883744266E-001  4.998522626631E+001
  3.489010142374E-001 -8.900671898669E-001 -1.174557065388E-001  4.868800341591E+001
  3.514084410898E-001 -8.902099958550E-001  3.013264451518E-003  4.740532126902E+001
  3.539295401259E-001 -8.900530953154E-001  1.209239348487E-001  4.613741074702E+001
  3.564643872842E-001 -8.895996924374E-001  2.362826096505E-001  4.488448954765E+001
  3.590130591069E-001 -8.888530528411E-001  3.490964854310E-001  4.364676238072E+001
  3.615756327448E-001 -8.878165018318E-001  4.593736331422E-001  4.242442119991E+001
  3.641521859632E-001 -8.864934226449E-001  5.671229808312E-001  4.121764543078E+001
  3.667427971473E-001 -8.848872546809E-001  6.723542962724E-001  4.002660219533E+001
  3.693475453076E-001 -8.830014917319E-001  7.750781695130E-001  3.885144653340E+001
  3.719665100860E-001 -8.808396802004E-001  8.753059953313E-001  3.769232162123E+001
  3.745997717609E-001 -8.784054173105E-001  9.730499556082E-001  3.654935898741E+001
  3.772474112534E-001 -8.757023493139E-001  1.068323001612E+000  3.542267872643E+001
  3.799095101331E-001 -8.727341696889E-001  1.161138836200E+000  3.431238971024E+001
  3.825861506238E-001 -8.695046173362E-001  1.251511895934E+000  3.321858979785E+001
  3.852774156096E-001 -8.660174747700E-001  1.339457333115E+000  3.214136604339E+001
  3.879833886411E-001 -8.622765663069E-001  1.424990997748E+000  3.108079490274E+001
  3.907041539409E-001 -8.582857562521E-001  1.508129419417E+000  3.003694243891E+001
  3.934397964105E-001 -8.540489470851E-001  1.588889789105E+000  2.900986452646E+001
  3.961904016361E-001 -8.495700776448E-001  1.667289940941E+000  2.799960705506E+001
  3.989560558949E-001 -8.448531213157E-001  1.743348333888E+000  2.700620613235E+001
  4.017368461617E-001 -8.399020842153E-001  1.817084033372E+000  2.602968828627E+001
  4.045328601149E-001 -8.347210033845E-001  1.888516692871E+000  2.507007066703E+001
  4.073441861437E-001 -8.293139449814E-001  1.957666535457E+000  2.412736124873E+001
  4.101709133538E-001 -8.236850024792E-001  2.024554335298E+000  2.320155903083E+001
  4.130131315750E-001 -8.178382948704E-001  2.089201399140E+000  2.229265423956E+001
  4.158709313670E-001 -8.117779648761E-001  2.151629547767E+000  2.140062852927E+001
  4.187444040269E-001 -8.055081771639E-001  2.211861097450E+000  2.052545518387E+001
  4.216336415958E-001 -7.990331165730E-001  2.269918841386E+000  1.966709931833E+001
  4.245387368658E-001 -7.923569863492E-001  2.325826031153E+000  1.882551808034E+001
  4.274597833869E-001 -7.854840063896E-001  2.379606358173E+000  1.800066085215E+001
  4.303968754741E-001 -7.784184114982E-001  2.431283935205E+000  1.719246945252E+001
  4.333501082151E-001 -7.711644496542E-001  2.480883277863E+000  1.640087833891E+001
  4.363195774768E-001 -7.637263802923E-001  2.528429286189E+000  1.562581480975E+001
  4.393053799131E-001 -7.561084725971E-001  2.573947226268E+000  1.486719920696E+001
  4.423076129724E-001 -7.483150038122E-001  2.617462711921E+000  1.412494511842E+001
  4.453263749047E-001 -7.403502575649E-001  2.659001686459E+000  1.339895958063E+001
  4.483617647698E-001 -7.322185222066E-001  2.698590404529E+000  1.268914328131E+001
  4.514138824444E-001 -7.239240891714E-001  2.736255414056E+000  1.199539076197E+001
  4.544828286302E-001 -7.154712513519E-001  2.772023538284E+000  1.131759062032E+001
  4.575687048617E-001 -7.068643014939E-001  2.805921857942E+000  1.065562571254E+001
  4.606716135142E-001 -6.981075306114E-001  2.837977693531E+000  1.000937335519E+001
  4.637916578118E-001 -6.892052264208E-001  2.868218587748E+000  9.378705526801E+000
  4.669289418353E-001 -6.801616717974E-001  2.896672288062E+000  8.763489068996E+000
  4.700835705309E-001 -6.709811432524E-001  2.923366729440E+000  8.163585886988E+000
  4.732556497182E-001 -6.616679094338E-001  2.948330017252E+000  7.578853149446E+000
  4.764452860985E-001 -6.522262296491E-001  2.971590410342E+000  7.009143487561E+000
  4.796525872639E-001 -6.426603524129E-001  2.993176304294E+000  6.454305193208E+000
  4.828776617050E-001 -6.329745140183E-001  3.013116214895E+000  5.914182416090E+000
  4.861206188205E-001 -6.231729371331E-001  3.031438761804E+000  5.388615359761E+000
  4.893815689254E-001 -6.132598294226E-001  3.048172652432E+000  4.877440476376E+000
  4.926606232602E-001 -6.032393821970E-001  3.063346666057E+000  4.380490660084E+000
  4.959578939999E-001 -5.931157690868E-001  3.076989638165E+000  3.897595438912E+000
  4.992734942630E-001 -5.828931447443E-001  3.089130445036E+000  3.428581165038E+000
  5.026075381207E-001 -5.725756435730E-001  3.099797988579E+000  2.973271203321E+000
  5.059601406064E-001 -5.621673784852E-001  3.109021181426E+000  2.531486117971E+000
  5.093314177250E-001 -5.516724396870E-001  3.116828932296E+000  2.103043857239E+000
  5.127214864626E-001 -5.410948934933E-001  3.123250131620E+000  1.687759936005E+000
  5.161304647959E-001 -5.304387811708E-001  3.128313637462E+000  1.285447616157E+000
  5.195584717022E-001 -5.197081178102E-001  3.132048261710E+000  8.959180846336E-001
  5.230056271692E-001 -5.089068912292E-001  3.134482756573E+000  5.189806290350E-001
  5.264720522050E-001 -4.980390609037E-001  3.135645801368E+000  1.544428106760E-001
  5.299578688483E-001 -4.871085569304E-001  3.135565989612E+000 -1.978893650080E-001
  5.334632001783E-001 -4.761192790186E-001  3.134271816423E+000 -5.382112808141E-001
  5.369881703256E-001 -4.650750955126E-001  3.131791666237E+000 -8.667195429768E-001
  5.405329044823E-001 -4.539798424453E-001  3.128153800840E+000 -1.183611819321E+000
  5.440975289128E-001 -4.428373226209E-001  3.123386347717E+000 -1.489086680450E+000
  5.476821709641E-001 -4.316513047297E-001  3.117517288736E+000 -1.783343444060E+000
  5.512869590774E-001 -4.204255224923E-001  3.110574449150E+000 -2.066582022453E+000
  5.549120227985E-001 -4.091636738355E-001  3.102585486934E+000 -2.339002773327E+000
  5.585574927889E-001 -3.978694200979E-001  3.093577882456E+000 -2.600806353925E+000
  5.622235008375E-001 -3.865463852663E-001  3.083578928481E+000 -2.852193578591E+000
  5.659101798716E-001 -3.751981552433E-001  3.072615720509E+000 -3.093365279806E+000
  5.696176639685E-001 -3.638282771441E-001  3.060715147456E+000 -3.324522172761E+000
  5.733460883672E-001 -3.524402586245E-001  3.047903882668E+000 -3.545864723511E+000
  5.770955894803E-001 -3.410375672383E-001  3.034208375276E+000 -3.757593020759E+000
  5.808663049055E-001 -3.296236298251E-001  3.019654841890E+000 -3.959906651318E+000
  5.846583734383E-001 -3.182018319275E-001  3.004269258629E+000 -4.153004579267E+000
  5.884719350837E-001 -3.067755172376E-001  2.988077353493E+000 -4.337085028859E+000
  5.923071310690E-001 -2.953479870736E-001  2.971104599065E+000 -4.512345371182E+000
  5.961641038558E-001 -2.839224998839E-001  2.953376205553E+000 -4.678982014601E+000
  6.000429971532E-001 -2.725022707812E-001  2.934917114168E+000 -4.837190299008E+000
  6.039439559304E-001 -2.610904711040E-001  2.915751990822E+000 -4.987164393867E+000
  6.078671264295E-001 -2.496902280067E-001  2.895905220171E+000 -5.129097200085E+000
  6.118126561791E-001 -2.383046240770E-001  2.875400899970E+000 -5.263180255685E+000
  6.157806940069E-001 -2.269366969805E-001  2.854262835764E+000 -5.389603645294E+000
  6.197713900541E-001 -2.155894391325E-001  2.832514535884E+000 -5.508555913434E+000
  6.237848957880E-001 -2.042657973962E-001  2.810179206779E+000 -5.620223981596E+000
  6.278213640166E-001 -1.929686728065E-001  2.787279748644E+000 -5.724793069081E+000
  6.318809489022E-001 -1.817009203203E-001  2.763838751366E+000 -5.822446617598E+000
  6.359638059756E-001 -1.704653485910E-001  2.739878490771E+000 -5.913366219575E+000
  6.400700921502E-001 -1.592647197683E-001  2.715420925178E+000 -5.997731550163E+000
  6.441999657370E-001 -1.481017493223E-001  2.690487692235E+000 -6.075720302902E+000
  6.483535864586E-001 -1.369791058909E-001  2.665100106062E+000 -6.147508129000E+000
  6.525311154647E-001 -1.258994111510E-001  2.639279154665E+000 -6.213268580198E+000
  6.567327153465E-001 -1.148652397117E-001  2.613045497643E+000 -6.273173055166E+000
  6.609585501525E-001 -1.038791190308E-001  2.586419464155E+000 -6.327390749386E+000
  6.652087854034E-001 -9.294352935199E-002  2.559421051175E+000 -6.376088608469E+000
  6.694835881080E-001 -8.206090366377E-002  2.532069921990E+000 -6.419431284861E+000
  6.737831267789E-001 -7.123362767902E-002  2.504385404970E+000 -6.457581097869E+000
  6.781075714485E-001 -6.046403983452E-002  2.476386492585E+000 -6.490697996953E+000
  6.824570936852E-001 -4.975443131008E-002  2.448091840663E+000 -6.518939528231E+000
  6.868318666096E-001 -3.910704606677E-002  2.419519767894E+000 -6.542460804119E+000
  6.912320649114E-001 -2.852408090354E-002  2.390688255562E+000 -6.561414476047E+000
  6.956578648660E-001 -1.800768553178E-002  2.361614947501E+000 -6.575950710191E+000
  7.001094443516E-001 -7.559962667274E-003  2.332317150277E+000 -6.586217166133E+000
  7.045869828664E-001  2.817031861060E-003  2.302811833578E+000 -6.592358978395E+000
  7.090906615461E-001  1.312128898621E-002  2.273115630811E+000 -6.594518740767E+000
  7.136206631812E-001  2.335084626234E-002  2.243244839900E+000 -6.592836493356E+000
  7.181771722357E-001  3.350378770901E-002  2.213215424275E+000 -6.587449712279E+000
  7.227603748644E-001  4.357824364070E-002  2.183043014048E+000 -6.578493301923E+000
  7.273704589315E-001  5.357239048239E-002  2.152742907369E+000 -6.566099589705E+000
  7.320076140295E-001  6.348445057154E-002  2.122330071954E+000 -6.550398323241E+000
  7.366720314977E-001  7.331269194722E-002  2.091819146779E+000 -6.531516669848E+000
  7.413639044413E-001  8.305542812669E-002  2.061224443930E+000 -6.509579218309E+000
  7.460834277508E-001  9.271101787025E-002  2.030559950614E+000 -6.484707982813E+000
  7.508307981215E-001  1.022778649345E-001  1.999839331305E+000 -6.457022408992E+000
  7.556062140732E-001  1.117544178151E-001  1.969075930036E+000 -6.426639381977E+000
  7.604098759705E-001  1.211391694786E-001  1.938282772822E+000 -6.393673236398E+000
  7.652419860431E-001  1.304306570853E-001  1.907472570210E+000 -6.358235768232E+000
  7.701027484060E-001  1.396274617018E-001  1.876657719944E+000 -6.320436248445E+000
  7.749923690810E-001  1.487282080056E-001  1.845850309749E+000 -6.280381438326E+000
  7.799110560171E-001  1.577315639806E-001  1.815062120218E+000 -6.238175606446E+000
  7.848590191124E-001  1.666362406051E-001  1.784304627804E+000 -6.193920547169E+000
  7.898364702358E-001  1.754409915324E-001  1.753589007899E+000 -6.147715600623E+000
  7.948436232486E-001  1.841446127642E-001  1.722926138009E+000 -6.099657674069E+000
  7.998806940270E-001  1.927459423174E-001  1.692326601006E+000 -6.049841264584E+000
  8.049479004846E-001  2.012438598852E-001  1.661800688465E+000 -5.998358482990E+000
  8.100454625952E-001  2.096372864920E-001  1.631358404058E+000 -5.945299078949E+000
  8.151736024160E-001  2.179251841432E-001  1.601009467027E+000 -5.890750467157E+000
  8.203325441110E-001  2.261065554703E-001  1.570763315712E+000 -5.834797754560E+000
  8.255225139746E-001  2.341804433711E-001  1.540629111131E+000 -5.777523768534E+000
  8.307437404560E-001  2.421459306464E-001  1.510615740610E+000 -5.719009085944E+000
  8.359964541833E-001  2.500021396317E-001  1.480731821463E+000 -5.659332063027E+000
  8.412808879885E-001  2.577482318272E-001  1.450985704706E+000 -5.598568866029E+000
  8.465972769320E-001  2.653834075231E-001  1.421385478804E+000 -5.536793502533E+000
  8.519458583285E-001  2.729069054231E-001  1.391938973454E+000 -5.474077853414E+000
  8.573268717726E-001  2.803180022653E-001  1.362653763390E+000 -5.410491705358E+000
  8.627405591648E-001  2.876160124404E-001  1.333537172203E+000 -5.346102783890E+000
  8.681871647376E-001  2.948002876087E-001  1.304596276194E+000 -5.280976786850E+000
  8.736669350829E-001  3.018702163154E-001  1.275837908220E+000 -5.215177418264E+000
  8.791801191785E-001  3.088252236040E-001  1.247268661562E+000 -5.148766422548E+000
  8.847269684160E-001  3.156647706295E-001  1.218894893794E+000 -5.081803618998E+000
  8.903077366283E-001  3.223883542701E-001  1.190722730653E+000 -5.014346936518E+000
  8.959226801184E-001  3.289955067385E-001  1.162758069906E+000 -4.946452448530E+000
  9.015720576873E-001  3.354857951929E-001  1.135006585214E+000 -4.878174408020E+000
  9.072561306635E-001  3.418588213476E-001  1.107473729985E+000 -4.809565282673E+000
  9.129751629322E-001  3.481142210839E-001  1.080164741216E+000 -4.740675790065E+000
  9.187294209652E-001  3.542516640610E-001  1.053084643318E+000 -4.671554932847E+000
  9.245191738511E-001  3.602708533268E-001  1.026238251932E+000 -4.602250033903E+000
  9.303446933257E-001  3.661715249304E-001  9.996301777120E-001 -4.532806771431E+000
  9.362062538036E-001  3.719534475339E-001  9.732648300970E-001 -4.463269213912E+000
  9.421041324088E-001  3.776164220258E-001  9.471464210515E-001 -4.393679854936E+000
  9.480386090075E-001  3.831602811352E-001  9.212789687824E-001 -4.324079647845E+000
  9.540099662399E-001  3.885848890468E-001  8.956663014249E-001 -4.254508040167E+000
  9.600184895530E-001  3.938901410170E-001  8.703120606990E-001 -4.185003007813E+000
  9.660644672342E-001  3.990759629917E-001  8.452197055326E-001 -4.115601088998E+000
  9.721481904447E-001  4.041423112247E-001  8.203925156506E-001 -4.046337417873E+000
  9.782699532537E-001  4.090891718983E-001  7.958335951280E-001 -3.977245757834E+000
  9.844300526731E-001  4.139165607442E-001  7.715458759062E-001 -3.908358534488E+000
  9.906287886927E-001  4.186245226675E-001  7.475321212707E-001 -3.839706868257E+000
  9.968664643158E-001  4.232131313704E-001  7.237949292896E-001 -3.771320606593E+000
  1.003143385595E+000  4.276824889793E-001  7.003367362106E-001 -3.703228355792E+000
  1.009459861670E+000  4.320327256721E-001  6.771598198181E-001 -3.635457512392E+000
  1.015816204803E+000  4.362639993078E-001  6.542663027465E-001 -3.568034294124E+000
  1.022212730417E+000  4.403764950580E-001  6.316581557518E-001 -3.500983770431E+000
  1.028649757135E+000  4.443704250395E-001  6.093372009387E-001 -3.434329892504E+000
  1.035127606818E+000  4.482460279488E-001  5.873051149443E-001 -3.368095522865E+000
  1.041646604604E+000  4.520035686988E-001  5.655634320771E-001 -3.302302464449E+000
  1.048207078948E+000  4.556433380562E-001  5.441135474113E-001 -3.236971489207E+000
  1.054809361664E+000  4.591656522816E-001  5.229567198365E-001 -3.172122366200E+000
  1.061453787962E+000  4.625708527704E-001  5.020940750616E-001 -3.107773889193E+000
  1.068140696494E+000  4.658593056960E-001  4.815266085739E-001 -3.043943903735E+000
  1.074870429395E+000  4.690314016544E-001  4.612551885533E-001 -2.980649333722E+000
  1.081643332322E+000  4.720875553097E-001  4.412805587414E-001 -2.917906207447E+000
  1.088459754505E+000  4.750282050428E-001  4.216033412649E-001 -2.855729683126E+000
  1.095320048782E+000  4.778538125996E-001  4.022240394154E-001 -2.794134073902E+000
  1.102224571653E+000  4.805648627422E-001  3.831430403840E-001 -2.733132872326E+000
  1.109173683316E+000  4.831618629011E-001  3.643606179523E-001 -2.672738774326E+000
  1.116167747721E+000  4.856453428282E-001  3.458769351391E-001 -2.612963702643E+000
  1.123207132611E+000  4.880158542521E-001  3.276920468046E-001 -2.553818829761E+000
  1.130292209573E+000  4.902739705341E-001  3.098059022107E-001 -2.495314600319E+000
  1.137423354084E+000  4.924202863254E-001  2.922183475402E-001 -2.437460753011E+000
  1.144600945560E+000  4.944554172260E-001  2.749291283733E-001 -2.380266341979E+000
  1.151825367405E+000  4.963799994442E-001  2.579378921230E-001 -2.323739757715E+000
  1.159097007063E+000  4.981946894575E-001  2.412441904307E-001 -2.267888747450E+000
  1.166416256069E+000  4.999001636744E-001  2.248474815208E-001 -2.212720435071E+000
  1.173783510095E+000  5.014971180975E-001  2.087471325166E-001 -2.158241340542E+000
  1.181199169012E+000  5.029862679869E-001  1.929424217175E-001 -2.104457398855E+000
  1.188663636935E+000  5.043683475252E-001  1.774325408381E-001 -2.051373978512E+000
  1.196177322279E+000  5.056441094826E-001  1.622165972105E-001 -1.998995899542E+000
  1.203740637818E+000  5.068143248837E-001  1.472936159497E-001 -1.947327451071E+000
  1.211354000735E+000  5.078797826740E-001  1.326625420830E-001 -1.896372408438E+000
  1.219017832681E+000  5.088412893878E-001  1.183222426455E-001 -1.846134049882E+000
  1.226732559833E+000  5.096996688166E-001  1.042715087397E-001 -1.796615172800E+000
  1.234498612950E+000  5.104557616776E-001  9.050905756295E-002 -1.747818109582E+000
  1.242316427433E+000  5.111104252835E-001  7.703353440137E-002 -1.699744743037E+000
  1.250186443388E+000  5.116645332121E-001  6.384351459169E-002 -1.652396521424E+000
  1.258109105679E+000  5.121189749766E-001  5.093750545195E-002 -1.605774473082E+000
  1.266084863999E+000  5.124746556967E-001  3.831394818151E-002 -1.559879220686E+000
  1.274114172926E+000  5.127324957690E-001  2.597121973106E-002 -1.514710995122E+000
  1.282197491990E+000  5.128934305393E-001  1.390763464342E-002 -1.470269649006E+000
  1.290335285734E+000  5.129584099734E-001  2.121446865895E-003 -1.426554669840E+000
  1.298528023786E+000  5.129283983296E-001 -9.389148465384E-003 -1.383565192833E+000
  1.306776180919E+000  5.128043738305E-001 -2.062601326818E-002 -1.341300013373E+000
  1.315080237120E+000  5.125873283358E-001 -3.159106478353E-002 -1.299757599185E+000
  1.323440677664E+000  5.122782670142E-001 -4.228627387099E-002 -1.258936102159E+000
  1.331857993175E+000  5.118782080164E-001 -5.271366332924E-002 -1.218833369879E+000
  1.340332679704E+000  5.113881821481E-001 -6.287530624144E-002 -1.179446956843E+000
  1.348865238797E+000  5.108092325422E-001 -7.277332434469E-002 -1.140774135396E+000
  1.357456177571E+000  5.101424143321E-001 -8.240988642314E-002 -1.102811906378E+000
  1.366106008782E+000  5.093887943246E-001 -9.178720672421E-002 -1.065557009498E+000
  1.374815250909E+000  5.085494506731E-001 -1.009075433973E-001 -1.029005933438E+000
  1.383584428224E+000  5.076254725502E-001 -1.097731969548E-001 -9.931549256991E-001
  1.392414070872E+000  5.066179598212E-001 -1.183865087542E-001 -9.580000021952E-001
  1.401304714948E+000  5.055280227166E-001 -1.267498595021E-001 -9.235369566053E-001
  1.410256902580E+000  5.043567815059E-001 -1.348656677785E-001 -8.897613694848E-001
  1.419271182008E+000  5.031053661700E-001 -1.427363885815E-001 -8.566686171488E-001
  1.428348107668E+000  5.017749160745E-001 -1.503645118916E-001 -8.242538803318E-001
  1.437488240275E+000  5.003665796427E-001 -1.577525612570E-001 -7.925121526307E-001
  1.446692146911E+000  4.988815140287E-001 -1.649030923959E-001 -7.614382487377E-001
  1.455960401104E+000  4.973208847904E-001 -1.718186918201E-001 -7.310268124680E-001
  1.465293582927E+000  4.956858655624E-001 -1.785019754752E-001 -7.012723245906E-001
  1.474692279079E+000  4.939776377292E-001 -1.849555874007E-001 -6.721691104648E-001
  1.484157082978E+000  4.921973900979E-001 -1.911821984074E-001 -6.437113474905E-001
  1.493688594856E+000  4.903463185716E-001 -1.971845047725E-001 -6.158930723755E-001
  1.503287421848E+000  4.884256258225E-001 -2.029652269528E-001 -5.887081882262E-001
  1.512954178094E+000  4.864365209647E-001 -2.085271083152E-001 -5.621504714654E-001
  1.522689484827E+000  4.843802192274E-001 -2.138729138840E-001 -5.362135785821E-001
  1.532493970480E+000  4.822579416285E-001 -2.190054291056E-001 -5.108910527177E-001
  1.542368270780E+000  4.800709146475E-001 -2.239274586297E-001 -4.861763300929E-001
  1.552313028853E+000  4.778203698989E-001 -2.286418251076E-001 -4.620627462783E-001
  1.562328895326E+000  4.755075438059E-001 -2.331513680065E-001 -4.385435423134E-001
  1.572416528431E+000  4.731336772740E-001 -2.374589424405E-001 -4.156118706767E-001
  1.582576594115E+000  4.707000153644E-001 -2.415674180179E-001 -3.932608011112E-001
  1.592809766145E+000  4.682078069682E-001 -2.454796777042E-001 -3.714833263075E-001
  1.603116726218E+000  4.656583044804E-001 -2.491986167017E-001 -3.502723674474E-001
  1.613498164078E+000  4.630527634742E-001 -2.527271413447E-001 -3.296207796123E-001
  1.623954777622E+000  4.603924423752E-001 -2.560681680101E-001 -3.095213570567E-001
  1.634487273025E+000  4.576786021365E-001 -2.592246220447E-001 -2.899668383521E-001
  1.645096364848E+000  4.549125059131E-001 -2.621994367071E-001 -2.709499114008E-001
  1.655782776168E+000  4.520954187376E-001 -2.649955521259E-001 -2.524632183243E-001
  1.666547238688E+000  4.492286071952E-001 -2.676159142728E-001 -2.344993602272E-001
  1.677390492873E+000  4.463133391001E-001 -2.700634739513E-001 -2.170509018383E-001
  1.688313288066E+000  4.433508831708E-001 -2.723411858009E-001 -2.001103760323E-001
  1.699316382620E+000  4.403425087072E-001 -2.744520073158E-001 -1.836702882322E-001
  1.710400544029E+000  4.372894852673E-001 -2.763988978796E-001 -1.677231206959E-001
  1.721566549058E+000  4.341930823441E-001 -2.781848178144E-001 -1.522613366864E-001
  1.732815183877E+000  4.310545690436E-001 -2.798127274451E-001 -1.372773845300E-001
  1.744147244202E+000  4.278752137626E-001 -2.812855861780E-001 -1.227637015617E-001
  1.755563535430E+000  4.246562838674E-001 -2.826063515954E-001 -1.087127179608E-001
  1.767064872781E+000  4.213990453727E-001 -2.837779785633E-001 -9.511686047648E-002
  1.778652081442E+000  4.181047626214E-001 -2.848034183546E-001 -8.196855604740E-002
  1.790325996715E+000  4.147746979643E-001 -2.856856177866E-001 -6.926023531377E-002
  1.802087464166E+000  4.114101114407E-001 -2.864275183724E-001 -5.698433602529E-002
  1.813937339772E+000  4.080122604601E-001 -2.870320554873E-001 -4.513330634545E-002
  1.825876490081E+000  4.045823994837E-001 -2.875021575480E-001 -3.369960805365E-002
  1.837905792365E+000  4.011217797068E-001 -2.878407452070E-001 -2.267571964653E-002
  1.850026134778E+000  3.976316487424E-001 -2.880507305601E-001 -1.205413933977E-002
  1.862238416525E+000  3.941132503047E-001 -2.881350163676E-001 -1.827387971692E-003
  1.874543548019E+000  3.905678238938E-001 -2.880964952889E-001  8.011988189945E-003
  1.886942451054E+000  3.869966044816E-001 -2.879380491310E-001  1.747141473669E-002
  1.899436058973E+000  3.834008221976E-001 -2.876625481093E-001  2.655828650224E-002
  1.912025316845E+000  3.797817020161E-001 -2.872728501220E-001  3.527996503797E-002
  1.924711181638E+000  3.761404634448E-001 -2.867718000371E-001  4.364377617987E-002
  1.937494622402E+000  3.724783202130E-001 -2.861622289920E-001  5.165700770518E-002
  1.950376620452E+000  3.687964799626E-001 -2.854469537056E-001  5.932690707750E-002
  1.963358169552E+000  3.650961439385E-001 -2.846287758026E-001  6.666067927867E-002
  1.976440276109E+000  3.613785066813E-001 -2.837104811497E-001  7.366548472603E-002
  1.989623959360E+000  3.576447557204E-001 -2.826948392043E-001  8.034843727319E-002
  2.002910251577E+000  3.538960712691E-001 -2.815846023736E-001  8.671660229305E-002
  2.016300198259E+000  3.501336259202E-001 -2.803825053865E-001  9.277699484106E-002
  2.029794858340E+000  3.463585843438E-001 -2.790912646758E-001  9.853657789720E-002
  2.043395304396E+000  3.425721029857E-001 -2.777135777718E-001  1.040022606849E-001
  2.057102622856E+000  3.387753297684E-001 -2.762521227067E-001  1.091808970649E-001
  2.070917914217E+000  3.349694037924E-001 -2.747095574294E-001  1.140792840029E-001
  2.084842293261E+000  3.311554550406E-001 -2.730885192311E-001  1.187041601078E-001
  2.098876889283E+000  3.273346040834E-001 -2.713916241805E-001  1.230622042403E-001
  2.113022846310E+000  3.235079617864E-001 -2.696214665700E-001  1.271600341889E-001
  2.127281323341E+000  3.196766290198E-001 -2.677806183704E-001  1.310042054109E-001
  2.141653494575E+000  3.158416963700E-001 -2.658716286964E-001  1.346012098381E-001
  2.156140549656E+000  3.120042438535E-001 -2.638970232811E-001  1.379574747432E-001
  2.170743693911E+000  3.081653406331E-001 -2.618593039595E-001  1.410793616665E-001
  2.185464148607E+000  3.043260447365E-001 -2.597609481616E-001  1.439731654000E-001
  2.200303151197E+000  3.004874027777E-001 -2.576044084146E-001  1.466451130264E-001
  2.215261955581E+000  2.966504496811E-001 -2.553921118532E-001  1.491013630130E-001
  2.230341832367E+000  2.928162084087E-001 -2.531264597392E-001  1.513480043551E-001
  2.245544069142E+000  2.889856896899E-001 -2.508098269898E-001  1.533910557706E-001
  2.260869970742E+000  2.851598917548E-001 -2.484445617142E-001  1.552364649405E-001
  2.276320859530E+000  2.813398000712E-001 -2.460329847586E-001  1.568901077952E-001
  2.291898075679E+000  2.775263870846E-001 -2.435773892595E-001  1.583577878443E-001
  2.307602977460E+000  2.737206119626E-001 -2.410800402057E-001  1.596452355471E-001
  2.323436941540E+000  2.699234203422E-001 -2.385431740087E-001  1.607581077224E-001
  2.339401363274E+000  2.661357440824E-001 -2.359689980803E-001  1.617019869961E-001
  2.355497657016E+000  2.623585010205E-001 -2.333596904203E-001  1.624823812837E-001
  2.371727256428E+000  2.585925947330E-001 -2.307173992110E-001  1.631047233066E-001
  2.388091614797E+000  2.548389143009E-001 -2.280442424211E-001  1.635743701402E-001
  2.404592205358E+000  2.510983340808E-001 -2.253423074177E-001  1.638966027919E-001
  2.421230521622E+000  2.473717134802E-001 -2.226136505867E-001  1.640766258078E-001
  2.438008077714E+000  2.436598967391E-001 -2.198602969630E-001  1.641195669056E-001
  2.454926408713E+000  2.399637127162E-001 -2.170842398679E-001  1.640304766332E-001
  2.471987071003E+000  2.362839746817E-001 -2.142874405576E-001  1.638143280508E-001
  2.489191642624E+000  2.326214801162E-001 -2.114718278790E-001  1.634760164359E-001
  2.506541723641E+000  2.289770105153E-001 -2.086392979366E-001  1.630203590083E-001
  2.524038936507E+000  2.253513312013E-001 -2.057917137684E-001  1.624520946764E-001
  2.541684926444E+000  2.217451911418E-001 -2.029309050319E-001  1.617758838012E-001
  2.559481361827E+000  2.181593227746E-001 -2.000586677006E-001  1.609963079788E-001
  2.577429934572E+000  2.145944418408E-001 -1.971767637713E-001  1.601178698395E-001
  2.595532360540E+000  2.110512472250E-001 -1.942869209820E-001  1.591449928630E-001
  2.613790379943E+000  2.075304208033E-001 -1.913908325418E-001  1.580820212095E-001
  2.632205757760E+000  2.040326272992E-001 -1.884901568719E-001  1.569332195647E-001
  2.650780284158E+000  2.005585141486E-001 -1.855865173595E-001  1.557027730006E-001
  2.669515774928E+000  1.971087113721E-001 -1.826815021236E-001  1.543947868492E-001
  2.688414071925E+000  1.936838314570E-001 -1.797766637948E-001  1.530132865903E-001
  2.707477043518E+000  1.902844692481E-001 -1.768735193075E-001  1.515622177538E-001
  2.726706585047E+000  1.869112018475E-001 -1.739735497070E-001  1.500454458341E-001
  2.746104619295E+000  1.835645885242E-001 -1.710781999710E-001  1.484667562202E-001
  2.765673096964E+000  1.802451706333E-001 -1.681888788457E-001  1.468298541382E-001
  2.785413997161E+000  1.769534715448E-001 -1.653069586977E-001  1.451383646091E-001
  2.805329327899E+000  1.736899965833E-001 -1.624337753819E-001  1.433958324207E-001
  2.825421126601E+000  1.704552329768E-001 -1.595706281262E-001  1.416057221157E-001
  2.845691460623E+000  1.672496498174E-001 -1.567187794328E-001  1.397714179945E-001
  2.866142427776E+000  1.640736980317E-001 -1.538794549976E-001  1.378962241355E-001
  2.886776156875E+000  1.609278103621E-001 -1.510538436473E-001  1.359833644327E-001
  2.907594808280E+000  1.578124013598E-001 -1.482430972960E-001  1.340359826510E-001
  2.928600574467E+000  1.547278673882E-001 -1.454483309196E-001  1.320571425017E-001
  2.949795680597E+000  1.516745866377E-001 -1.426706225514E-001  1.300498277377E-001
  2.971182385105E+000  1.486529191525E-001 -1.399110132967E-001  1.280169422704E-001
  2.992762980296E+000  1.456632068678E-001 -1.371705073689E-001  1.259613103088E-001
  3.014539792958E+000  1.427057736592E-001 -1.344500721460E-001  1.238856765230E-001
  3.036515184988E+000  1.397809254040E-001 -1.317506382492E-001  1.217927062325E-001
  3.058691554023E+000  1.368889500533E-001 -1.290730996430E-001  1.196849856205E-001
  3.081071334099E+000  1.340301177162E-001 -1.264183137581E-001  1.175650219763E-001
  3.103656996309E+000  1.312046807557E-001 -1.237871016367E-001  1.154352439666E-001
  3.126451049484E+000  1.284128738963E-001 -1.211802481004E-001  1.132980019370E-001
  3.149456040888E+000  1.256549143425E-001 -1.185985019425E-001  1.111555682450E-001
  3.172674556926E+000  1.229310019100E-001 -1.160425761426E-001  1.090101376268E-001
  3.196109223865E+000  1.202413191670E-001 -1.135131481057E-001  1.068638275966E-001
  3.219762708576E+000  1.175860315879E-001 -1.110108599249E-001  1.047186788838E-001
  3.243637719289E+000  1.149652877176E-001 -1.085363186683E-001  1.025766559047E-001
  3.267737006362E+000  1.123792193469E-001 -1.060900966893E-001  1.004396472736E-001
  3.292063363076E+000  1.098279416987E-001 -1.036727319623E-001  9.830946635208E-002
  3.316619626434E+000  1.073115536252E-001 -1.012847284407E-001  9.618785183911E-002
  3.341408677987E+000  1.048301378147E-001 -9.892655644055E-002  9.407646840126E-002
  3.366433444679E+000  1.023837610094E-001 -9.659865304651E-002  9.197690734551E-002
  3.391696899702E+000  9.997247423280E-002 -9.430142254245E-002  8.989068733437E-002
  3.417202063379E+000  9.759631302588E-002 -9.203523686468E-002  8.781925514445E-002
  3.442952004065E+000  9.525529769374E-002 -8.980043607847E-002  8.576398646882E-002
  3.468949839059E+000  9.294943356021E-002 -8.759732887698E-002  8.372618676370E-002
  3.495198735552E+000  9.067871123131E-002 -8.542619310232E-002  8.170709213975E-002
  3.521701911582E+000  8.844310686672E-002 -8.328727628826E-002  7.970787029809E-002
  3.548462637020E+000  8.624258245894E-002 -8.118079622382E-002  7.772962151115E-002
  3.575484234572E+000  8.407708611967E-002 -7.910694153731E-002  7.577337964812E-002
  3.602770080809E+000  8.194655237306E-002 -7.706587229992E-002  7.384011324488E-002
  3.630323607217E+000  7.985090245510E-002 -7.505772064827E-002  7.193072661780E-002
  3.658148301271E+000  7.779004461901E-002 -7.308259142495E-002  7.004606102095E-002
  3.686247707537E+000  7.576387444583E-002 -7.114056283616E-002  6.818689584601E-002
  3.714625428793E+000  7.377227515978E-002 -6.923168712566E-002  6.635394986379E-002
  3.743285127184E+000  7.181511794796E-002 -6.735599126380E-002  6.454788250651E-002
  3.772230525397E+000  6.989226228365E-002 -6.551347765075E-002  6.276929518948E-002
  3.801465407866E+000  6.800355625279E-002 -6.370412483276E-002  6.101873267080E-002
  3.830993622005E+000  6.614883688308E-002 -6.192788823024E-002  5.929668444759E-002
  3.860819079470E+000  6.432793047503E-002 -6.018470087658E-002  5.760358618697E-002
  3.890945757450E+000  6.254065293444E-002 -5.847447416631E-002  5.593982119002E-002
  3.921377699988E+000  6.078681010577E-002 -5.679709861148E-002  5.430572188660E-002
  3.952119019336E+000  5.906619810576E-002 -5.515244460485E-002  5.270157135902E-002
  3.983173897337E+000  5.737860365676E-002 -5.354036318851E-002  5.112760489211E-002
  4.014546586845E+000  5.572380441917E-002 -5.196068682669E-002  4.958401154746E-002
  4.046241413173E+000  5.410156932245E-002 -5.041323018124E-002  4.807093575914E-002
  4.078262775585E+000  5.251165889417E-002 -4.889779088843E-002  4.658847894830E-002
  4.110615148813E+000  5.095382558645E-002 -4.741415033565E-002  4.513670115397E-002
  4.143303084620E+000  4.942781409934E-002 -4.596207443662E-002  4.371562267708E-002
  4.176331213391E+000  4.793336170072E-002 -4.454131440354E-002  4.232522573487E-002
  4.209704245774E+000  4.647019854193E-002 -4.315160751498E-002  4.096545612267E-002
  4.243426974351E+000  4.503804796894E-002 -4.179267787792E-002  3.963622487993E-002
  4.277504275353E+000  4.363662682850E-002 -4.046423718266E-002  3.833740995746E-002
  4.311941110423E+000  4.226564576876E-002 -3.916598544909E-002  3.706885788273E-002
  4.346742528412E+000  4.092480953407E-002 -3.789761176318E-002  3.583038542000E-002
  4.381913667228E+000  3.961381725351E-002 -3.665879500221E-002  3.462178122214E-002
  4.417459755726E+000  3.833236272283E-002 -3.544920454752E-002  3.344280747103E-002
  4.453386115645E+000  3.708013467946E-002 -3.426850098357E-002  3.229320150323E-002
  4.489698163598E+000  3.585681707033E-002 -3.311633678209E-002  3.117267741803E-002
  4.526401413105E+000  3.466208931225E-002 -3.199235697029E-002  3.008092766456E-002
  4.563501476684E+000  3.349562654465E-002 -3.089619978193E-002  2.901762460515E-002
  4.601004067991E+000  3.235709987438E-002 -2.982749729035E-002  2.798242205187E-002
  4.638915004011E+000  3.124617661269E-002 -2.878587602248E-002  2.697495677344E-002
  4.677240207311E+000  3.016252050407E-002 -2.777095755305E-002  2.599484996987E-002
  4.715985708351E+000  2.910579194695E-002 -2.678235907806E-002  2.504170871194E-002
  4.755157647843E+000  2.807564820631E-002 -2.581969396705E-002  2.411512734330E-002
  4.794762279187E+000  2.707174361820E-002 -2.488257229330E-002  2.321468884259E-002
  4.834805970953E+000  2.609372978615E-002 -2.397060134167E-002  2.233996614357E-002
  4.875295209443E+000  2.514125576976E-002 -2.308338609345E-002  2.149052341091E-002
  4.916236601308E+000  2.421396826546E-002 -2.222052968799E-002  2.066591727011E-002
  4.957636876237E+000  2.331151177967E-002 -2.138163386092E-002  1.986569798948E-002
  4.999502889720E+000  2.243352879467E-002 -2.056629935859E-002  1.908941061294E-002
  5.041841625875E+000  2.157965992737E-002 -1.977412632892E-002  1.833659604209E-002
  5.084660200360E+000  2.074954408128E-002 -1.900471468856E-002  1.760679206656E-002
  5.127965863354E+000  1.994281859212E-002 -1.825766446650E-002  1.689953434163E-002
  5.171766002619E+000  1.915911936733E-002 -1.753257612449E-002  1.621435731244E-002
  5.216068146649E+000  1.839808101994E-002 -1.682905085436E-002  1.555079508424E-002
  5.260879967894E+000  1.765933699724E-002 -1.614669085292E-002  1.490838223840E-002
  5.306209286078E+000  1.694251970475E-002 -1.548509957480E-002  1.428665459415E-002
  5.352064071605E+000  1.624726062586E-002 -1.484388196379E-002  1.368514991605E-002
  5.398452449055E+000  1.557319043778E-002 -1.422264466351E-002  1.310340856763E-002
  5.445382700775E+000  1.491993912427E-002 -1.362099620801E-002  1.254097411178E-002
  5.492863270572E+000  1.428713608563E-002 -1.303854719324E-002  1.199739385847E-002
  5.540902767504E+000  1.367441024667E-002 -1.247491043021E-002  1.147221936096E-002
  5.589509969774E+000  1.308139016299E-002 -1.192970108089E-002  1.096500686145E-002
  5.638693828737E+000  1.250770412633E-002 -1.140253677777E-002  1.047531768763E-002
  5.688463473008E+000  1.195298026943E-002 -1.089303772823E-002  1.000271860155E-002
  5.738828212699E+000  1.141684667103E-002 -1.040082680487E-002  9.546782102469E-003
  5.789797543759E+000  1.089893146147E-002 -9.925529622783E-003  9.107086685555E-003
  5.841381152447E+000  1.039886292952E-002 -9.466774605191E-003  8.683217058300E-003
  5.893588919926E+000  9.916269630909E-003 -9.024193038482E-003  8.274764316814E-003
  5.946430926988E+000  9.450780498982E-003 -8.597419117944E-003  7.881326084143E-003
  5.999917458910E+000  9.002024958113E-003 -8.186089985407E-003  7.502506612931E-003
  6.054059010457E+000  8.569633040150E-003 -7.789845760045E-003  7.137916854801E-003
  6.108866291020E+000  8.153235504391E-003 -7.408329563532E-003  6.787174498910E-003
  6.164350229902E+000  7.752463961438E-003 -7.041187540778E-003  6.449903982191E-003
  6.220521981762E+000  7.366951001235E-003 -6.688068877424E-003  6.125736473825E-003
  6.277392932215E+000  6.996330325609E-003 -6.348625815221E-003  5.814309836515E-003
  6.334974703589E+000  6.640236885520E-003 -6.022513666436E-003  5.515268567137E-003
  6.393279160860E+000  6.298307023214E-003 -5.709390828307E-003  5.228263719343E-003
  6.452318417752E+000  5.970178619418E-003 -5.408918798578E-003  4.952952810649E-003
  6.512104843026E+000  5.655491245643E-003 -5.120762193039E-003  4.688999716517E-003
  6.572651066946E+000  5.353886321625E-003 -4.844588765953E-003  4.436074553868E-003
  6.633969987942E+000  5.065007277849E-003 -4.580069434160E-003  4.193853556403E-003
  6.696074779472E+000  4.788499723075E-003 -4.326878305588E-003  3.962018944028E-003
  6.758978897091E+000  4.524011616694E-003 -4.084692712802E-003  3.740258788557E-003
  6.822696085726E+000  4.271193445691E-003 -3.853193252127E-003  3.528266877784E-003
  6.887240387180E+000  4.029698405943E-003 -3.632063828818E-003  3.325742579877E-003
  6.952626147859E+000  3.799182587500E-003 -3.420991708622E-003  3.132390709917E-003
  7.018868026732E+000  3.579305163449E-003 -3.219667575996E-003  2.947921400263E-003
  7.085981003543E+000  3.369728581901E-003 -3.027785599154E-003  2.772049976269E-003
  7.153980387268E+000  3.170118760594E-003 -2.845043501995E-003  2.604496838735E-003
  7.222881824836E+000  2.980145283525E-003 -2.671142642887E-003  2.444987354298E-003
  7.292701310121E+000  2.799481599010E-003 -2.505788100171E-003  2.293251754799E-003
  7.363455193219E+000  2.627805218495E-003 -2.348688764163E-003  2.149025046508E-003
  7.435160190001E+000  2.464797915417E-003 -2.199557435318E-003  2.012046929902E-003
  7.507833391988E+000  2.310145923362E-003 -2.058110928169E-003  1.882061730532E-003
  7.581492276516E+000  2.163540132739E-003 -1.924070180517E-003  1.758818341329E-003
  7.656154717242E+000  2.024676285170E-003 -1.797160367313E-003  1.642070176548E-003
  7.731838994973E+000  1.893255164749E-003 -1.677111018573E-003  1.531575137379E-003
  7.808563808847E+000  1.768982785334E-003 -1.563656140599E-003  1.427095589090E-003
  7.886348287874E+000  1.651570573005E-003 -1.456534339721E-003  1.328398349433E-003
  7.965212002848E+000  1.540735542816E-003 -1.355488947731E-003  1.235254687873E-003
  8.045174978646E+000  1.436200468992E-003 -1.260268148101E-003  1.147440335105E-003
  8.126257706932E+000  1.337694047705E-003 -1.170625102081E-003  1.064735502158E-003
  8.208481159274E+000  1.244951051587E-003 -1.086318073699E-003  9.869249083035E-004
  8.291866800694E+000  1.157712475169E-003 -1.007110552707E-003  9.137978168722E-004
  8.376436603664E+000  1.075725670453E-003 -9.327713744686E-004  8.451480779896E-004
  8.462213062574E+000  9.987444718599E-004 -8.630748357965E-004  7.807741771771E-004
  8.549219208676E+000  9.265293098436E-004 -7.978008057698E-004  7.204792886935E-004
  8.637478625536E+000  8.588473125087E-004 -7.367348305462E-004  6.640713324487E-004
  8.727015464999E+000  7.954723946174E-004 -6.796682312360E-004  6.113630332851E-004
  8.817854463709E+000  7.361853334394E-004 -6.263981939272E-004  5.621719814021E-004
  8.910020960175E+000  6.807738309597E-004 -5.767278509986E-004  5.163206926944E-004
  9.003540912431E+000  6.290325620294E-004 -5.304663529066E-004  4.736366677813E-004
  9.098440916308E+000  5.807632081219E-004 -4.874289296957E-004  4.339524485248E-004
  9.194748224321E+000  5.357744764331E-004 -4.474369415455E-004  3.971056708697E-004
  9.292490765233E+000  4.938821041476E-004 -4.103179177437E-004  3.629391128848E-004
  9.391697164283E+000  4.549088477777E-004 -3.759055835552E-004  3.313007369414E-004
  9.492396764138E+000  4.186844575676E-004 -3.440398745401E-004  3.020437250350E-004
  9.594619646576E+000  3.850456370437E-004 -3.145669379667E-004  2.750265063340E-004
  9.698396654938E+000  3.538359878810E-004 -2.873391210592E-004  2.501127761289E-004
  9.803759417385E+000  3.249059403417E-004 -2.622149459127E-004  2.271715054457E-004
  9.910740370981E+000  2.981126696316E-004 -2.390590710124E-004  2.060769406955E-004
  1.001937278665E+001  2.733199986034E-004 -2.177422393898E-004  1.867085928342E-004
  1.012969079502E+001  2.503982873194E-004 -1.981412135485E-004  1.689512156201E-004
  1.024172941323E+001  2.292243100650E-004 -1.801386973915E-004  1.526947726719E-004
  1.035552457272E+001  2.096811204800E-004 -1.636232454795E-004  1.378343931422E-004
  1.047111314798E+001  1.916579055437E-004 -1.484891600397E-004  1.242703159418E-004
  1.058853298647E+001  1.750498292159E-004 -1.346363762395E-004  1.119078225625E-004
  1.070782293953E+001  1.597578665935E-004 -1.219703363185E-004  1.006571586585E-004
  1.082902289454E+001  1.456886294920E-004 -1.104018532564E-004  9.043344465796E-005
  1.095217380826E+001  1.327541844099E-004 -9.984696472527E-005  8.115657577879E-005
  1.107731774137E+001  1.208718638640E-004 -9.022677813880E-005  7.275111192315E-005
  1.120449789442E+001  1.099640721167E-004 -8.146730767138E-005  6.514615801585E-005
  1.133375864507E+001  9.995808633175E-005 -7.349930416788E-005  5.827523543784E-005
  1.146514558681E+001  9.078585420865E-005 -6.625807890518E-005  5.207614528084E-005
  1.159870556913E+001  8.238378914305E-005 -5.968332219800E-005  4.649082421647E-005
  1.173448673928E+001  7.469256395710E-005 -5.371891786275E-005  4.146519383007E-005
  1.187253858566E+001  6.765690422387E-005 -4.831275456471E-005  3.694900431608E-005
  1.201291198287E+001  6.122538218607E-005 -4.341653507558E-005  3.289567346762E-005
  1.215565923859E+001  5.535021223480E-005 -3.898558446040E-005  2.926212191849E-005
  1.230083414231E+001  4.998704887193E-005 -3.497865819487E-005  2.600860560939E-005
  1.244849201595E+001  4.509478803023E-005 -3.135775118720E-005  2.309854645382E-005
  1.259868976657E+001  4.063537256821E-005 -2.808790864244E-005  2.049836217133E-005
  1.275148594119E+001  3.657360269356E-005 -2.513703966245E-005  1.817729623798E-005
  1.290694078384E+001  3.287695200031E-005 -2.247573442269E-005  1.610724887597E-005
  1.306511629490E+001  2.951538973113E-005 -2.007708570702E-005  1.426260996683E-005
  1.322607629292E+001  2.646120979859E-005 -1.791651551618E-005  1.262009472686E-005
  1.338988647898E+001  2.368886701914E-005 -1.597160739414E-005  1.115858292915E-005
  1.355661450375E+001  2.117482093085E-005 -1.422194504105E-005  9.858962395667E-006
  1.372633003727E+001  1.889738748322E-005 -1.264895770196E-005  8.703977415751E-006
  1.389910484176E+001  1.683659880414E-005 -1.123577273940E-005  7.678082674897E-006
  1.407501284743E+001  1.497407116753E-005 -9.967075714837E-006  6.767303201960E-006
  1.425413023161E+001  1.329288120567E-005 -8.828978220996E-006  5.959100763588E-006
  1.443653550117E+001  1.177745033413E-005 -7.808893625203E-006  5.242247054254E-006
  1.462230957852E+001  1.041343728511E-005 -6.895420803498E-006  4.606703949002E-006
  1.481153589140E+001  9.187638578220E-006 -6.078235868371E-006  4.043511005543E-006
  1.500430046649E+001  8.087896696497E-006 -5.347991819716E-006  3.544680323505E-006
  1.520069202718E+001  7.103015680793E-006 -4.696225980323E-006  3.103098792673E-006
  1.540080209569E+001  6.222683808345E-006 -4.115275014579E-006  2.712437689805E-006
  1.560472509963E+001  5.437402980999E-006 -3.598197272686E-006  2.367069516068E-006
  1.581255848342E+001  4.738424416441E-006 -3.138702153293E-006  2.061991905076E-006
  1.602440282470E+001  4.117690211364E-006 -2.731086135305E-006  1.792758375584E-006
  1.624036195599E+001  3.567780329119E-006 -2.370175095145E-006  1.555415653730E-006
  1.646054309190E+001  3.081864555776E-006 -2.051272499057E-006  1.346447247624E-006
  1.668505696224E+001  2.653658967465E-006 -1.770113041101E-006  1.162722922501E-006
  1.691401795117E+001  2.277386457923E-006 -1.522821286237E-006  1.001453697541E-006
  1.714754424293E+001  1.947740887803E-006 -1.305874874033E-006  8.601519659692E-007
  1.738575797433E+001  1.659854435852E-006 -1.116071841604E-006  7.365963278902E-007
  1.762878539445E+001  1.409267755845E-006 -9.505016339703E-007  6.288007203133E-007
  1.787675703191E+001  1.191902571249E-006 -8.065193853752E-007  5.349874304862E-007
  1.812980787015E+001  1.004036371181E-006 -6.817230755754E-007  4.535635864974E-007
  1.838807753110E+001  8.422789053719E-007 -5.739331899015E-007  3.831007324902E-007
  1.865171046781E+001  7.035502116030E-007 -4.811745401033E-007  3.223171140425E-007
  1.892085616642E+001  5.850599455543E-007 -4.016599338282E-007  2.700623215463E-007
  1.919566935809E+001  4.842878192914E-007 -3.337754131069E-007  2.253039649553E-007
  1.947631024137E+001  3.989649898759E-007 -2.760668156003E-007  1.871160812292E-007
  1.976294471571E+001  3.270562730896E-007 -2.272274457677E-007  1.546690053688E-007
  2.005574462663E+001  2.667430883275E-007 -1.860866757743E-007  1.272204663013E-007
  2.035488802332E+001  2.164070688031E-007 -1.515993271935E-007  1.041076992799E-007
  2.066055942930E+001  1.746142958805E-007 -1.228357137600E-007  8.474039622436E-008
  2.097295012706E+001  1.401001373118E-007 -9.897225211618E-008  6.859434391021E-008
  2.129225845729E+001  1.117546862228E-007 -7.928257127563E-008  5.520562660849E-008
  2.161869013374E+001  8.860881083274E-008 -6.312907214537E-008  4.416529424015E-008
  2.195245857462E+001  6.982083417497E-008 -4.995490575032E-008  3.511441902885E-008
  2.229378525140E+001  5.466386871129E-008 -3.927635276487E-008  2.773948279026E-008
  2.264290005632E+001  4.251383298755E-008 -3.067559764431E-008  2.176805328040E-008
  2.300004168951E+001  3.283817674506E-008 -2.379389823852E-008  1.696472142744E-008
  2.336545806705E+001  2.518533761831E-008 -1.832515651320E-008  1.312728187562E-008
  2.373940675129E+001  1.917494720328E-008 -1.400989822151E-008  1.008314723700E-008
  2.412215540475E+001  1.448879738179E-008 -1.062966942888E-008  7.685992007301E-009
  2.451398226921E+001  1.086256984822E-008 -8.001856099452E-009  5.812625536227E-009
  2.491517667142E+001  8.078323301226E-009 -5.974929915294E-009  4.360095066864E-009
  2.532603955735E+001  5.957724196738E-009 -4.424119529775E-009  3.243020008787E-009
  2.574688405660E+001  4.355998719497E-009 -3.247501943278E-009  2.391157625068E-009
  2.617803607920E+001  3.156576069315E-009 -2.362503986942E-009  1.747198523969E-009
  2.661983494664E+001  2.266386553301E-009 -1.702799319038E-009  1.264788058456E-009
  2.707263405971E+001  1.611772531286E-009 -1.215582135465E-009  9.067672249430E-010
  2.753680160532E+001  1.134966106880E-009 -8.591951700121E-010  6.436241504877E-010
  2.801272130518E+001  7.910846466496E-010 -6.010866512249E-010  4.521449539692E-010
  2.850079320900E+001  5.455937330689E-010 -4.160687728639E-010  3.142508030281E-010
  2.900143453541E+001  3.721869430680E-010 -2.848489519863E-010  2.160064600556E-010
  2.951508056378E+001  2.510327747523E-010 -1.928046731672E-010  1.467845685946E-010
  3.004218558064E+001  1.673409655340E-010 -1.289729902289E-010  9.856938865368E-011
  3.058322388437E+001  1.102031766722E-010 -8.522668850215E-011  6.538362519010E-011
  3.113869085248E+001  7.166637113244E-011 -5.561059050672E-011  4.282236210694E-011
  3.170910407585E+001  4.600099187245E-011 -3.581339362686E-011  2.767884976980E-011
  3.229500456485E+001  2.913007301297E-011 -2.275263435400E-011  1.764792130093E-011
  3.289695803249E+001  1.818952041210E-011 -1.425275875625E-011  1.109405125998E-011
  3.351555626047E+001  1.119383701010E-011 -8.798732180236E-012  6.872440588363E-012
  3.415141855403E+001  6.785424254723E-012 -5.350046780665E-012  4.192940700731E-012
  3.480519329257E+001  4.049174140942E-012 -3.202304924504E-012  2.518053623629E-012
  3.547755958299E+001  2.377314725517E-012 -1.885710310075E-012  1.487612001391E-012
  3.616922902393E+001  1.372349063983E-012 -1.091745954475E-012  8.640131027819E-013
  3.688094758921E+001  7.784198564271E-013 -6.210356025249E-013  4.930276834983E-013
  3.761349763993E+001  4.335451970340E-013 -3.468643855380E-013  2.762123129813E-013
  3.836770007534E+001  2.369250387934E-013 -1.900800132572E-013  1.518172669502E-013
  3.914441663347E+001  1.269442107057E-013 -1.021212831960E-013  8.180421568530E-014
  3.994455235367E+001  6.663352566505E-014 -5.374672804645E-014  4.317774155969E-014
  4.076905821405E+001  3.423620019793E-014 -2.768719602015E-014  2.230537631510E-014
  4.161893395835E+001  1.720312453728E-014 -1.394805163223E-014  1.126786119019E-014
  4.249523112779E+001  8.446062852044E-015 -6.865184986834E-015  5.560997291995E-015
  4.339905631520E+001  4.047636063445E-015 -3.298149647207E-015  2.678667997475E-015
  4.433157466006E+001  1.891477493704E-015 -1.544971970330E-015  1.258036619817E-015
  4.529401360538E+001  8.609577631639E-016 -7.049067661727E-016  5.754465810873E-016
  4.628766693861E+001  3.812819443665E-016 -3.129008033346E-016  2.560693697863E-016
  4.731389914191E+001  1.640853675615E-016 -1.349650798721E-016  1.107203377260E-016
  4.837415007871E+001  6.853289643203E-017 -5.649663833647E-017  4.645810373060E-017
  4.946994004686E+001  2.774273520350E-017 -2.292059596531E-017  1.889191386157E-017
  5.060287523143E+001  1.086932538411E-017 -8.999404876063E-018  7.434533871556E-018
  5.177465359367E+001  4.115340158852E-018 -3.414548484260E-018  2.827107271894E-018
  5.298707123650E+001  1.503375642788E-018 -1.249952412940E-018  1.037172750287E-018
  5.424202929116E+001  5.290005210743E-019 -4.407201176752E-019  3.664789905817E-019
  5.554154137419E+001  1.789765862938E-019 -1.494054645282E-019  1.244977930251E-019
  5.688774166961E+001  5.811201913677E-020 -4.860519482922E-020  4.058519062744E-020
  5.828289369667E+001  1.807146717208E-020 -1.514397419897E-020  1.267055524786E-020
  5.972939983075E+001  5.370972550063E-021 -4.509336603065E-021  3.780252886860E-021
  6.122981165190E+001  1.522163042551E-021 -1.280318433052E-021  1.075376414592E-021
  6.278684120462E+001  4.103672523661E-022 -3.457886450845E-022  2.909844648720E-022
  6.440337326150E+001  1.049724229554E-022 -8.860920353372E-023  7.470283472466E-023
  6.608247869451E+001  2.540881668389E-023 -2.148514399020E-023  1.814590535301E-023
  6.782742906960E+001  5.802810044188E-024 -4.915042717721E-024  4.158465248689E-024
  6.964171259434E+001  1.246496584506E-024 -1.057548514951E-024  8.963035072519E-025
  7.152905156377E+001  2.510187392523E-025 -2.133148124805E-025  1.810959560980E-025
  7.349342146763E+001  4.722249643571E-026 -4.019343436759E-026  3.417905363460E-026
  7.553907194217E+001  8.267586403440E-027 -7.047938400134E-027  6.003005364119E-027
  7.767054977292E+001  1.341651412800E-027 -1.145476922324E-027  9.771911381738E-028
  7.989272418113E+001  2.009328872480E-028 -1.718095533251E-028  1.467952974023E-028
  8.221081465675E+001  2.764370539533E-029 -2.367166094511E-029  2.025585672399E-029
  8.463042163523E+001  3.476252240865E-030 -2.981032597025E-030  2.554649492144E-030
  8.715756035520E+001  3.974396928310E-031 -3.413002730986E-031  2.929070792706E-031
  8.979869827958E+001  4.107484932004E-032 -3.532144993401E-032  3.035614160758E-032
  9.256079651532E+001  3.813589967468E-033 -3.283833133037E-033  2.826118506927E-033
  9.545135572765E+001  3.159690922053E-034 -2.724355737492E-034  2.347799540478E-034
  9.847846711487E+001  2.319413276457E-035 -2.002429622142E-035  1.727942431536E-035
  1.016508690915E+002  1.496766216488E-036 -1.293841180103E-036  1.117930788862E-036
  1.049780104220E+002  8.420075447012E-038 -7.287507296016E-038  6.304668250602E-038
  1.084701206579E+002  4.091713496050E-039 -3.545623210514E-039  3.071232332175E-039
  1.121382888606E+002  1.700706281077E-040 -1.475467071122E-040  1.279600013061E-040
  1.159945517414E+002  5.981750481227E-042 -5.195531738785E-042  4.511150491761E-042
  1.200519925308E+002  1.759689882660E-043 -1.530129451186E-043  1.330106011657E-043
  1.243248520934E+002  4.275015125706E-045 -3.721422718593E-045  3.238591827713E-045
  1.288286540551E+002  8.459016630800E-047 -7.371564617055E-047  6.422210874283E-047
  1.335803459987E+002  1.342818185444E-048 -1.171425701502E-048  1.021659154034E-048
  1.385984591287E+002  1.682090762571E-050 -1.468906420242E-050  1.282450779938E-050
  1.439032892205E+002  1.632868988152E-052 -1.427357585291E-052  1.247451658194E-052
  1.495171021587E+002  1.204184405833E-054 -1.053660987317E-054  9.217760644385E-055
  1.554643679592E+002  6.600680779192E-057 -5.781132613639E-057  5.062446357181E-057
  1.617720278763E+002  2.625387262934E-059 -2.301568214721E-059  2.017362158575E-059
  1.684698000514E+002  7.378762222097E-062 -6.474561633676E-062  5.680317268429E-062
  1.755905301928E+002  1.423053465171E-064 -1.249783166964E-064  1.097460587828E-064
  1.831705950299E+002  1.823044347499E-067 -1.602461592785E-067  1.408393139179E-067
  1.912503678195E+002  1.496408285624E-070 -1.316460701745E-070  1.158020606005E-070
  1.998747570544E+002  7.560609135781E-074 -6.656907923357E-074  5.860616345298E-074
  2.090938318328E+002  2.248482934047E-077 -1.981317174487E-077  1.745731562757E-077
  2.189635501945E+002  3.743976453497E-081 -3.301694942942E-081  2.911411602172E-081
  2.295466102647E+002  3.300299263742E-085 -2.912644425764E-085  2.570324414738E-085
  2.409134484547E+002  1.446137631378E-089 -1.277218109220E-089  1.127950566279E-089
  2.531434144886E+002  2.934256158938E-094 -2.593378080073E-094  2.291955550650E-094
  2.663261599835E+002  2.544551828794E-099 -2.250518838696E-099  1.990349297130E-099
  2.805632861191E+002  8.611889543096E-105 -7.621923786592E-105  6.745413538953E-105
  2.959703071532E+002  1.025891117679E-110 -9.085599008017E-111  8.046110880366E-111
  3.126790009236E+002  3.823318267826E-117 -3.388210008194E-117  3.002496245295E-117
  3.308402360200E+002  3.895079320079E-124 -3.453943727853E-124  3.062657565689E-124
  3.506273893903E+002  9.289232635698E-132 -8.242129999357E-132  7.312823504698E-132
  3.722404996260E+002  4.336283939708E-140 -3.849724615849E-140  3.417663076262E-140
  3.959113426415E+002  3.220167311557E-149 -2.860450615674E-149  2.540853192895E-149
  4.219096715122E+002  2.988448491299E-159 -2.656058650812E-159  2.360586834850E-159
  4.505509359373E+002  2.613584887146E-170 -2.324107627096E-170  2.066652695781E-170
  4.822058963204E+002  1.545830513947E-182 -1.375311822758E-182  1.223582333546E-182
  5.173126831536E+002  4.177690807864E-196 -3.718666806091E-196  3.310030025411E-196
  5.563920392209E+002  3.237054665062E-211 -2.882735091301E-211  2.567166278975E-211
  6.000667421536E+002  4.118264139874E-228 -3.669143876146E-228  3.268967658579E-228
  6.490865708786E+002  4.396931518146E-247 -3.919117243168E-247  3.493195052668E-247
  7.043607010442E+002  1.745766396528E-268 -1.556699964117E-268  1.388098659424E-268
  7.670001674974E+002  9.533322076255E-293 -8.504240887014E-293  7.586195120679E-293
  8.383741345464E+002  0.000000000000E+000  0.000000000000E+000  0.000000000000E+000
  9.201853543213E+002  0.000000000000E+000  0.000000000000E+000  0.000000000000E+000
  1.014572672318E+003  0.000000000000E+000  0.000000000000E+000  0.000000000000E+000
  1.124252254996E+003  0.000000000000E+000  0.000000000000E+000  0.000000000000E+000
  1.252715205428E+003  0.000000000000E+000  0.000000000000E+000  0.000000000000E+000
  1.404508845568E+003  0.000000000000E+000  0.000000000000E+000  0.000000000000E+000
  1.585644739908E+003  0.000000000000E+000  0.000000000000E+000  0.000000000000E+000
  1.804203189488E+003  0.000000000000E+000  0.000000000000E+000  0.000000000000E+000
  2.071250249814E+003  0.000000000000E+000  0.000000000000E+000  0.000000000000E+000
  2.402266552340E+003  0.000000000000E+000  0.000000000000E+000  0.000000000000E+000
  2.819442449497E+003  0.000000000000E+000  0.000000000000E+000  0.000000000000E+000
  3.355496240167E+003  0.000000000000E+000  0.000000000000E+000  0.000000000000E+000
  4.060290442982E+003  0.000000000000E+000  0.000000000000E+000  0.000000000000E+000
  5.012860622227E+003  0.000000000000E+000  0.000000000000E+000  0.000000000000E+000
  6.344578802016E+003  0.000000000000E+000  0.000000000000E+000  0.000000000000E+000
  8.287000878586E+003  0.000000000000E+000  0.000000000000E+000  0.000000000000E+000
  1.127976970933E+004  0.000000000000E+000  0.000000000000E+000  0.000000000000E+000
  1.624316171036E+004  0.000000000000E+000  0.000000000000E+000  0.000000000000E+000
  2.538031516868E+004  0.000000000000E+000  0.000000000000E+000  0.000000000000E+000
  4.512107881524E+004  0.000000000000E+000  0.000000000000E+000  0.000000000000E+000
  1.015232606647E+005  0.000000000000E+000  0.000000000000E+000  0.000000000000E+000
  4.060950426526E+005  0.000000000000E+000  0.000000000000E+000  0.000000000000E+000
