# 1st line: number of mesh points
# abcissa wavefunction wavefunction_1st wavefunction_2nd
1000
# Principal QN=   4 , l=   0 , Occupation=   1.9990
  2.462477732966E-006  1.870712531313E+001 -7.500857587960E+002  2.658764344901E+004
  9.849959442330E-006  1.870158479375E+001 -7.498893725518E+002  2.657966136998E+004
  2.216259066178E-005  1.869235369686E+001 -7.495621888544E+002  2.656636396576E+004
  3.940061395432E-005  1.867943667256E+001 -7.491043976205E+002  2.654776032000E+004
  6.156436892224E-005  1.866284022484E+001 -7.485162644381E+002  2.652386313478E+004
  8.865429222131E-005  1.864257270553E+001 -7.477981302714E+002  2.649468871549E+004
  1.206709175794E-004  1.861864430645E+001 -7.469504110833E+002  2.646025695158E+004
  1.576148758184E-004  1.859106704985E+001 -7.459735973733E+002  2.642059129297E+004
  1.994868948811E-004  1.855985477720E+001 -7.448682536355E+002  2.637571872237E+004
  2.462877998613E-004  1.852502313626E+001 -7.436350177335E+002  2.632566972339E+004
  2.980185130383E-004  1.848658956644E+001 -7.422746001965E+002  2.627047824457E+004
  3.546800539158E-004  1.844457328263E+001 -7.407877834353E+002  2.621018165938E+004
  4.162735392647E-004  1.839899525733E+001 -7.391754208816E+002  2.614482072225E+004
  4.828001831694E-004  1.834987820116E+001 -7.374384360498E+002  2.607443952070E+004
  5.542612970792E-004  1.829724654194E+001 -7.355778215247E+002  2.599908542360E+004
  6.306582898628E-004  1.824112640210E+001 -7.335946378758E+002  2.591880902576E+004
  7.119926678676E-004  1.818154557465E+001 -7.314900124997E+002  2.583366408879E+004
  7.982660349828E-004  1.811853349775E+001 -7.292651383930E+002  2.574370747846E+004
  8.894800927067E-004  1.805212122773E+001 -7.269212728578E+002  2.564899909853E+004
  9.856366402179E-004  1.798234141084E+001 -7.244597361412E+002  2.554960182130E+004
  1.086737574451E-003  1.790922825362E+001 -7.218819100111E+002  2.544558141484E+004
  1.192784890174E-003  1.783281749196E+001 -7.191892362712E+002  2.533700646711E+004
  1.303780680078E-003  1.775314635892E+001 -7.163832152168E+002  2.522394830707E+004
  1.419727134858E-003  1.767025355138E+001 -7.134654040344E+002  2.510648092292E+004
  1.540626543307E-003  1.758417919548E+001 -7.104374151466E+002  2.498468087750E+004
  1.666481292416E-003  1.749496481097E+001 -7.073009145067E+002  2.485862722115E+004
  1.797293867468E-003  1.740265327458E+001 -7.040576198435E+002  2.472840140200E+004
  1.933066852148E-003  1.730728878224E+001 -7.007092988611E+002  2.459408717394E+004
  2.073802928647E-003  1.720891681055E+001 -6.972577673943E+002  2.445577050237E+004
  2.219504877777E-003  1.710758407717E+001 -6.937048875251E+002  2.431353946785E+004
  2.370175579090E-003  1.700333850052E+001 -6.900525656603E+002  2.416748416788E+004
  2.525818010992E-003  1.689622915861E+001 -6.863027505753E+002  2.401769661683E+004
  2.686435250879E-003  1.678630624720E+001 -6.824574314264E+002  2.386427064433E+004
  2.852030475254E-003  1.667362103729E+001 -6.785186357343E+002  2.370730179215E+004
  3.022606959872E-003  1.655822583201E+001 -6.744884273418E+002  2.354688720975E+004
  3.198168079872E-003  1.644017392293E+001 -6.703689043498E+002  2.338312554872E+004
  3.378717309917E-003  1.631951954596E+001 -6.661621970330E+002  2.321611685618E+004
  3.564258224347E-003  1.619631783678E+001 -6.618704657401E+002  2.304596246738E+004
  3.754794497325E-003  1.607062478586E+001 -6.574958987801E+002  2.287276489761E+004
  3.950329902993E-003  1.594249719332E+001 -6.530407102992E+002  2.269662773355E+004
  4.150868315631E-003  1.581199262336E+001 -6.485071381497E+002  2.251765552430E+004
  4.356413709820E-003  1.567916935867E+001 -6.438974417558E+002  2.233595367223E+004
  4.566970160612E-003  1.554408635461E+001 -6.392138999778E+002  2.215162832370E+004
  4.782541843700E-003  1.540680319339E+001 -6.344588089790E+002  2.196478625997E+004
  5.003133035593E-003  1.526738003816E+001 -6.296344800973E+002  2.177553478836E+004
  5.228748113801E-003  1.512587758724E+001 -6.247432377245E+002  2.158398163376E+004
  5.459391557015E-003  1.498235702841E+001 -6.197874171974E+002  2.139023483084E+004
  5.695067945303E-003  1.483687999333E+001 -6.147693627022E+002  2.119440261687E+004
  5.935781960296E-003  1.468950851224E+001 -6.096914251954E+002  2.099659332546E+004
  6.181538385392E-003  1.454030496889E+001 -6.045559603449E+002  2.079691528129E+004
  6.432342105956E-003  1.438933205580E+001 -5.993653264922E+002  2.059547669606E+004
  6.688198109528E-003  1.423665272988E+001 -5.941218826401E+002  2.039238556562E+004
  6.949111486034E-003  1.408233016848E+001 -5.888279864680E+002  2.018774956864E+004
  7.215087428003E-003  1.392642772593E+001 -5.834859923760E+002  1.998167596679E+004
  7.486131230784E-003  1.376900889058E+001 -5.780982495626E+002  1.977427150663E+004
  7.762248292776E-003  1.361013724238E+001 -5.726671001360E+002  1.956564232329E+004
  8.043444115654E-003  1.344987641111E+001 -5.671948772630E+002  1.935589384612E+004
  8.329724304602E-003  1.328829003524E+001 -5.616839033566E+002  1.914513070639E+004
  8.621094568555E-003  1.312544172149E+001 -5.561364883049E+002  1.893345664710E+004
  8.917560720438E-003  1.296139500506E+001 -5.505549277431E+002  1.872097443514E+004
  9.219128677417E-003  1.279621331072E+001 -5.449415013709E+002  1.850778577578E+004
  9.525804461149E-003  1.262995991464E+001 -5.392984713161E+002  1.829399122962E+004
  9.837594198038E-003  1.246269790705E+001 -5.336280805470E+002  1.807969013214E+004
  1.015450411950E-002  1.229449015578E+001 -5.279325513353E+002  1.786498051584E+004
  1.047654056222E-002  1.212539927070E+001 -5.222140837698E+002  1.764995903520E+004
  1.080370996845E-002  1.195548756905E+001 -5.164748543241E+002  1.743472089433E+004
  1.113601888623E-002  1.178481704175E+001 -5.107170144773E+002  1.721935977762E+004
  1.147347396972E-002  1.161344932065E+001 -5.049426893908E+002  1.700396778322E+004
  1.181608197948E-002  1.144144564678E+001 -4.991539766417E+002  1.678863535960E+004
  1.216384978272E-002  1.126886683958E+001 -4.933529450128E+002  1.657345124515E+004
  1.251678435364E-002  1.109577326723E+001 -4.875416333412E+002  1.635850241080E+004
  1.287489277369E-002  1.092222481789E+001 -4.817220494258E+002  1.614387400595E+004
  1.323818223191E-002  1.074828087210E+001 -4.758961689936E+002  1.592964930740E+004
  1.360666002522E-002  1.057400027621E+001 -4.700659347269E+002  1.571590967163E+004
  1.398033355872E-002  1.039944131685E+001 -4.642332553498E+002  1.550273449020E+004
  1.435921034603E-002  1.022466169649E+001 -4.584000047757E+002  1.529020114852E+004
  1.474329800963E-002  1.004971851009E+001 -4.525680213150E+002  1.507838498782E+004
  1.513260428113E-002  9.874668222801E+000 -4.467391069441E+002  1.486735927035E+004
  1.552713700165E-002  9.699566648791E+000 -4.409150266344E+002  1.465719514800E+004
  1.592690412217E-002  9.524468931105E+000 -4.350975077420E+002  1.444796163401E+004
  1.633191370382E-002  9.349429522621E+000 -4.292882394572E+002  1.423972557812E+004
  1.674217391826E-002  9.174502168075E+000 -4.234888723139E+002  1.403255164483E+004
  1.715769304806E-002  8.999739887141E+000 -4.177010177584E+002  1.382650229496E+004
  1.757847948698E-002  8.825194958567E+000 -4.119262477761E+002  1.362163777040E+004
  1.800454174044E-002  8.650918905359E+000 -4.061660945771E+002  1.341801608204E+004
  1.843588842578E-002  8.476962480982E+000 -4.004220503379E+002  1.321569300077E+004
  1.887252827273E-002  8.303375656591E+000 -3.946955670002E+002  1.301472205172E+004
  1.931447012370E-002  8.130207609247E+000 -3.889880561243E+002  1.281515451138E+004
  1.976172293425E-002  7.957506711136E+000 -3.833008887976E+002  1.261703940784E+004
  2.021429577341E-002  7.785320519730E+000 -3.776353955951E+002  1.242042352394E+004
  2.067219782411E-002  7.613695768913E+000 -3.719928665928E+002  1.222535140332E+004
  2.113543838356E-002  7.442678361024E+000 -3.663745514313E+002  1.203186535924E+004
  2.160402686371E-002  7.272313359799E+000 -3.607816594288E+002  1.184000548627E+004
  2.207797279156E-002  7.102644984200E+000 -3.552153597418E+002  1.164980967454E+004
  2.255728580967E-002  6.933716603093E+000 -3.496767815726E+002  1.146131362673E+004
  2.304197567655E-002  6.765570730764E+000 -3.441670144214E+002  1.127455087746E+004
  2.353205226706E-002  6.598249023235E+000 -3.386871083817E+002  1.108955281532E+004
  2.402752557287E-002  6.431792275353E+000 -3.332380744776E+002  1.090634870708E+004
  2.452840570292E-002  6.266240418643E+000 -3.278208850410E+002  1.072496572431E+004
  2.503470288379E-002  6.101632519872E+000 -3.224364741268E+002  1.054542897221E+004
  2.554642746023E-002  5.938006780314E+000 -3.170857379652E+002  1.036776152042E+004
  2.606358989558E-002  5.775400535673E+000 -3.117695354482E+002  1.019198443602E+004
  2.658620077221E-002  5.613850256654E+000 -3.064886886492E+002  1.001811681833E+004
  2.711427079202E-002  5.453391550131E+000 -3.012439833741E+002  9.846175835563E+003
  2.764781077690E-002  5.294059160892E+000 -2.960361697408E+002  9.676176763203E+003
  2.818683166921E-002  5.135886973935E+000 -2.908659627868E+002  9.508133024043E+003
  2.873134453224E-002  4.978908017281E+000 -2.857340431018E+002  9.342056229700E+003
  2.928136055074E-002  4.823154465267E+000 -2.806410574842E+002  9.177956223580E+003
  2.983689103139E-002  4.668657642305E+000 -2.755876196192E+002  9.015841125158E+003
  3.039794740329E-002  4.515448027063E+000 -2.705743107763E+002  8.855717375479E+003
  3.096454121851E-002  4.363555257040E+000 -2.656016805255E+002  8.697589783773E+003
  3.153668415253E-002  4.213008133522E+000 -2.606702474689E+002  8.541461575088E+003
  3.211438800486E-002  4.063834626860E+000 -2.557804999863E+002  8.387334438826E+003
  3.269766469947E-002  3.916061882079E+000 -2.509328969941E+002  8.235208578098E+003
  3.328652628537E-002  3.769716224751E+000 -2.461278687135E+002  8.085082759774E+003
  3.388098493714E-002  3.624823167140E+000 -2.413658174482E+002  7.936954365150E+003
  3.448105295547E-002  3.481407414567E+000 -2.366471183690E+002  7.790819441114E+003
  3.508674276771E-002  3.339492871982E+000 -2.319721203028E+002  7.646672751722E+003
  3.569806692844E-002  3.199102650711E+000 -2.273411465260E+002  7.504507830082E+003
  3.631503812000E-002  3.060259075364E+000 -2.227544955596E+002  7.364317030457E+003
  3.693766915309E-002  2.922983690861E+000 -2.182124419634E+002  7.226091580478E+003
  3.756597296732E-002  2.787297269577E+000 -2.137152371306E+002  7.089821633395E+003
  3.819996263183E-002  2.653219818563E+000 -2.092631100778E+002  6.955496320259E+003
  3.883965134583E-002  2.520770586836E+000 -2.048562682314E+002  6.823103801948E+003
  3.948505243923E-002  2.389968072712E+000 -2.004948982080E+002  6.692631320966E+003
  4.013617937323E-002  2.260830031160E+000 -1.961791665878E+002  6.564065252909E+003
  4.079304574093E-002  2.133373481171E+000 -1.919092206784E+002  6.437391157537E+003
  4.145566526792E-002  2.007614713105E+000 -1.876851892703E+002  6.312593829358E+003
  4.212405181296E-002  1.883569296026E+000 -1.835071833800E+002  6.189657347659E+003
  4.279821936853E-002  1.761252084984E+000 -1.793752969813E+002  6.068565125903E+003
  4.347818206155E-002  1.640677228246E+000 -1.752896077237E+002  5.949299960431E+003
  4.416395415396E-002  1.521858174465E+000 -1.712501776357E+002  5.831844078391E+003
  4.485555004336E-002  1.404807679762E+000 -1.672570538135E+002  5.716179184837E+003
  4.555298426375E-002  1.289537814724E+000 -1.633102690928E+002  5.602286508939E+003
  4.625627148608E-002  1.176059971301E+000 -1.594098427044E+002  5.490146849241E+003
  4.696542651902E-002  1.064384869597E+000 -1.555557809109E+002  5.379740617914E+003
  4.768046430958E-002  9.545225645468E-001 -1.517480776258E+002  5.271047883954E+003
  4.840139994379E-002  8.464824524738E-001 -1.479867150128E+002  5.164048415283E+003
  4.912824864743E-002  7.402732775214E-001 -1.442716640661E+002  5.058721719697E+003
  4.986102578670E-002  6.359031379565E-001 -1.406028851693E+002  4.955047084629E+003
  5.059974686895E-002  5.333794923416E-001 -1.369803286350E+002  4.853003615689E+003
  5.134442754336E-002  4.327091655730E-001 -1.334039352221E+002  4.752570273941E+003
  5.209508360169E-002  3.338983547853E-001 -1.298736366326E+002  4.653725911900E+003
  5.285173097899E-002  2.369526351216E-001 -1.263893559862E+002  4.556449308200E+003
  5.361438575437E-002  1.418769653708E-001 -1.229510082735E+002  4.460719200935E+003
  5.438306415168E-002  4.867569347425E-002 -1.195585007873E+002  4.366514319632E+003
  5.515778254035E-002 -4.264743809592E-002 -1.162117335312E+002  4.273813415851E+003
  5.593855743605E-002 -1.320892870826E-001 -1.129105996075E+002  4.182595292393E+003
  5.672540550155E-002 -2.196473063091E-001 -1.096549855817E+002  4.092838831105E+003
  5.751834354743E-002 -3.053195386593E-001 -1.064447718264E+002  4.004523019285E+003
  5.831738853289E-002 -3.891046121660E-001 -1.032798328430E+002  3.917626974662E+003
  5.912255756656E-002 -4.710017352010E-001 -1.001600375617E+002  3.832129968975E+003
  5.993386790726E-002 -5.510106917596E-001 -9.708524962127E+001  3.748011450138E+003
  6.075133696481E-002 -6.291318368317E-001 -9.405532762669E+001  3.665251062991E+003
  6.157498230090E-002 -7.053660918504E-001 -9.107012538754E+001  3.583828668663E+003
  6.240482162984E-002 -7.797149402102E-001 -8.812949213555E+001  3.503724362543E+003
  6.324087281946E-002 -8.521804228446E-001 -8.523327272285E+001  3.424918490875E+003
  6.408315389190E-002 -9.227651338528E-001 -8.238130780101E+001  3.347391665998E+003
  6.493168302447E-002 -9.914722161670E-001 -7.957343398153E+001  3.271124780242E+003
  6.578647855056E-002 -1.058305357248E+000 -7.680948397829E+001  3.196099018510E+003
  6.664755896041E-002 -1.123268784799E+000 -7.408928673262E+001  3.122295869553E+003
  6.751494290207E-002 -1.186367262488E+000 -7.141266752152E+001  3.049697135985E+003
  6.838864918226E-002 -1.247606085665E+000 -6.877944804978E+001  2.978284943046E+003
  6.926869676725E-002 -1.306991077063E+000 -6.618944652669E+001  2.908041746153E+003
  7.015510478375E-002 -1.364528582476E+000 -6.364247772796E+001  2.838950337262E+003
  7.104789251987E-002 -1.420225466400E+000 -6.113835304363E+001  2.770993850084E+003
  7.194707942599E-002 -1.474089107616E+000 -5.867688051279E+001  2.704155764180E+003
  7.285268511573E-002 -1.526127394726E+000 -5.625786484566E+001  2.638419907972E+003
  7.376472936684E-002 -1.576348721608E+000 -5.388110743410E+001  2.573770460709E+003
  7.468323212221E-002 -1.624761982793E+000 -5.154640635105E+001  2.510191953433E+003
  7.560821349078E-002 -1.671376568749E+000 -4.925355633990E+001  2.447669268963E+003
  7.653969374850E-002 -1.716202361057E+000 -4.700234879445E+001  2.386187640967E+003
  7.747769333938E-002 -1.759249727481E+000 -4.479257173038E+001  2.325732652134E+003
  7.842223287637E-002 -1.800529516910E+000 -4.262400974891E+001  2.266290231509E+003
  7.937333314243E-002 -1.840053054166E+000 -4.049644399357E+001  2.207846651022E+003
  8.033101509154E-002 -1.877832134669E+000 -3.840965210077E+001  2.150388521260E+003
  8.129529984966E-002 -1.913879018961E+000 -3.636340814507E+001  2.093902786520E+003
  8.226620871580E-002 -1.948206427056E+000 -3.435748257983E+001  2.038376719189E+003
  8.324376316303E-002 -1.980827532632E+000 -3.239164217409E+001  1.983797913500E+003
  8.422798483957E-002 -2.011755957050E+000 -3.046564994638E+001  1.930154278692E+003
  8.521889556978E-002 -2.041005763187E+000 -2.857926509631E+001  1.877434031643E+003
  8.621651735528E-002 -2.068591449086E+000 -2.673224293452E+001  1.825625688991E+003
  8.722087237602E-002 -2.094527941407E+000 -2.492433481181E+001  1.774718058805E+003
  8.823198299134E-002 -2.118830588694E+000 -2.315528804821E+001  1.724700231851E+003
  8.924987174107E-002 -2.141515154424E+000 -2.142484586244E+001  1.675561572473E+003
  9.027456134670E-002 -2.162597809858E+000 -1.973274730265E+001  1.627291709162E+003
  9.130607471240E-002 -2.182095126687E+000 -1.807872717894E+001  1.579880524828E+003
  9.234443492626E-002 -2.200024069462E+000 -1.646251599833E+001  1.533318146827E+003
  9.338966526132E-002 -2.216401987808E+000 -1.488383990262E+001  1.487594936787E+003
  9.444178917683E-002 -2.231246608430E+000 -1.334242060997E+001  1.442701480261E+003
  9.550083031933E-002 -2.244576026905E+000 -1.183797536038E+001  1.398628576249E+003
  9.656681252387E-002 -2.256408699250E+000 -1.037021686584E+001  1.355367226632E+003
  9.763975981519E-002 -2.266763433292E+000 -8.938853265517E+000  1.312908625547E+003
  9.871969640891E-002 -2.275659379811E+000 -7.543588086322E+000  1.271244148734E+003
  9.980664671274E-002 -2.283116023482E+000 -6.184120209453E+000  1.230365342901E+003
  1.009006353277E-001 -2.289153173608E+000 -4.860143843126E+000  1.190263915130E+003
  1.020016870494E-001 -2.293790954651E+000 -3.571348501913E+000  1.150931722349E+003
  1.031098268692E-001 -2.297049796560E+000 -2.317418992975E+000  1.112360760922E+003
  1.042250799756E-001 -2.298950424909E+000 -1.098035409483E+000  1.074543156354E+003
  1.053474717553E-001 -2.299513850843E+000  8.712686854991E-002  1.037471153169E+003
  1.064770277946E-001 -2.298761360840E+000  1.238397165789E+000  1.001137104959E+003
  1.076137738809E-001 -2.296714506301E+000  2.356109495277E+000  9.655334646503E+002
  1.087577360036E-001 -2.293395092964E+000  3.440602534168E+000  9.306527749967E+002
  1.099089403557E-001 -2.288825170160E+000  4.492219591362E+000  8.964876593199E+002
  1.110674133350E-001 -2.283027019912E+000  5.511308566963E+000  8.630308125262E+002
  1.122331815458E-001 -2.276023145893E+000  6.498221903504E+000  8.302749924091E+002
  1.134062717995E-001 -2.267836262241E+000  7.453316528895E+000  7.982130112577E+002
  1.145867111168E-001 -2.258489282250E+000  8.376953791121E+000  7.668377277853E+002
  1.157745267286E-001 -2.248005306946E+000  9.269499384692E+000  7.361420393925E+002
  1.169697460775E-001 -2.236407613549E+000  1.013132326893E+001  7.061188747756E+002
  1.181723968193E-001 -2.223719643845E+000  1.096279957813E+001  6.767611868929E+002
  1.193825068243E-001 -2.209964992467E+000  1.176430652383E+001  6.480619462961E+002
  1.206001041787E-001 -2.195167395104E+000  1.253622628909E+001  6.200141348365E+002
  1.218252171865E-001 -2.179350716645E+000  1.327894491523E+001  5.926107397507E+002
  1.230578743703E-001 -2.162538939269E+000  1.399285218100E+001  5.658447481330E+002
  1.242981044731E-001 -2.144756150500E+000  1.467834147443E+001  5.397091417963E+002
  1.255459364600E-001 -2.126026531229E+000  1.533580965769E+001  5.141968925248E+002
  1.268013995194E-001 -2.106374343719E+000  1.596565692503E+001  4.893009577206E+002
  1.280645230647E-001 -2.085823919608E+000  1.656828665428E+001  4.650142764426E+002
  1.293353367356E-001 -2.064399647920E+000  1.714410525195E+001  4.413297658373E+002
  1.306138704000E-001 -2.042125963095E+000  1.769352199243E+001  4.182403179602E+002
  1.319001541553E-001 -2.019027333047E+000  1.821694885154E+001  3.957387969821E+002
  1.331942183303E-001 -1.995128247276E+000  1.871480033467E+001  3.738180367782E+002
  1.344960934863E-001 -1.970453205026E+000  1.918749329998E+001  3.524708388935E+002
  1.358058104191E-001 -1.945026703518E+000  1.963544677696E+001  3.316899708777E+002
  1.371234001607E-001 -1.918873226260E+000  2.005908178063E+001  3.114681649828E+002
  1.384488939805E-001 -1.892017231447E+000  2.045882112190E+001  2.917981172167E+002
  1.397823233874E-001 -1.864483140474E+000  2.083508921433E+001  2.726724867400E+002
  1.411237201313E-001 -1.836295326548E+000  2.118831187777E+001  2.540838956016E+002
  1.424731162050E-001 -1.807478103441E+000  2.151891613917E+001  2.360249287976E+002
  1.438305438454E-001 -1.778055714369E+000  2.182733003103E+001  2.184881346464E+002
  1.451960355357E-001 -1.748052321024E+000  2.211398238783E+001  2.014660254665E+002
  1.465696240072E-001 -1.717491992759E+000  2.237930264086E+001  1.849510785449E+002
  1.479513422405E-001 -1.686398695946E+000  2.262372061188E+001  1.689357373849E+002
  1.493412234681E-001 -1.654796283502E+000  2.284766630580E+001  1.534124132183E+002
  1.507393011753E-001 -1.622708484611E+000  2.305156970311E+001  1.383734867707E+002
  1.521456091027E-001 -1.590158894634E+000  2.323586055212E+001  1.238113102642E+002
  1.535601812478E-001 -1.557170965222E+000  2.340096816152E+001  1.097182096461E+002
  1.549830518669E-001 -1.523767994646E+000  2.354732119372E+001  9.608648702633E+001
  1.564142554766E-001 -1.489973118340E+000  2.367534745915E+001  8.290842331188E+001
  1.578538268564E-001 -1.455809299674E+000  2.378547371203E+001  7.017628102276E+001
  1.593018010499E-001 -1.421299320951E+000  2.387812544786E+001  5.788230727481E+001
  1.607582133673E-001 -1.386465774661E+000  2.395372670305E+001  4.601873691523E+001
  1.622230993867E-001 -1.351331054955E+000  2.401269985698E+001  3.457779579614E+001
  1.636964949568E-001 -1.315917349392E+000  2.405546543677E+001  2.355170417183E+001
  1.651784361984E-001 -1.280246630925E+000  2.408244192517E+001  1.293268020519E+001
  1.666689595063E-001 -1.244340650155E+000  2.409404557174E+001  2.712943569406E+000
  1.681681015517E-001 -1.208220927839E+000  2.409069020771E+001 -7.115280869432E+000
  1.696758992842E-001 -1.171908747678E+000  2.407278706473E+001 -1.655975930228E+001
  1.711923899335E-001 -1.135425149357E+000  2.404074459779E+001 -2.562824517340E+001
  1.727176110118E-001 -1.098790921872E+000  2.399496831252E+001 -3.432847533609E+001
  1.742516003158E-001 -1.062026597120E+000  2.393586059712E+001 -4.266816618082E+001
  1.757943959287E-001 -1.025152443771E+000  2.386382055917E+001 -5.065500974840E+001
  1.773460362227E-001 -9.881884614063E-001  2.377924386742E+001 -5.829666984040E+001
  1.789065598608E-001 -9.511543749476E-001  2.368252259883E+001 -6.560077813857E+001
  1.804760057990E-001 -9.140696293481E-001  2.357404509097E+001 -7.257493034485E+001
  1.820544132889E-001 -8.769533845686E-001  2.345419580001E+001 -7.922668235266E+001
  1.836418218792E-001 -8.398245108256E-001  2.332335516428E+001 -8.556354646033E+001
  1.852382714189E-001 -8.027015841142E-001  2.318189947371E+001 -9.159298763636E+001
  1.868438020586E-001 -7.656028820032E-001  2.303020074512E+001 -9.732241984633E+001
  1.884584542535E-001 -7.285463797003E-001  2.286862660346E+001 -1.027592024505E+002
  1.900822687655E-001 -6.915497463859E-001  2.269754016918E+001 -1.079106366802E+002
  1.917152866652E-001 -6.546303418114E-001  2.251729995162E+001 -1.127839622021E+002
  1.933575493349E-001 -6.178052131596E-001  2.232825974859E+001 -1.173863537765E+002
  1.950090984705E-001 -5.810910921638E-001  2.213076855216E+001 -1.217249180174E+002
  1.966699760840E-001 -5.445043924816E-001  2.192517046059E+001 -1.258066902612E+002
  1.983402245061E-001 -5.080612073189E-001  2.171180459646E+001 -1.296386315489E+002
  2.000198863884E-001 -4.717773073009E-001  2.149100503102E+001 -1.332276257277E+002
  2.017090047061E-001 -4.356681385833E-001  2.126310071462E+001 -1.365804766775E+002
  2.034076227605E-001 -3.997488212017E-001  2.102841541331E+001 -1.397039056647E+002
  2.051157841813E-001 -3.640341476512E-001  2.078726765148E+001 -1.426045488301E+002
  2.068335329293E-001 -3.285385816929E-001  2.053997066046E+001 -1.452889548110E+002
  2.085609132993E-001 -2.932762573804E-001  2.028683233306E+001 -1.477635825024E+002
  2.102979699219E-001 -2.582609783017E-001  2.002815518396E+001 -1.500347989590E+002
  2.120447477670E-001 -2.235062170300E-001  1.976423631580E+001 -1.521088774393E+002
  2.138012921459E-001 -1.890251147765E-001  1.949536739086E+001 -1.539919955941E+002
  2.155676487143E-001 -1.548304812417E-001  1.922183460835E+001 -1.556902337994E+002
  2.173438634747E-001 -1.209347946559E-001  1.894391868696E+001 -1.572095736345E+002
  2.191299827795E-001 -8.735020200453E-002  1.866189485274E+001 -1.585558965052E+002
  2.209260533334E-001 -5.408851943130E-002  1.837603283207E+001 -1.597349824117E+002
  2.227321221965E-001 -2.116123281298E-002  1.808659684956E+001 -1.607525088607E+002
  2.245482367870E-001  1.142050150094E-002  1.779384563078E+001 -1.616140499196E+002
  2.263744448840E-001  4.364585578998E-002  1.749803240968E+001 -1.623250754120E+002
  2.282107946304E-001  7.550432991222E-002  1.719940494037E+001 -1.628909502528E+002
  2.300573345358E-001  1.069857501081E-001  1.689820551335E+001 -1.633169339192E+002
  2.319141134796E-001  1.380802676651E-001  1.659467097578E+001 -1.636081800571E+002
  2.337811807137E-001  1.687783574490E-001  1.628903275580E+001 -1.637697362185E+002
  2.356585858657E-001  1.990708163087E-001  1.598151689056E+001 -1.638065437270E+002
  2.375463789419E-001  2.289487613608E-001  1.567234405790E+001 -1.637234376687E+002
  2.394446103301E-001  2.584036281586E-001  1.536172961142E+001 -1.635251470043E+002
  2.413533308032E-001  2.874271687543E-001  1.504988361886E+001 -1.632162947991E+002
  2.432725915217E-001  3.160114496567E-001  1.473701090346E+001 -1.628013985658E+002
  2.452024440374E-001  3.441488496934E-001  1.442331108823E+001 -1.622848707175E+002
  2.471429402963E-001  3.718320577809E-001  1.410897864291E+001 -1.616710191251E+002
  2.490941326418E-001  3.990540706094E-001  1.379420293346E+001 -1.609640477762E+002
  2.510560738180E-001  4.258081902462E-001  1.347916827385E+001 -1.601680575286E+002
  2.530288169732E-001  4.520880216643E-001  1.316405397999E+001 -1.592870469567E+002
  2.550124156627E-001  4.778874702003E-001  1.284903442573E+001 -1.583249132834E+002
  2.570069238527E-001  5.032007389457E-001  1.253427910053E+001 -1.572854533942E+002
  2.590123959233E-001  5.280223260782E-001  1.221995266889E+001 -1.561723649282E+002
  2.610288866721E-001  5.523470221353E-001  1.190621503119E+001 -1.549892474415E+002
  2.630564513176E-001  5.761699072353E-001  1.159322138584E+001 -1.537396036369E+002
  2.650951455027E-001  5.994863482497E-001  1.128112229261E+001 -1.524268406568E+002
  2.671450252982E-001  6.222919959305E-001  1.097006373693E+001 -1.510542714334E+002
  2.692061472063E-001  6.445827819967E-001  1.066018719510E+001 -1.496251160909E+002
  2.712785681644E-001  6.663549161818E-001  1.035162970011E+001 -1.481425033963E+002
  2.733623455485E-001  6.876048832478E-001  1.004452390817E+001 -1.466094722531E+002
  2.754575371771E-001  7.083294399661E-001  9.738998165516E+000 -1.450289732332E+002
  2.775642013146E-001  7.285256120702E-001  9.435176575721E+000 -1.434038701432E+002
  2.796823966754E-001  7.481906911815E-001  9.133179067031E+000 -1.417369416203E+002
  2.818121824272E-001  7.673222317113E-001  8.833121459882E+000 -1.400308827524E+002
  2.839536181956E-001  7.859180477408E-001  8.535115534357E+000 -1.382883067207E+002
  2.861067640671E-001  8.039762098806E-001  8.239269097519E+000 -1.365117464577E+002
  2.882716805935E-001  8.214950421130E-001  7.945686050511E+000 -1.347036563187E+002
  2.904484287958E-001  8.384731186170E-001  7.654466455351E+000 -1.328664137623E+002
  2.926370701682E-001  8.549092605790E-001  7.365706601319E+000 -1.310023210365E+002
  2.948376666818E-001  8.708025329886E-001  7.079499070870E+000 -1.291136068654E+002
  2.970502807892E-001  8.861522414232E-001  6.795932804995E+000 -1.272024281362E+002
  2.992749754281E-001  9.009579288193E-001  6.515093167977E+000 -1.252708715795E+002
  3.015118140259E-001  9.152193722345E-001  6.237062011459E+000 -1.233209554430E+002
  3.037608605035E-001  9.289365795976E-001  5.961917737801E+000 -1.213546311537E+002
  3.060221792797E-001  9.421097864507E-001  5.689735362649E+000 -1.193737849671E+002
  3.082958352758E-001  9.547394526806E-001  5.420586576697E+000 -1.173802395999E+002
  3.105818939192E-001  9.668262592416E-001  5.154539806595E+000 -1.153757558445E+002
  3.128804211487E-001  9.783711048703E-001  4.891660274969E+000 -1.133620341625E+002
  3.151914834180E-001  9.893751027900E-001  4.632010059536E+000 -1.113407162563E+002
  3.175151477009E-001  9.998395774076E-001  4.375648151291E+000 -1.093133866147E+002
  3.198514814953E-001  1.009766061001E+000  4.122630511749E+000 -1.072815740335E+002
  3.222005528283E-001  1.019156290399E+000  3.873010129224E+000 -1.052467531075E+002
  3.245624302601E-001  1.028012203646E+000  3.626837074162E+000 -1.032103456930E+002
  3.269371828894E-001  1.036335936667E+000  3.384158553492E+000 -1.011737223410E+002
  3.293248803576E-001  1.044129819914E+000  3.145018964031E+000 -9.913820369701E+001
  3.317255928537E-001  1.051396375005E+000  2.909459944923E+000 -9.710506186998E+001
  3.341393911192E-001  1.058138311352E+000  2.677520429140E+000 -9.507552176700E+001
  3.365663464529E-001  1.064358522779E+000  2.449236694044E+000 -9.305076239438E+001
  3.390065307159E-001  1.070060084124E+000  2.224642411039E+000 -9.103191812432E+001
  3.414600163363E-001  1.075246247836E+000  2.003768694319E+000 -8.902007992678E+001
  3.439268763145E-001  1.079920440550E+000  1.786644148751E+000 -8.701629656634E+001
  3.464071842282E-001  1.084086259656E+000  1.573294916895E+000 -8.502157576397E+001
  3.489010142374E-001  1.087747469852E+000  1.363744725214E+000 -8.303688532367E+001
  3.514084410898E-001  1.090907999682E+000  1.158014929477E+000 -8.106315422415E+001
  3.539295401259E-001  1.093571938058E+000  9.561245594059E-001 -7.910127367579E+001
  3.564643872842E-001  1.095743530771E+000  7.580903625853E-001 -7.715209814308E+001
  3.590130591069E-001  1.097427176985E+000  5.639268476765E-001 -7.521644633312E+001
  3.615756327448E-001  1.098627425711E+000  3.736463269650E-001 -7.329510215066E+001
  3.641521859632E-001  1.099348972273E+000  1.872589582794E-001 -7.138881562009E+001
  3.667427971473E-001  1.099596654752E+000  4.772786317288E-003 -6.949830377529E+001
  3.693475453076E-001  1.099375450415E+000 -1.738062165855E-001 -6.762425151796E+001
  3.719665100860E-001  1.098690472131E+000 -3.484741102063E-001 -6.576731244513E+001
  3.745997717609E-001  1.097546964764E+000 -5.192289466694E-001 -6.392810964690E+001
  3.772474112534E-001  1.095950301556E+000 -6.860707311270E-001 -6.210723647514E+001
  3.799095101331E-001  1.093905980493E+000 -8.490013828503E-001 -6.030525728418E+001
  3.825861506238E-001  1.091419620652E+000 -1.008024696695E+000 -5.852270814446E+001
  3.852774156096E-001  1.088496958535E+000 -1.163146304906E+000 -5.676009753013E+001
  3.879833886411E-001  1.085143844390E+000 -1.314373639228E+000 -5.501790698167E+001
  3.907041539409E-001  1.081366238510E+000 -1.461715893285E+000 -5.329659174466E+001
  3.934397964105E-001  1.077170207529E+000 -1.605183985198E+000 -5.159658138556E+001
  3.961904016361E-001  1.072561920694E+000 -1.744790520420E+000 -4.991828038594E+001
  3.989560558949E-001  1.067547646134E+000 -1.880549754732E+000 -4.826206871593E+001
  4.017368461617E-001  1.062133747108E+000 -2.012477557403E+000 -4.662830238824E+001
  4.045328601149E-001  1.056326678251E+000 -2.140591374466E+000 -4.501731399365E+001
  4.073441861437E-001  1.050132981803E+000 -2.264910192092E+000 -4.342941321929E+001
  4.101709133538E-001  1.043559283835E+000 -2.385454500036E+000 -4.186488735059E+001
  4.130131315750E-001  1.036612290466E+000 -2.502246255137E+000 -4.032400175811E+001
  4.158709313670E-001  1.029298784070E+000 -2.615308844845E+000 -3.880700037022E+001
  4.187444040269E-001  1.021625619487E+000 -2.724667050768E+000 -3.731410613273E+001
  4.216336415958E-001  1.013599720219E+000 -2.830347012211E+000 -3.584552145649E+001
  4.245387368658E-001  1.005228074637E+000 -2.932376189694E+000 -3.440142865380E+001
  4.274597833869E-001  9.965177321772E-001 -3.030783328448E+000 -3.298199036484E+001
  4.303968754741E-001  9.874757995458E-001 -3.125598421866E+000 -3.158734997478E+001
  4.333501082151E-001  9.781094369228E-001 -3.216852674903E+000 -3.021763202261E+001
  4.363195774768E-001  9.684258541737E-001 -3.304578467426E+000 -2.887294260260E+001
  4.393053799131E-001  9.584323070667E-001 -3.388809317499E+000 -2.755336975897E+001
  4.423076129724E-001  9.481360934992E-001 -3.469579844605E+000 -2.625898387482E+001
  4.453263749047E-001  9.375445497349E-001 -3.546925732813E+000 -2.498983805590E+001
  4.483617647698E-001  9.266650466544E-001 -3.620883693873E+000 -2.374596850993E+001
  4.514138824444E-001  9.155049860203E-001 -3.691491430256E+000 -2.252739492219E+001
  4.544828286302E-001  9.040717967590E-001 -3.758787598142E+000 -2.133412082788E+001
  4.575687048617E-001  8.923729312626E-001 -3.822811770362E+000 -2.016613398200E+001
  4.606716135142E-001  8.804158617110E-001 -3.883604399293E+000 -1.902340672705E+001
  4.637916578118E-001  8.682080764189E-001 -3.941206779733E+000 -1.790589635922E+001
  4.669289418353E-001  8.557570762070E-001 -3.995661011759E+000 -1.681354549338E+001
  4.700835705309E-001  8.430703708021E-001 -4.047009963574E+000 -1.574628242738E+001
  4.732556497182E-001  8.301554752674E-001 -4.095297234376E+000 -1.470402150591E+001
  4.764452860985E-001  8.170199064644E-001 -4.140567117239E+000 -1.368666348423E+001
  4.796525872639E-001  8.036711795501E-001 -4.182864562056E+000 -1.269409589220E+001
  4.828776617050E-001  7.901168045111E-001 -4.222235138533E+000 -1.172619339857E+001
  4.861206188205E-001  7.763642827358E-001 -4.258724999266E+000 -1.078281817596E+001
  4.893815689254E-001  7.624211036287E-001 -4.292380842928E+000 -9.863820266558E+000
  4.926606232602E-001  7.482947412677E-001 -4.323249877576E+000 -8.969037948646E+000
  4.959578939999E-001  7.339926511067E-001 -4.351379784107E+000 -8.098298104066E+000
  4.992734942630E-001  7.195222667264E-001 -4.376818679884E+000 -7.251416586654E+000
  5.026075381207E-001  7.048909966334E-001 -4.399615082556E+000 -6.428198591629E+000
  5.059601406064E-001  6.901062211127E-001 -4.419817874102E+000 -5.628439025936E+000
  5.093314177250E-001  6.751752891323E-001 -4.437476265113E+000 -4.851922879460E+000
  5.127214864626E-001  6.601055153040E-001 -4.452639759346E+000 -4.098425597036E+000
  5.161304647959E-001  6.449041769016E-001 -4.465358118577E+000 -3.367713451140E+000
  5.195584717022E-001  6.295785109379E-001 -4.475681327770E+000 -2.659543915119E+000
  5.230056271692E-001  6.141357113031E-001 -4.483659560596E+000 -1.973666036782E+000
  5.264720522050E-001  5.985829259652E-001 -4.489343145326E+000 -1.309820812188E+000
  5.299578688483E-001  5.829272542350E-001 -4.492782531123E+000 -6.677415593962E-001
  5.334632001783E-001  5.671757440966E-001 -4.494028254757E+000 -4.715429196648E-002
  5.369881703256E-001  5.513353896048E-001 -4.493130907779E+000  5.522219080405E-001
  5.405329044823E-001  5.354131283518E-001 -4.490141104158E+000  1.130674517827E+000
  5.440975289128E-001  5.194158390026E-001 -4.485109448435E+000  1.688497202657E+000
  5.476821709641E-001  5.033503389018E-001 -4.478086504388E+000  2.225989445986E+000
  5.512869590774E-001  4.872233817529E-001 -4.469122764261E+000  2.743456181203E+000
  5.549120227985E-001  4.710416553698E-001 -4.458268618555E+000  3.241207425316E+000
  5.585574927889E-001  4.548117795032E-001 -4.445574326422E+000  3.719557914872E+000
  5.622235008375E-001  4.385403037410E-001 -4.431089986671E+000  4.178826744445E+000
  5.659101798716E-001  4.222337054849E-001 -4.414865509421E+000  4.619337008017E+000
  5.696176639685E-001  4.058983880026E-001 -4.396950588406E+000  5.041415443565E+000
  5.733460883672E-001  3.895406785575E-001 -4.377394673966E+000  5.445392081202E+000
  5.770955894803E-001  3.731668266147E-001 -4.356246946724E+000  5.831599895176E+000
  5.808663049055E-001  3.567830021249E-001 -4.333556291994E+000  6.200374460078E+000
  5.846583734383E-001  3.403952938865E-001 -4.309371274905E+000  6.552053611559E+000
  5.884719350837E-001  3.240097079849E-001 -4.283740116281E+000  6.886977111888E+000
  5.923071310690E-001  3.076321663100E-001 -4.256710669278E+000  7.205486320660E+000
  5.961641038558E-001  2.912685051518E-001 -4.228330396796E+000  7.507923870956E+000
  6.000429971532E-001  2.749244738737E-001 -4.198646349674E+000  7.794633351266E+000
  6.039439559304E-001  2.586057336631E-001 -4.167705145688E+000  8.065958993449E+000
  6.078671264295E-001  2.423178563592E-001 -4.135552949348E+000  8.322245367018E+000
  6.118126561791E-001  2.260663233584E-001 -4.102235452510E+000  8.563837080025E+000
  6.157806940069E-001  2.098565245945E-001 -4.067797855815E+000  8.791078486790E+000
  6.197713900541E-001  1.936937575958E-001 -4.032284850946E+000  9.004313402737E+000
  6.237848957880E-001  1.775832266165E-001 -3.995740603724E+000  9.203884826554E+000
  6.278213640166E-001  1.615300418426E-001 -3.958208738036E+000  9.390134669907E+000
  6.318809489022E-001  1.455392186708E-001 -3.919732320596E+000  9.563403494915E+000
  6.359638059756E-001  1.296156770600E-001 -3.880353846547E+000  9.724030259562E+000
  6.400700921502E-001  1.137642409542E-001 -3.840115225899E+000  9.872352071248E+000
  6.441999657370E-001  9.798963777536E-002 -3.799057770804E+000  1.000870394861E+001
  6.483535864586E-001  8.229649798554E-002 -3.757222183654E+000  1.013341859179E+001
  6.525311154647E-001  6.668935471686E-002 -3.714648546019E+000  1.024682616124E+001
  6.567327153465E-001  5.117264346800E-002 -3.671376308401E+000  1.034925406522E+001
  6.609585501525E-001  3.575070186579E-002 -3.627444280800E+000  1.044102675607E+001
  6.652087854034E-001  2.042776949064E-002 -3.582890624097E+000  1.052246553530E+001
  6.694835881080E-001  5.207987764182E-003 -3.537752842227E+000  1.059388836764E+001
  6.737831267789E-001 -9.904600102383E-003 -3.492067775152E+000  1.065560970402E+001
  6.781075714485E-001 -2.490604910074E-002 -3.445871592604E+000  1.070794031356E+001
  6.824570936852E-001 -3.979251236045E-002 -3.399199788599E+000  1.075118712455E+001
  6.868318666096E-001 -5.456024102804E-002 -3.352087176706E+000  1.078565307452E+001
  6.912320649114E-001 -6.920558409205E-002 -3.304567886053E+000  1.081163696917E+001
  6.956578648660E-001 -8.372498815555E-002 -3.256675358062E+000  1.082943335042E+001
  7.001094443516E-001 -9.811499715812E-002 -3.208442343898E+000  1.083933237325E+001
  7.045869828664E-001 -1.123722520490E-001 -3.159900902601E+000  1.084161969149E+001
  7.090906615461E-001 -1.264934904130E-001 -3.111082399909E+000  1.083657635236E+001
  7.136206631812E-001 -1.404755460518E-001 -3.062017507734E+000  1.082447869967E+001
  7.181771722357E-001 -1.543153485212E-001 -3.012736204277E+000  1.080559828571E+001
  7.227603748644E-001 -1.680099226270E-001 -2.963267774775E+000  1.078020179153E+001
  7.273704589315E-001 -1.815563878823E-001 -2.913640812841E+000  1.074855095561E+001
  7.320076140295E-001 -1.949519579252E-001 -2.863883222395E+000  1.071090251073E+001
  7.366720314977E-001 -2.081939399025E-001 -2.814022220156E+000  1.066750812894E+001
  7.413639044413E-001 -2.212797338180E-001 -2.764084338675E+000  1.061861437436E+001
  7.460834277508E-001 -2.342068318495E-001 -2.714095429889E+000  1.056446266379E+001
  7.508307981215E-001 -2.469728176349E-001 -2.664080669180E+000  1.050528923478E+001
  7.556062140732E-001 -2.595753655301E-001 -2.614064559903E+000  1.044132512115E+001
  7.604098759705E-001 -2.720122398404E-001 -2.564070938382E+000  1.037279613559E+001
  7.652419860431E-001 -2.842812940263E-001 -2.514122979331E+000  1.029992285923E+001
  7.701027484060E-001 -2.963804698870E-001 -2.464243201688E+000  1.022292063802E+001
  7.749923690810E-001 -3.083077967220E-001 -2.414453474849E+000  1.014199958548E+001
  7.799110560171E-001 -3.200613904727E-001 -2.364775025255E+000  1.005736459190E+001
  7.848590191124E-001 -3.316394528469E-001 -2.315228443336E+000  9.969215339482E+000
  7.898364702358E-001 -3.430402704260E-001 -2.265833690776E+000  9.877746323378E+000
  7.948436232486E-001 -3.542622137575E-001 -2.216610108077E+000  9.783146878272E+000
  7.998806940270E-001 -3.653037364348E-001 -2.167576422407E+000  9.685601210327E+000
  8.049479004846E-001 -3.761633741645E-001 -2.118750755704E+000  9.585288434214E+000
  8.100454625952E-001 -3.868397438239E-001 -2.070150633015E+000  9.482382615004E+000
  8.151736024160E-001 -3.973315425095E-001 -2.021792991062E+000  9.377052814649E+000
  8.203325441110E-001 -4.076375465776E-001 -1.973694186987E+000  9.269463142820E+000
  8.255225139746E-001 -4.177566106792E-001 -1.925870007286E+000  9.159772811845E+000
  8.307437404560E-001 -4.276876667896E-001 -1.878335676895E+000  9.048136195496E+000
  8.359964541833E-001 -4.374297232345E-001 -1.831105868405E+000  8.934702891388E+000
  8.412808879885E-001 -4.469818637131E-001 -1.784194711404E+000  8.819617786722E+000
  8.465972769320E-001 -4.563432463202E-001 -1.737615801911E+000  8.703021127147E+000
  8.519458583285E-001 -4.655131025672E-001 -1.691382211894E+000  8.585048588491E+000
  8.573268717726E-001 -4.744907364043E-001 -1.645506498843E+000  8.465831351121E+000
  8.627405591648E-001 -4.832755232435E-001 -1.600000715404E+000  8.345496176685E+000
  8.681871647376E-001 -4.918669089845E-001 -1.554876419024E+000  8.224165487037E+000
  8.736669350829E-001 -5.002644090429E-001 -1.510144681626E+000  8.101957445070E+000
  8.791801191785E-001 -5.084676073829E-001 -1.465816099273E+000  7.978986037276E+000
  8.847269684160E-001 -5.164761555542E-001 -1.421900801818E+000  7.855361157785E+000
  8.903077366283E-001 -5.242897717344E-001 -1.378408462532E+000  7.731188693694E+000
  8.959226801184E-001 -5.319082397764E-001 -1.335348307673E+000  7.606570611454E+000
  9.015720576873E-001 -5.393314082628E-001 -1.292729126019E+000  7.481605044132E+000
  9.072561306635E-001 -5.465591895662E-001 -1.250559278319E+000  7.356386379350E+000
  9.129751629322E-001 -5.535915589176E-001 -1.208846706674E+000  7.231005347708E+000
  9.187294209652E-001 -5.604285534812E-001 -1.167598943827E+000  7.105549111503E+000
  9.245191738511E-001 -5.670702714370E-001 -1.126823122350E+000  6.980101353596E+000
  9.303446933257E-001 -5.735168710725E-001 -1.086525983733E+000  6.854742366219E+000
  9.362062538036E-001 -5.797685698807E-001 -1.046713887350E+000  6.729549139601E+000
  9.421041324088E-001 -5.858256436677E-001 -1.007392819301E+000  6.604595450230E+000
  9.480386090075E-001 -5.916884256684E-001 -9.685684011275E-001  6.479951948628E+000
  9.540099662399E-001 -5.973573056698E-001 -9.302458983866E-001  6.355686246484E+000
  9.600184895530E-001 -6.028327291438E-001 -8.924302290861E-001  6.231863003025E+000
  9.660644672342E-001 -6.081151963873E-001 -8.551259719681E-001  6.108544010498E+000
  9.721481904447E-001 -6.132052616708E-001 -8.183373746428E-001  5.985788278653E+000
  9.782699532537E-001 -6.181035323956E-001 -7.820683615640E-001  5.863652118110E+000
  9.844300526731E-001 -6.228106682582E-001 -7.463225418472E-001  5.742189222521E+000
  9.906287886927E-001 -6.273273804223E-001 -7.111032169240E-001  5.621450749433E+000
  9.968664643158E-001 -6.316544306991E-001 -6.764133880332E-001  5.501485399760E+000
  1.003143385595E+000 -6.357926307339E-001 -6.422557635466E-001  5.382339495798E+000
  1.009459861670E+000 -6.397428411998E-001 -6.086327661276E-001  5.264057057701E+000
  1.015816204803E+000 -6.435059709981E-001 -5.755465397237E-001  5.146679878372E+000
  1.022212730417E+000 -6.470829764649E-001 -5.429989563919E-001  5.030247596696E+000
  1.028649757135E+000 -6.504748605827E-001 -5.109916229580E-001  4.914797769080E+000
  1.035127606818E+000 -6.536826721989E-001 -4.795258875107E-001  4.800365939250E+000
  1.041646604604E+000 -6.567075052475E-001 -4.486028457328E-001  4.686985706281E+000
  1.048207078948E+000 -6.595504979770E-001 -4.182233470695E-001  4.574688790811E+000
  1.054809361664E+000 -6.622128321809E-001 -3.883880007385E-001  4.463505099445E+000
  1.061453787962E+000 -6.646957324332E-001 -3.590971815828E-001  4.353462787303E+000
  1.068140696494E+000 -6.670004653259E-001 -3.303510357697E-001  4.244588318731E+000
  1.074870429395E+000 -6.691283387101E-001 -3.021494863400E-001  4.136906526139E+000
  1.081643332322E+000 -6.710807009389E-001 -2.744922386099E-001  4.030440666996E+000
  1.088459754505E+000 -6.728589401118E-001 -2.473787854305E-001  3.925212478966E+000
  1.095320048782E+000 -6.744644833213E-001 -2.208084123085E-001  3.821242233206E+000
  1.102224571653E+000 -6.758987958991E-001 -1.947802023921E-001  3.718548785833E+000
  1.109173683316E+000 -6.771633806640E-001 -1.692930413283E-001  3.617149627595E+000
  1.116167747721E+000 -6.782597771680E-001 -1.443456219942E-001  3.517060931744E+000
  1.123207132611E+000 -6.791895609440E-001 -1.199364491086E-001  3.418297600161E+000
  1.130292209573E+000 -6.799543427501E-001 -9.606384372843E-002  3.320873307754E+000
  1.137423354084E+000 -6.805557678146E-001 -7.272594763557E-002  3.224800545160E+000
  1.144600945560E+000 -6.809955150778E-001 -4.992072761844E-002  3.130090659792E+000
  1.151825367405E+000 -6.812752964320E-001 -2.764597965441E-002  3.036753895272E+000
  1.159097007063E+000 -6.813968559591E-001 -5.899332997934E-003  2.944799429288E+000
  1.166416256069E+000 -6.813619691647E-001  1.532174582013E-002  2.854235409920E+000
  1.173783510095E+000 -6.811724422097E-001  3.601994907682E-002  2.765068990481E+000
  1.181199169012E+000 -6.808301111370E-001  5.619812401966E-002  2.677306362930E+000
  1.188663636935E+000 -6.803368410958E-001  7.585926910222E-002  2.590952789885E+000
  1.196177322279E+000 -6.796945255605E-001  9.500653028759E-002  2.506012635316E+000
  1.203740637818E+000 -6.789050855457E-001  1.136431974146E-001  2.422489393940E+000
  1.211354000735E+000 -6.779704688163E-001  1.317727006219E-001  2.340385719392E+000
  1.219017832681E+000 -6.768926490934E-001  1.493986068248E-001  2.259703451222E+000
  1.226732559833E+000 -6.756736252538E-001  1.665246162401E-001  2.180443640753E+000
  1.234498612950E+000 -6.743154205262E-001  1.831545589547E-001  2.102606575886E+000
  1.242316427433E+000 -6.728200816802E-001  1.992923915333E-001  2.026191804871E+000
  1.250186443388E+000 -6.711896782118E-001  2.149421936602E-001  1.951198159129E+000
  1.258109105679E+000 -6.694263015219E-001  2.301081648124E-001  1.877623775150E+000
  1.266084863999E+000 -6.675320640907E-001  2.447946209591E-001  1.805466115544E+000
  1.274114172926E+000 -6.655090986457E-001  2.590059912837E-001  1.734721989279E+000
  1.282197491990E+000 -6.633595573253E-001  2.727468149261E-001  1.665387571163E+000
  1.290335285734E+000 -6.610856108359E-001  2.860217377399E-001  1.597458420627E+000
  1.298528023786E+000 -6.586894476054E-001  2.988355090633E-001  1.530929499843E+000
  1.306776180919E+000 -6.561732729302E-001  3.111929785002E-001  1.465795191243E+000
  1.315080237120E+000 -6.535393081180E-001  3.230990927078E-001  1.402049314463E+000
  1.323440677664E+000 -6.507897896260E-001  3.345588921898E-001  1.339685142777E+000
  1.331857993175E+000 -6.479269681945E-001  3.455775080925E-001  1.278695419059E+000
  1.340332679704E+000 -6.449531079760E-001  3.561601590010E-001  1.219072371300E+000
  1.348865238797E+000 -6.418704856605E-001  3.663121477352E-001  1.160807727742E+000
  1.357456177571E+000 -6.386813895976E-001  3.760388581429E-001  1.103892731654E+000
  1.366106008782E+000 -6.353881189144E-001  3.853457518895E-001  1.048318155784E+000
  1.374815250909E+000 -6.319929826312E-001  3.942383652427E-001  9.940743165300E-001
  1.383584428224E+000 -6.284982987737E-001  4.027223058521E-001  9.411510878609E-001
  1.392414070872E+000 -6.249063934843E-001  4.108032495225E-001  8.895379150078E-001
  1.401304714948E+000 -6.212196001301E-001  4.184869369808E-001  8.392238279678E-001
  1.410256902580E+000 -6.174402584102E-001  4.257791706367E-001  7.901974548381E-001
  1.419271182008E+000 -6.135707134627E-001  4.326858113362E-001  7.424470350076E-001
  1.428348107668E+000 -6.096133149699E-001  4.392127751104E-001  6.959604322286E-001
  1.437488240275E+000 -6.055704162643E-001  4.453660299172E-001  6.507251475882E-001
  1.446692146911E+000 -6.014443734353E-001  4.511515923787E-001  6.067283323993E-001
  1.455960401104E+000 -5.972375444367E-001  4.565755245151E-001  5.639568010270E-001
  1.465293582927E+000 -5.929522881952E-001  4.616439304750E-001  5.223970436651E-001
  1.474692279079E+000 -5.885909637220E-001  4.663629532636E-001  4.820352390755E-001
  1.484157082978E+000 -5.841559292264E-001  4.707387714720E-001  4.428572673030E-001
  1.493688594856E+000 -5.796495412327E-001  4.747775960059E-001  4.048487223723E-001
  1.503287421848E+000 -5.750741537009E-001  4.784856668189E-001  3.679949249768E-001
  1.512954178094E+000 -5.704321171518E-001  4.818692496491E-001  3.322809351637E-001
  1.522689484827E+000 -5.657257777969E-001  4.849346327636E-001  2.976915650213E-001
  1.532493970480E+000 -5.609574766735E-001  4.876881237107E-001  2.642113913686E-001
  1.542368270780E+000 -5.561295487863E-001  4.901360460836E-001  2.318247684509E-001
  1.552313028853E+000 -5.512443222556E-001  4.922847362971E-001  2.005158406399E-001
  1.562328895326E+000 -5.463041174719E-001  4.941405403798E-001  1.702685551368E-001
  1.572416528431E+000 -5.413112462589E-001  4.957098107841E-001  1.410666746757E-001
  1.582576594115E+000 -5.362680110450E-001  4.969989032165E-001  1.128937902230E-001
  1.592809766145E+000 -5.311767040429E-001  4.980141734910E-001  8.573333366837E-002
  1.603116726218E+000 -5.260396064387E-001  4.987619744073E-001  5.956859049978E-002
  1.613498164078E+000 -5.208589875917E-001  4.992486526583E-001  3.438271245642E-002
  1.623954777622E+000 -5.156371042436E-001  4.994805457662E-001  1.015873015100E-002
  1.634487273025E+000 -5.103761997390E-001  4.994639790537E-001 -1.312043434738E-002
  1.645096364848E+000 -5.050785032578E-001  4.992052626498E-001 -3.547195497951E-002
  1.655782776168E+000 -4.997462290588E-001  4.987106885342E-001 -5.691308922167E-002
  1.666547238688E+000 -4.943815757360E-001  4.979865276230E-001 -7.746116568140E-002
  1.677390492873E+000 -4.889867254876E-001  4.970390268973E-001 -9.713357177487E-002
  1.688313288066E+000 -4.835638433990E-001  4.958744065784E-001 -1.159477414974E-001
  1.699316382620E+000 -4.781150767381E-001  4.944988573505E-001 -1.339211432992E-001
  1.710400544029E+000 -4.726425542657E-001  4.929185376354E-001 -1.510712680791E-001
  1.721566549058E+000 -4.671483855604E-001  4.911395709187E-001 -1.674156173081E-001
  1.732815183877E+000 -4.616346603580E-001  4.891680431330E-001 -1.829716912954E-001
  1.744147244202E+000 -4.561034479055E-001  4.870100000974E-001 -1.977569776106E-001
  1.755563535430E+000 -4.505567963322E-001  4.846714450172E-001 -2.117889396733E-001
  1.767064872781E+000 -4.449967320346E-001  4.821583360446E-001 -2.250850055235E-001
  1.778652081442E+000 -4.394252590789E-001  4.794765839037E-001 -2.376625567846E-001
  1.790325996715E+000 -4.338443586194E-001  4.766320495794E-001 -2.495389178326E-001
  1.802087464166E+000 -4.282559883325E-001  4.736305420748E-001 -2.607313451808E-001
  1.813937339772E+000 -4.226620818689E-001  4.704778162355E-001 -2.712570170944E-001
  1.825876490081E+000 -4.170645483220E-001  4.671795706446E-001 -2.811330234445E-001
  1.837905792365E+000 -4.114652717129E-001  4.637414455887E-001 -2.903763558127E-001
  1.850026134778E+000 -4.058661104939E-001  4.601690210963E-001 -2.990038978569E-001
  1.862238416525E+000 -4.002688970680E-001  4.564678150489E-001 -3.070324159476E-001
  1.874543548019E+000 -3.946754373268E-001  4.526432813676E-001 -3.144785500848E-001
  1.886942451054E+000 -3.890875102055E-001  4.487008082739E-001 -3.213588051032E-001
  1.899436058973E+000 -3.835068672556E-001  4.446457166261E-001 -3.276895421747E-001
  1.912025316845E+000 -3.779352322350E-001  4.404832583331E-001 -3.334869706153E-001
  1.924711181638E+000 -3.723743007159E-001  4.362186148434E-001 -3.387671400028E-001
  1.937494622402E+000 -3.668257397104E-001  4.318568957119E-001 -3.435459326123E-001
  1.950376620452E+000 -3.612911873134E-001  4.274031372438E-001 -3.478390561742E-001
  1.963358169552E+000 -3.557722523631E-001  4.228623012146E-001 -3.516620369600E-001
  1.976440276109E+000 -3.502705141194E-001  4.182392736682E-001 -3.550302131988E-001
  1.989623959360E+000 -3.447875219585E-001  4.135388637906E-001 -3.579587288294E-001
  2.002910251577E+000 -3.393247950864E-001  4.087658028602E-001 -3.604625275893E-001
  2.016300198259E+000 -3.338838222681E-001  4.039247432737E-001 -3.625563474428E-001
  2.029794858340E+000 -3.284660615750E-001  3.990202576472E-001 -3.642547153487E-001
  2.043395304396E+000 -3.230729401479E-001  3.940568379916E-001 -3.655719423694E-001
  2.057102622856E+000 -3.177058539781E-001  3.890388949606E-001 -3.665221191193E-001
  2.070917914217E+000 -3.123661677042E-001  3.839707571728E-001 -3.671191115521E-001
  2.084842293261E+000 -3.070552144252E-001  3.788566706036E-001 -3.673765570858E-001
  2.098876889283E+000 -3.017742955308E-001  3.737007980479E-001 -3.673078610615E-001
  2.113022846310E+000 -2.965246805461E-001  3.685072186523E-001 -3.669261935344E-001
  2.127281323341E+000 -2.913076069936E-001  3.632799275139E-001 -3.662444863918E-001
  2.141653494575E+000 -2.861242802699E-001  3.580228353463E-001 -3.652754307947E-001
  2.156140549656E+000 -2.809758735382E-001  3.527397682093E-001 -3.640314749374E-001
  2.170743693911E+000 -2.758635276356E-001  3.474344673025E-001 -3.625248221196E-001
  2.185464148607E+000 -2.707883509954E-001  3.421105888203E-001 -3.607674291254E-001
  2.200303151197E+000 -2.657514195846E-001  3.367717038662E-001 -3.587710049007E-001
  2.215261955581E+000 -2.607537768550E-001  3.314212984257E-001 -3.565470095251E-001
  2.230341832367E+000 -2.557964337093E-001  3.260627733953E-001 -3.541066534670E-001
  2.245544069142E+000 -2.508803684806E-001  3.206994446663E-001 -3.514608971168E-001
  2.260869970742E+000 -2.460065269266E-001  3.153345432605E-001 -3.486204505877E-001
  2.276320859530E+000 -2.411758222362E-001  3.099712155177E-001 -3.455957737772E-001
  2.291898075679E+000 -2.363891350503E-001  3.046125233316E-001 -3.423970766785E-001
  2.307602977460E+000 -2.316473134957E-001  2.992614444326E-001 -3.390343199335E-001
  2.323436941540E+000 -2.269511732313E-001  2.939208727162E-001 -3.355172156177E-001
  2.339401363274E+000 -2.223014975081E-001  2.885936186142E-001 -3.318552282463E-001
  2.355497657016E+000 -2.176990372407E-001  2.832824095079E-001 -3.280575759933E-001
  2.371727256428E+000 -2.131445110916E-001  2.779898901805E-001 -3.241332321115E-001
  2.388091614797E+000 -2.086386055680E-001  2.727186233068E-001 -3.200909265441E-001
  2.404592205358E+000 -2.041819751301E-001  2.674710899800E-001 -3.159391477187E-001
  2.421230521622E+000 -1.997752423117E-001  2.622496902712E-001 -3.116861445110E-001
  2.438008077714E+000 -1.954189978520E-001  2.570567438222E-001 -3.073399283699E-001
  2.454926408713E+000 -1.911138008395E-001  2.518944904692E-001 -3.029082755934E-001
  2.471987071003E+000 -1.868601788668E-001  2.467650908942E-001 -2.983987297446E-001
  2.489191642624E+000 -1.826586281974E-001  2.416706273057E-001 -2.938186041974E-001
  2.506541723641E+000 -1.785096139431E-001  2.366131041437E-001 -2.891749848042E-001
  2.524038936507E+000 -1.744135702527E-001  2.315944488098E-001 -2.844747326721E-001
  2.541684926444E+000 -1.703709005116E-001  2.266165124207E-001 -2.797244870426E-001
  2.559481361827E+000 -1.663819775526E-001  2.216810705820E-001 -2.749306682607E-001
  2.577429934572E+000 -1.624471438776E-001  2.167898241839E-001 -2.700994808286E-001
  2.595532360540E+000 -1.585667118893E-001  2.119444002144E-001 -2.652369165324E-001
  2.613790379943E+000 -1.547409641347E-001  2.071463525920E-001 -2.603487576337E-001
  2.632205757760E+000 -1.509701535587E-001  2.023971630137E-001 -2.554405801196E-001
  2.650780284158E+000 -1.472545037682E-001  1.976982418197E-001 -2.505177570005E-001
  2.669515774928E+000 -1.435942093072E-001  1.930509288728E-001 -2.455854616508E-001
  2.688414071925E+000 -1.399894359424E-001  1.884564944516E-001 -2.406486711830E-001
  2.707477043518E+000 -1.364403209591E-001  1.839161401568E-001 -2.357121698502E-001
  2.726706585047E+000 -1.329469734678E-001  1.794309998302E-001 -2.307805524693E-001
  2.746104619295E+000 -1.295094747215E-001  1.750021404851E-001 -2.258582278595E-001
  2.765673096964E+000 -1.261278784429E-001  1.706305632478E-001 -2.209494222902E-001
  2.785413997161E+000 -1.228022111632E-001  1.663172043104E-001 -2.160581829328E-001
  2.805329327899E+000 -1.195324725698E-001  1.620629358924E-001 -2.111883813118E-001
  2.825421126601E+000 -1.163186358662E-001  1.578685672136E-001 -2.063437167507E-001
  2.845691460623E+000 -1.131606481410E-001  1.537348454749E-001 -2.015277198083E-001
  2.866142427776E+000 -1.100584307477E-001  1.496624568491E-001 -1.967437557017E-001
  2.886776156875E+000 -1.070118796955E-001  1.456520274801E-001 -1.919950277131E-001
  2.907594808280E+000 -1.040208660497E-001  1.417041244909E-001 -1.872845805767E-001
  2.928600574467E+000 -1.010852363428E-001  1.378192569995E-001 -1.826153038438E-001
  2.949795680597E+000 -9.820481299566E-002  1.339978771442E-001 -1.779899352234E-001
  2.971182385105E+000 -9.537939474943E-002  1.302403811159E-001 -1.734110638964E-001
  2.992762980296E+000 -9.260875710695E-002  1.265471101992E-001 -1.688811338017E-001
  3.014539792958E+000 -8.989265278474E-002  1.229183518221E-001 -1.644024468938E-001
  3.036515184988E+000 -8.723081217479E-002  1.193543406127E-001 -1.599771663697E-001
  3.058691554023E+000 -8.462294381631E-002  1.158552594654E-001 -1.556073198650E-001
  3.081071334099E+000 -8.206873487720E-002  1.124212406138E-001 -1.512948026189E-001
  3.103656996309E+000 -7.956785164524E-002  1.090523667135E-001 -1.470413806074E-001
  3.126451049484E+000 -7.711994002867E-002  1.057486719317E-001 -1.428486936460E-001
  3.149456040888E+000 -7.472462606614E-002  1.025101430458E-001 -1.387182584599E-001
  3.172674556926E+000 -7.238151644575E-002  9.933672055028E-002 -1.346514717245E-001
  3.196109223865E+000 -7.009019903299E-002  9.622829977171E-002 -1.306496130754E-001
  3.219762708576E+000 -6.785024340737E-002  9.318473199208E-002 -1.267138480891E-001
  3.243637719289E+000 -6.566120140736E-002  9.020582558055E-002 -1.228452312350E-001
  3.267737006362E+000 -6.352260768358E-002  8.729134713334E-002 -1.190447088002E-001
  3.292063363076E+000 -6.143398025975E-002  8.444102262175E-002 -1.153131217878E-001
  3.316619626434E+000 -5.939482110107E-002  8.165453854824E-002 -1.116512087893E-001
  3.341408677987E+000 -5.740461668985E-002  7.893154311040E-002 -1.080596088336E-001
  3.366433444679E+000 -5.546283860783E-002  7.627164737256E-002 -1.045388642127E-001
  3.391696899702E+000 -5.356894412489E-002  7.367442644490E-002 -1.010894232853E-001
  3.417202063379E+000 -5.172237679367E-002  7.113942066964E-002 -9.771164326019E-002
  3.442952004065E+000 -4.992256704972E-002  6.866613681419E-002 -9.440579296024E-002
  3.468949839059E+000 -4.816893281665E-002  6.625404927057E-002 -9.117205556752E-002
  3.495198735552E+000 -4.646088011576E-002  6.390260126101E-002 -8.801053135155E-002
  3.521701911582E+000 -4.479780367974E-002  6.161120604894E-002 -8.492124038101E-002
  3.548462637020E+000 -4.317908756979E-002  5.937924815504E-002 -8.190412521999E-002
  3.575484234572E+000 -4.160410579563E-002  5.720608457755E-002 -7.895905360943E-002
  3.602770080809E+000 -4.007222293787E-002  5.509104601637E-002 -7.608582113454E-002
  3.630323607217E+000 -3.858279477200E-002  5.303343810015E-002 -7.328415387863E-002
  3.658148301271E+000 -3.713516889357E-002  5.103254261547E-002 -7.055371106369E-002
  3.686247707537E+000 -3.572868534372E-002  4.908761873755E-002 -6.789408767817E-002
  3.714625428793E+000 -3.436267723457E-002  4.719790426135E-002 -6.530481709174E-002
  3.743285127184E+000 -3.303647137369E-002  4.536261683228E-002 -6.278537365728E-002
  3.772230525397E+000 -3.174938888702E-002  4.358095517539E-002 -6.033517529969E-002
  3.801465407866E+000 -3.050074583949E-002  4.185210032222E-002 -5.795358609126E-002
  3.830993622005E+000 -2.928985385275E-002  4.017521683392E-002 -5.563991881295E-002
  3.860819079470E+000 -2.811602071911E-002  3.854945401983E-002 -5.339343750105E-002
  3.890945757450E+000 -2.697855101116E-002  3.697394715009E-002 -5.121335997818E-002
  3.921377699988E+000 -2.587674668624E-002  3.544781866123E-002 -4.909886036785E-002
  3.952119019336E+000 -2.480990768506E-002  3.397017935341E-002 -4.704907159117E-002
  3.983173897337E+000 -2.377733252370E-002  3.254012957814E-002 -4.506308784468E-002
  4.014546586845E+000 -2.277831887841E-002  3.115676041503E-002 -4.313996705759E-002
  4.046241413173E+000 -2.181216416227E-002  2.981915483644E-002 -4.127873332716E-002
  4.078262775585E+000 -2.087816609320E-002  2.852638885857E-002 -3.947837933020E-002
  4.110615148813E+000 -1.997562325252E-002  2.727753267767E-002 -3.773786870917E-002
  4.143303084620E+000 -1.910383563340E-002  2.607165179010E-002 -3.605613843082E-002
  4.176331213391E+000 -1.826210517843E-002  2.490780809482E-002 -3.443210111538E-002
  4.209704245774E+000 -1.744973630589E-002  2.378506097697E-002 -3.286464733424E-002
  4.243426974351E+000 -1.666603642370E-002  2.270246837128E-002 -3.135264787399E-002
  4.277504275353E+000 -1.591031643089E-002  2.165908780394E-002 -2.989495596459E-002
  4.311941110423E+000 -1.518189120552E-002  2.065397741168E-002 -2.849040946937E-002
  4.346742528412E+000 -1.448008007887E-002  1.968619693680E-002 -2.713783303471E-002
  4.381913667228E+000 -1.380420729509E-002  1.875480869681E-002 -2.583604019692E-002
  4.417459755726E+000 -1.315360245594E-002  1.785887852779E-002 -2.458383544426E-002
  4.453386115645E+000 -1.252760095007E-002  1.699747669991E-002 -2.338001623157E-002
  4.489698163598E+000 -1.192554436635E-002  1.616967880443E-002 -2.222337494543E-002
  4.526401413105E+000 -1.134678089102E-002  1.537456661082E-002 -2.111270081762E-002
  4.563501476684E+000 -1.079066568796E-002  1.461122889323E-002 -2.004678178455E-002
  4.601004067991E+000 -1.025656126205E-002  1.387876222530E-002 -1.902440629085E-002
  4.638915004011E+000 -9.743837805130E-003  1.317627174248E-002 -1.804436503486E-002
  4.677240207311E+000 -9.251873524346E-003  1.250287187111E-002 -1.710545265424E-002
  4.715985708351E+000 -8.780054952657E-003  1.185768702351E-002 -1.620646934985E-002
  4.755157647843E+000 -8.327777241333E-003  1.123985225855E-002 -1.534622244619E-002
  4.794762279187E+000 -7.894444434281E-003  1.064851390706E-002 -1.452352788694E-002
  4.834805970953E+000 -7.479469724124E-003  1.008283016171E-002 -1.373721166402E-002
  4.875295209443E+000 -7.082275689973E-003  9.541971631003E-003 -1.298611117904E-002
  4.916236601308E+000 -6.702294516880E-003  9.025121857034E-003 -1.226907653591E-002
  4.957636876237E+000 -6.338968197024E-003  8.531477796903E-003 -1.158497176380E-002
  4.999502889720E+000 -5.991748712683E-003  8.060250267686E-003 -1.093267596953E-002
  5.041841625875E+000 -5.660098201145E-003  7.610664354950E-003 -1.031108441891E-002
  5.084660200360E+000 -5.343489101702E-003  7.181959784924E-003 -9.719109546493E-003
  5.127965863354E+000 -5.041404284937E-003  6.773391260528E-003 -9.155681893657E-003
  5.171766002619E+000 -4.753337164566E-003  6.384228761522E-003 -8.619750974880E-003
  5.216068146649E+000 -4.478791792098E-003  6.013757809181E-003 -8.110286072382E-003
  5.260879967894E+000 -4.217282934661E-003  5.661279695940E-003 -7.626276959495E-003
  5.306209286078E+000 -3.968336136339E-003  5.326111680576E-003 -7.166734553294E-003
  5.352064071605E+000 -3.731487763426E-003  5.007587149566E-003 -6.730691497216E-003
  5.398452449055E+000 -3.506285034024E-003  4.705055745335E-003 -6.317202674568E-003
  5.445382700775E+000 -3.292286032432E-003  4.417883462205E-003 -5.925345654050E-003
  5.492863270572E+000 -3.089059708844E-003  4.145452710914E-003 -5.554221068540E-003
  5.540902767504E+000 -2.896185864832E-003  3.887162352655E-003 -5.202952928612E-003
  5.589509969774E+000 -2.713255125187E-003  3.642427703645E-003 -4.870688872381E-003
  5.638693828737E+000 -2.539868896647E-003  3.410680511307E-003 -4.556600353476E-003
  5.688463473008E+000 -2.375639314119E-003  3.191368903179E-003 -4.259882769026E-003
  5.738828212699E+000 -2.220189174963E-003  2.983957309756E-003 -3.979755529755E-003
  5.789797543759E+000 -2.073151861956E-003  2.787926362473E-003 -3.715462074355E-003
  5.841381152447E+000 -1.934171255553E-003  2.602772768098E-003 -3.466269830460E-003
  5.893588919926E+000 -1.802901636067E-003  2.428009160852E-003 -3.231470124626E-003
  5.946430926988E+000 -1.679007576394E-003  2.263163933561E-003 -3.010378043847E-003
  5.999917458910E+000 -1.562163825912E-003  2.107781049207E-003 -2.802332251186E-003
  6.054059010457E+000 -1.452055186188E-003  1.961419834229E-003 -2.606694758187E-003
  6.108866291020E+000 -1.348376379109E-003  1.823654754955E-003 -2.422850656810E-003
  6.164350229902E+000 -1.250831908064E-003  1.694075178535E-003 -2.250207813624E-003
  6.220521981762E+000 -1.159135912777E-003  1.572285119741E-003 -2.088196529075E-003
  6.277392932215E+000 -1.073012018387E-003  1.457902975001E-003 -1.936269164631E-003
  6.334974703589E+000 -9.921931793675E-004  1.350561245012E-003 -1.793899740617E-003
  6.393279160860E+000 -9.164215188416E-004  1.249906247241E-003 -1.660583507551E-003
  6.452318417752E+000 -8.454481638409E-004  1.155597819619E-003 -1.535836493746E-003
  6.512104843026E+000 -7.790330770401E-004  1.067309016693E-003 -1.419195031943E-003
  6.572651066946E+000 -7.169448854691E-004  9.847257994476E-004 -1.310215267652E-003
  6.633969987942E+000 -6.589607066849E-004  9.075467199885E-004 -1.208472651844E-003
  6.696074779472E+000 -6.048659728591E-004  8.354826022183E-004 -1.113561420575E-003
  6.758978897091E+000 -5.544542532138E-004  7.682562195928E-004 -1.025094063991E-003
  6.822696085726E+000 -5.075270752077E-004  7.056019709879E-004 -9.427007871540E-004
  6.887240387180E+000 -4.638937448504E-004  6.472655556525E-004 -8.660289649438E-004
  6.952626147859E+000 -4.233711664939E-004  5.930036481641E-004 -7.947425932486E-004
  7.018868026732E+000 -3.857836624207E-004  5.425835742422E-004 -7.285217385084E-004
  7.085981003543E+000 -3.509627925230E-004  4.957829882111E-004 -6.670619875673E-004
  7.153980387268E+000 -3.187471743380E-004  4.523895528430E-004 -6.100738996620E-004
  7.222881824836E+000 -2.889823036766E-004  4.122006222439E-004 -5.572824622477E-004
  7.292701310121E+000 -2.615203760597E-004  3.750229283849E-004 -5.084265522280E-004
  7.363455193219E+000 -2.362201091452E-004  3.406722718144E-004 -4.632584040212E-004
  7.435160190001E+000 -2.129465663121E-004  3.089732170265E-004 -4.215430857630E-004
  7.507833391988E+000 -1.915709815370E-004  2.797587928956E-004 -3.830579848070E-004
  7.581492276516E+000 -1.719705856835E-004  2.528701985326E-004 -3.475923035533E-004
  7.656154717242E+000 -1.540284343007E-004  2.281565148553E-004 -3.149465665025E-004
  7.731838994973E+000 -1.376332370113E-004  2.054744221130E-004 -2.849321393027E-004
  7.808563808847E+000 -1.226791885516E-004  1.846879235538E-004 -2.573707604323E-004
  7.886348287874E+000 -1.090658015134E-004  1.656680753705E-004 -2.320940860412E-004
  7.965212002848E+000 -9.669774082243E-005  1.482927230198E-004 -2.089432483557E-004
  8.045174978646E+000 -8.548465998060E-005  1.324462439628E-004 -1.877684279443E-004
  8.126257706932E+000 -7.534103908909E-005  1.180192968400E-004 -1.684284400368E-004
  8.208481159274E+000 -6.618602466261E-005  1.049085770583E-004 -1.507903349952E-004
  8.291866800694E+000 -5.794327124208E-005  9.301657873550E-005 -1.347290129423E-004
  8.376436603664E+000 -5.054078480950E-005  8.225136292503E-005 -1.201268524768E-004
  8.462213062574E+000 -4.391076800825E-005  7.252633201847E-005 -1.068733533270E-004
  8.549219208676E+000 -3.798946717330E-005  6.376001020623E-005 -9.486479273274E-005
  8.637478625536E+000 -3.271702117842E-005  5.587582986281E-005 -8.400389528496E-005
  8.727015464999E+000 -2.803731211141E-005  4.880192371220E-005 -7.419951590786E-005
  8.817854463709E+000 -2.389781779411E-005  4.247092262223E-005 -6.536633562287E-005
  8.910020960175E+000 -2.024946617050E-005  3.681975887343E-005 -5.742456970396E-005
  9.003540912431E+000 -1.704649159336E-005  3.178947474757E-005 -5.029968780655E-005
  9.098440916308E+000 -1.424629304890E-005  2.732503628387E-005 -4.392214563467E-005
  9.194748224321E+000 -1.180929436700E-005  2.337515205630E-005 -3.822712769883E-005
  9.292490765233E+000 -9.698806474305E-006  1.989209683288E-005 -3.315430071231E-005
  9.391697164283E+000 -7.880891756473E-006  1.683153998754E-005 -2.864757717387E-005
  9.492396764138E+000 -6.324230605250E-006  1.415237854657E-005 -2.465488869071E-005
  9.594619646576E+000 -4.999990234884E-006  1.181657476419E-005 -2.112796860632E-005
  9.698396654938E+000 -3.881695860858E-006  9.788998134922E-006 -1.802214351215E-005
  9.803759417385E+000 -2.945104341640E-006  8.037271765301E-006 -1.529613324059E-005
  9.910740370981E+000 -2.168080391013E-006  6.531623040960E-006 -1.291185895728E-005
  1.001937278665E+001 -1.530475474365E-006  5.244738540058E-006 -1.083425899445E-005
  1.012969079502E+001 -1.014009506937E-006  4.151623157506E-006 -9.031112091564E-006
  1.024172941323E+001 -6.021554753093E-007  3.229463417789E-006 -7.472867735607E-006
  1.035552457272E+001 -2.800271052886E-007  2.457494966363E-006 -6.132483319694E-006
  1.047111314798E+001 -3.426969963047E-008  1.816874240639E-006 -4.985267865078E-006
  1.058853298647E+001  1.470457322121E-007  1.290554331177E-006 -4.008732077450E-006
  1.070782293953E+001  2.745249330644E-007  8.631650517453E-007 -3.182444533242E-006
  1.082902289454E+001  3.575493310586E-007  5.208972431687E-007 -2.487893815176E-006
  1.095217380826E+001  4.043713382794E-007  2.513913403474E-007 -1.908356438002E-006
  1.107731774137E+001  4.222059144408E-007  4.363023433338E-008 -1.428770425158E-006
  1.120449789442E+001  4.173183044215E-007 -1.121635380825E-007 -1.035614414600E-006
  1.133375864507E+001  3.951078693748E-007 -2.246262462208E-007 -7.167921871374E-007
  1.146514558681E+001  3.601879433851E-007 -3.013470310719E-007 -4.615225232024E-007
  1.159870556913E+001  3.164616611478E-007 -3.489575620161E-007 -2.602343039686E-007
  1.173448673928E+001  2.671937167455E-007 -3.732172691004E-007 -1.044667801097E-007
  1.187253858566E+001  2.150780291207E-007 -3.790941438350E-007  1.322506367793E-008
  1.201291198287E+001  1.623013061237E-007 -3.708411115196E-007  9.936011791046E-008
  1.215565923859E+001  1.106025158483E-007 -3.520679894478E-007  1.596158008116E-007
  1.230083414231E+001  6.132829115564E-008 -3.258090577741E-007  1.989078257198E-007
  1.244849201595E+001  1.548431061671E-008 -2.945862831463E-007  2.214651591714E-007
  1.259868976657E+001 -2.621728363223E-008 -2.604682491757E-007  2.309002512671E-007
  1.275148594119E+001 -6.331435365236E-008 -2.251248622059E-007  2.302746272495E-007
  1.290694078384E+001 -9.555502512972E-008 -1.898779154069E-007  2.221599377479E-007
  1.306511629490E+001 -1.228616287324E-007 -1.557476087227E-007  2.086945745962E-007
  1.322607629292E+001 -1.452981987746E-007 -1.234951364051E-007  1.916359692189E-007
  1.338988647898E+001 -1.630413907565E-007 -9.366146753997E-008  1.724087010195E-007
  1.355661450375E+001 -1.763546667857E-007 -6.660245790525E-008  1.521485537152E-007
  1.372633003727E+001 -1.855655867195E-007 -4.252044348521E-008  1.317426678698E-007
  1.389910484176E+001 -1.910460332267E-007 -2.149247682119E-008  1.118659477317E-007
  1.407501284743E+001 -1.931951909549E-007 -3.495376946902E-009  9.301388964580E-008
  1.425413023161E+001 -1.924250936962E-007  1.157222820626E-008  7.553200757059E-008
  1.443653550117E+001 -1.891485489174E-007  2.387068145073E-008  5.964203840018E-008
  1.462230957852E+001 -1.837692462941E-007  3.360270757568E-008  4.546511571854E-008
  1.481153589140E+001 -1.766738559676E-007  4.099926242484E-008  3.304210516207E-008
  1.500430046649E+001 -1.682259230999E-007  4.630762449148E-008  2.235129764962E-008
  1.520069202718E+001 -1.587613678851E-007  4.978153382813E-008  1.332365828867E-008
  1.540080209569E+001 -1.485854044150E-007  5.167318487127E-008  5.855828754357E-009
  1.560472509963E+001 -1.379706975782E-007  5.222688320421E-008 -1.789206352473E-010
  1.581255848342E+001 -1.271565843940E-007  5.167418123937E-008 -4.921596026519E-009
  1.602440282470E+001 -1.163491946760E-007  5.023031418928E-008 -8.520053769688E-009
  1.624036195599E+001 -1.057223155520E-007  4.809176538274E-008 -1.112306019116E-008
  1.646054309190E+001 -9.541885493981E-008  4.543479882314E-008 -1.287566202074E-008
  1.668505696224E+001 -8.555277042669E-008  4.241480671634E-008 -1.391570045481E-008
  1.691401795117E+001 -7.621134192038E-008  3.916633034151E-008 -1.437131118373E-008
  1.714754424293E+001 -6.745767874045E-008  3.580362391736E-008 -1.435926288551E-008
  1.738575797433E+001 -5.933336430959E-008  3.242164284120E-008 -1.398399751400E-008
  1.762878539445E+001 -5.186115409007E-008  2.909734966157E-008 -1.333724701242E-008
  1.787675703191E+001 -4.504765471229E-008  2.589124320243E-008 -1.249811268040E-008
  1.812980787015E+001 -3.888592418962E-008  2.284902821188E-008 -1.153350513895E-008
  1.838807753110E+001 -3.335794454917E-008  2.000335459215E-008 -1.049885450019E-008
  1.865171046781E+001 -2.843692899502E-008  1.737556652955E-008 -9.439011796083E-009
  1.892085616642E+001 -2.408943573890E-008  1.497741254360E-008 -8.389273803531E-009
  1.919566935809E+001 -2.027726978641E-008  1.281267749741E-008 -7.376473987257E-009
  1.947631024137E+001 -1.695916218058E-008  1.087870685678E-008 -6.420092251764E-009
  1.976294471571E+001 -1.409222342689E-008  9.167801878534E-009 -5.533345451661E-009
  2.005574462663E+001 -1.163317402856E-008  7.668471893955E-009 -4.724229079839E-009
  2.035488802332E+001 -9.539360242076E-009  6.366536399363E-009 -3.996488180367E-009
  2.066055942930E+001 -7.769567339132E-009  5.246075263310E-009 -3.350502283566E-009
  2.097295012706E+001 -6.284645868233E-009  4.290230018074E-009 -2.784075021661E-009
  2.129225845729E+001 -5.047968704241E-009  3.481862952749E-009 -2.293124061014E-009
  2.161869013374E+001 -4.025738126112E-009  2.804083612351E-009 -1.872271105999E-009
  2.195245857462E+001 -3.187162856436E-009  2.240654393427E-009 -1.515335030716E-009
  2.229378525140E+001 -2.504525022971E-009  1.776288284840E-009 -1.215733732357E-009
  2.264290005632E+001 -1.953156461281E-009  1.396852514648E-009 -9.668021399530E-010
  2.300004168951E+001 -1.511342770258E-009  1.089492018425E-009 -7.620350282865E-010
  2.336545806705E+001 -1.160172160355E-009  8.426863319758E-010 -5.952639588118E-010
  2.373940675129E+001 -8.833444962124E-010  6.462528233002E-010 -4.607778799528E-010
  2.412215540475E+001 -6.669541237017E-010  4.913082034405E-010 -3.533967508937E-010
  2.451398226921E+001 -4.992581713363E-010  3.701990773248E-010 -2.685070865248E-010
  2.491517667142E+001 -3.704401026608E-010  2.764109906858E-010 -2.020676327270E-010
  2.532603955735E+001 -2.723764342270E-010  2.044640661351E-010 -1.505925407807E-010
  2.574688405660E+001 -1.984127757677E-010  1.498019593972E-010 -1.111184799383E-010
  2.617803607920E+001 -1.431537360844E-010  1.086795542924E-010 -8.116116218694E-011
  2.661983494664E+001 -1.022697990527E-010  7.805359059695E-011 -5.866579799924E-011
  2.707263405971E+001 -7.232302695293E-011  5.547931046620E-011 -4.195509224857E-011
  2.753680160532E+001 -5.061240085185E-011  3.901523507601E-011 -2.967755228887E-011
  2.801272130518E+001 -3.503875883927E-011  2.713735311300E-011 -2.075813383360E-011
  2.850079320900E+001 -2.398863397187E-011  1.866331863984E-011 -1.435260540878E-011
  2.900143453541E+001 -1.623581031402E-011  1.268671316392E-011 -9.806472815543E-012
  2.951508056378E+001 -1.085908871896E-011  8.521015885341E-012 -6.618869677617E-012
  3.004218558064E+001 -7.174562468098E-012  5.652633832627E-012 -4.411482844355E-012
  3.058322388437E+001 -4.680623783913E-012  3.702154275708E-012 -2.902333050412E-012
  3.113869085248E+001 -3.013932726981E-012  2.392878615583E-012 -1.884060584666E-012
  3.170910407585E+001 -1.914658273509E-012  1.525662929548E-012 -1.206260500886E-012
  3.229500456485E+001 -1.199427477939E-012  9.591092566883E-013 -7.613595965462E-013
  3.289695803249E+001 -7.405750023274E-013  5.942086665753E-013 -4.735159606487E-013
  3.351555626047E+001 -4.504571429088E-013  3.626191118120E-013 -2.900403179938E-013
  3.415141855403E+001 -2.697698945808E-013  2.178570492660E-013 -1.748770091979E-013
  3.480519329257E+001 -1.589804900364E-013  1.287830207108E-013 -1.037331347931E-013
  3.547755958299E+001 -9.213979342035E-014  7.486111981201E-014 -6.050066952277E-014
  3.616922902393E+001 -5.248481435335E-014  4.276579592059E-014 -3.467329899476E-014
  3.688094758921E+001 -2.936429941268E-014  2.399371917854E-014 -1.951385751697E-014
  3.761349763993E+001 -1.612528730723E-014  1.321183904363E-014 -1.077730727728E-014
  3.836770007534E+001 -8.685290672570E-015  7.134810444195E-015 -5.836970121565E-015
  3.914441663347E+001 -4.584813090481E-015  3.775963753669E-015 -3.097772246381E-015
  3.994455235367E+001 -2.370138433244E-015  1.956839431635E-015 -1.609733417331E-015
  4.076905821405E+001 -1.198883841774E-015  9.922071951930E-016 -8.183525845749E-016
  4.161893395835E+001 -5.928561717251E-016  4.917995299706E-016 -4.066580520793E-016
  4.249523112779E+001 -2.863438070109E-016  2.380734290544E-016 -1.973425727712E-016
  4.339905631520E+001 -1.349486068639E-016  1.124469999376E-016 -9.343147234332E-017
  4.433157466006E+001 -6.199324375045E-017  5.176702056168E-017 -4.311239938584E-017
  4.529401360538E+001 -2.772966518873E-017  2.320367475229E-017 -1.936774399085E-017
  4.628766693861E+001 -1.206347372229E-017  1.011492787836E-017 -8.461143508861E-018
  4.731389914191E+001 -5.098041292787E-018  4.282997703679E-018 -3.590294163261E-018
  4.837415007871E+001 -2.090181328302E-018  1.759378205452E-018 -1.477849908858E-018
  4.946994004686E+001 -8.302892816714E-019  7.001851539726E-019 -5.893143167410E-019
  5.060287523143E+001 -3.190961829043E-019  2.695824004035E-019 -2.273335968336E-019
  5.177465359367E+001 -1.184695462822E-019  1.002633196753E-019 -8.470871802233E-020
  5.298707123650E+001 -4.242217330178E-020  3.596444468416E-020 -3.044038621144E-020
  5.424202929116E+001 -1.462674011365E-020  1.242090974894E-020 -1.053170383848E-020
  5.554154137419E+001 -4.847237886521E-021  4.122935773042E-021 -3.501859262091E-021
  5.688774166961E+001 -1.541026857504E-021  1.312835703261E-021 -1.116936779700E-021
  5.828289369667E+001 -4.690529857361E-022  4.002138830198E-022 -3.410486858507E-022
  5.972939983075E+001 -1.363962034698E-022  1.165534918853E-022 -9.948008359663E-023
  6.122981165190E+001 -3.780648498646E-023  3.235379916266E-023 -2.765693259517E-023
  6.278684120462E+001 -9.964755788990E-024  8.539753566474E-024 -7.310949891970E-024
  6.440337326150E+001 -2.491087787277E-024  2.137822309208E-024 -1.832872580339E-024
  6.608247869451E+001 -5.890428429774E-025  5.061951841619E-025 -4.346041779796E-025
  6.782742906960E+001 -1.313638296437E-025  1.130369889070E-025 -9.718410504300E-026
  6.964171259434E+001 -2.754401888951E-026  2.373183190321E-026 -2.043095926036E-026
  7.152905156377E+001 -5.412053596316E-027  4.668863199020E-027 -4.024723308675E-027
  7.349342146763E+001 -9.929847418258E-028  8.576755997670E-028 -7.402873643390E-028
  7.553907194217E+001 -1.694824789307E-028  1.465626787390E-028 -1.266597244183E-028
  7.767054977292E+001 -2.680090788580E-029  2.320348635748E-029 -2.007669111733E-029
  7.989272418113E+001 -3.909599326516E-030  3.388664125536E-030 -2.935468753580E-030
  8.221081465675E+001 -5.236639476581E-031  4.543904553627E-031 -3.940713507630E-031
  8.463042163523E+001 -6.408295787606E-032  5.566565903978E-032 -4.833000030175E-032
  8.715756035520E+001 -7.126439987386E-033  6.196893774864E-033 -5.386103402557E-033
  8.979869827958E+001 -7.160414072643E-034  6.232822998472E-034 -5.423059569848E-034
  9.256079651532E+001 -6.460150608063E-035  5.628898781908E-035 -4.902640490378E-035
  9.545135572765E+001 -5.198526432059E-036  4.534029737446E-036 -3.952996182209E-036
  9.847846711487E+001 -3.704382400935E-037  3.233945234988E-037 -2.822271629707E-037
  1.016508690915E+002 -2.319331625824E-038  2.026665702487E-038 -1.770359109468E-038
  1.049780104220E+002 -1.265199716413E-039  1.106549101281E-039 -9.675029692165E-040
  1.084701206579E+002 -5.958528832511E-041  5.215946539285E-041 -4.564641141210E-041
  1.121382888606E+002 -2.398852103621E-042  2.101698476354E-042 -1.840880480232E-042
  1.159945517414E+002 -8.167423704172E-044  7.161688913073E-044 -6.278303954771E-044
  1.200519925308E+002 -2.324396167058E-045  2.039833554887E-045 -1.789713777215E-045
  1.243248520934E+002 -5.459530568723E-047  4.794961005040E-047 -4.210429329989E-047
  1.288286540551E+002 -1.043755834638E-048  9.174133635392E-049 -8.062124920982E-049
  1.335803459987E+002 -1.599801992891E-050  1.407213852302E-050 -1.237595253920E-050
  1.385984591287E+002 -1.933602956132E-052  1.702081776035E-052 -1.498042526571E-052
  1.439032892205E+002 -1.809783575884E-054  1.594229035975E-054 -1.404141674198E-054
  1.495171021587E+002 -1.285888646057E-056  1.133522768536E-056 -9.990758208287E-057
  1.554643679592E+002 -6.785786265952E-059  5.985795791027E-059 -5.279463032523E-059
  1.617720278763E+002 -2.596328163576E-061  2.291755641890E-061 -2.022682250131E-061
  1.684698000514E+002 -7.013665383290E-064  6.194882712970E-064 -5.471116289123E-064
  1.755905301928E+002 -1.298986490138E-066  1.148059664484E-066 -1.014572259742E-066
  1.831705950299E+002 -1.596666519378E-069  1.412012085488E-069 -1.248604576215E-069
  1.912503678195E+002 -1.256308914435E-072  1.111674720432E-072 -9.836139611602E-073
  1.998747570544E+002 -6.078708029453E-076  5.381985379463E-076 -4.764776316126E-076
  2.090938318328E+002 -1.729469497861E-079  1.532099766921E-079 -1.357165583930E-079
  2.189635501945E+002 -2.752114185670E-083  2.439363850252E-083 -2.162026591720E-083
  2.295466102647E+002 -2.315885390902E-087  2.053791679147E-087 -1.821262256582E-087
  2.409134484547E+002 -9.676131425699E-092  8.585460264413E-092 -7.617359343714E-092
  2.531434144886E+002 -1.869788421619E-096  1.659855172066E-096 -1.473428445987E-096
  2.663261599835E+002 -1.542254493385E-101  1.369755927880E-101 -1.216503537032E-101
  2.805632861191E+002 -4.958079756689E-107  4.405585886074E-107 -3.914521114901E-107
  2.959703071532E+002 -5.602429622455E-113  4.980389277159E-113 -4.427275899859E-113
  3.126790009236E+002 -1.977573717969E-119  1.758774108581E-119 -1.564138981001E-119
  3.308402360200E+002 -1.905228532349E-126  1.695152725824E-126 -1.508203098779E-126
  3.506273893903E+002 -4.289749438547E-134  3.818317241952E-134 -3.398619608285E-134
  3.722404996260E+002 -1.887259949180E-142  1.680521856828E-142 -1.496401687687E-142
  3.959113426415E+002 -1.318405166112E-151  1.174431807675E-151 -1.046162880510E-151
  4.219096715122E+002 -1.148726665321E-161  1.023661238473E-161 -9.121984321500E-162
  4.505509359373E+002 -9.412316709467E-173  8.390560747114E-173 -7.479624059128E-173
  4.822058963204E+002 -5.204010351040E-185  4.640682110212E-185 -4.138286541035E-185
  5.173126831536E+002 -1.311561481525E-198  1.169973208363E-198 -1.043659699407E-198
  5.563920392209E+002 -9.452858772089E-214  8.435065691581E-214 -7.526795124784E-214
  6.000667421536E+002 -1.115550532137E-230  9.957425918747E-231 -8.887953490613E-231
  6.490865708786E+002 -1.101525070562E-249  9.835112111187E-250 -8.781355584614E-250
  7.043607010442E+002 -4.031839992796E-271  3.600890529605E-271 -3.215986970339E-271
  7.670001674974E+002 -2.022639275348E-295  1.806930411852E-295 -1.614219212667E-295
  8.383741345464E+002  0.000000000000E+000  0.000000000000E+000  0.000000000000E+000
  9.201853543213E+002  0.000000000000E+000  0.000000000000E+000  0.000000000000E+000
  1.014572672318E+003  0.000000000000E+000  0.000000000000E+000  0.000000000000E+000
  1.124252254996E+003  0.000000000000E+000  0.000000000000E+000  0.000000000000E+000
  1.252715205428E+003  0.000000000000E+000  0.000000000000E+000  0.000000000000E+000
  1.404508845568E+003  0.000000000000E+000  0.000000000000E+000  0.000000000000E+000
  1.585644739908E+003  0.000000000000E+000  0.000000000000E+000  0.000000000000E+000
  1.804203189488E+003  0.000000000000E+000  0.000000000000E+000  0.000000000000E+000
  2.071250249814E+003  0.000000000000E+000  0.000000000000E+000  0.000000000000E+000
  2.402266552340E+003  0.000000000000E+000  0.000000000000E+000  0.000000000000E+000
  2.819442449497E+003  0.000000000000E+000  0.000000000000E+000  0.000000000000E+000
  3.355496240167E+003  0.000000000000E+000  0.000000000000E+000  0.000000000000E+000
  4.060290442982E+003  0.000000000000E+000  0.000000000000E+000  0.000000000000E+000
  5.012860622227E+003  0.000000000000E+000  0.000000000000E+000  0.000000000000E+000
  6.344578802016E+003  0.000000000000E+000  0.000000000000E+000  0.000000000000E+000
  8.287000878586E+003  0.000000000000E+000  0.000000000000E+000  0.000000000000E+000
  1.127976970933E+004  0.000000000000E+000  0.000000000000E+000  0.000000000000E+000
  1.624316171036E+004  0.000000000000E+000  0.000000000000E+000  0.000000000000E+000
  2.538031516868E+004  0.000000000000E+000  0.000000000000E+000  0.000000000000E+000
  4.512107881524E+004  0.000000000000E+000  0.000000000000E+000  0.000000000000E+000
  1.015232606647E+005  0.000000000000E+000  0.000000000000E+000  0.000000000000E+000
  4.060950426526E+005  0.000000000000E+000  0.000000000000E+000  0.000000000000E+000
