# 1st line: number of mesh points
# abcissa wavefunction wavefunction_1st wavefunction_2nd
1000
# Principal QN=   4 , l=   0 , Occupation=   2.0000
  2.462477732966E-006  1.870690004687E+001 -7.500764454838E+002  2.658728158248E+004
  9.849959442330E-006  1.870135959628E+001 -7.498800619124E+002  2.657929962995E+004
  2.216259066178E-005  1.869212861400E+001 -7.495528826677E+002  2.656600243645E+004
  3.940061395432E-005  1.867921175007E+001 -7.490950976634E+002  2.654739908546E+004
  6.156436892224E-005  1.866261550838E+001 -7.485069724830E+002  2.652350227882E+004
  8.865429222131E-005  1.864234824066E+001 -7.477888480857E+002  2.649432832164E+004
  1.206709175794E-004  1.861842013858E+001 -7.469411404274E+002  2.645989710298E+004
  1.576148758184E-004  1.859084322423E+001 -7.459643400001E+002  2.642023207234E+004
  1.994868948811E-004  1.855963133889E+001 -7.448590112887E+002  2.637536021194E+004
  2.462877998613E-004  1.852480013010E+001 -7.436257921468E+002  2.632531200482E+004
  2.980185130383E-004  1.848636703705E+001 -7.422653930922E+002  2.627012139890E+004
  3.546800539158E-004  1.844435127436E+001 -7.407785965234E+002  2.620982576696E+004
  4.162735392647E-004  1.839877381423E+001 -7.391662558585E+002  2.614446586268E+004
  4.828001831694E-004  1.834965736700E+001 -7.374292945973E+002  2.607408577277E+004
  5.542612970792E-004  1.829702636014E+001 -7.355687053090E+002  2.599873286524E+004
  6.306582898628E-004  1.824090691572E+001 -7.335855485461E+002  2.591845773395E+004
  7.119926678676E-004  1.818132682639E+001 -7.314809516874E+002  2.583331413955E+004
  7.982660349828E-004  1.811831552989E+001 -7.292561077108E+002  2.574335894675E+004
  8.894800927067E-004  1.805190408215E+001 -7.269122738985E+002  2.564865205823E+004
  9.856366402179E-004  1.798212512897E+001 -7.244507704768E+002  2.554925634513E+004
  1.086737574451E-003  1.790901287642E+001 -7.218729791919E+002  2.544523757432E+004
  1.192784890174E-003  1.783260305992E+001 -7.191803418248E+002  2.533666433251E+004
  1.303780680078E-003  1.775293291203E+001 -7.163743586474E+002  2.522360794737E+004
  1.419727134858E-003  1.767004112909E+001 -7.134565868215E+002  2.510614240573E+004
  1.540626543307E-003  1.758396783671E+001 -7.104286387448E+002  2.498434426905E+004
  1.666481292416E-003  1.749475455410E+001 -7.072921803443E+002  2.485829258624E+004
  1.797293867468E-003  1.740244415738E+001 -7.040489293222E+002  2.472806880394E+004
  1.933066852148E-003  1.730708084193E+001 -7.007006533549E+002  2.459375667454E+004
  2.073802928647E-003  1.720871008370E+001 -6.972491682492E+002  2.445544216187E+004
  2.219504877777E-003  1.710737859976E+001 -6.936963360581E+002  2.431321334491E+004
  2.370175579090E-003  1.700313430788E+001 -6.900440631588E+002  2.416716031952E+004
  2.525818010992E-003  1.689602628540E+001 -6.862942982968E+002  2.401737509843E+004
  2.686435250879E-003  1.678610472743E+001 -6.824490305976E+002  2.386395150959E+004
  2.852030475254E-003  1.667342090430E+001 -6.785102875507E+002  2.370698509303E+004
  3.022606959872E-003  1.655802711842E+001 -6.744801329673E+002  2.354657299649E+004
  3.198168079872E-003  1.643997666068E+001 -6.703606649161E+002  2.338281386978E+004
  3.378717309917E-003  1.631932376628E+001 -6.661540136393E+002  2.321580775825E+004
  3.564258224347E-003  1.619612357014E+001 -6.618623394527E+002  2.304565599534E+004
  3.754794497325E-003  1.607043206203E+001 -6.574878306321E+002  2.287246109452E+004
  3.950329902993E-003  1.594230604130E+001 -6.530327012900E+002  2.269632664063E+004
  4.150868315631E-003  1.581180307142E+001 -6.484991892450E+002  2.251735718093E+004
  4.356413709820E-003  1.567898143431E+001 -6.438895538872E+002  2.233565811593E+004
  4.566970160612E-003  1.554390008456E+001 -6.392060740427E+002  2.215133559011E+004
  4.782541843700E-003  1.540661860361E+001 -6.344510458406E+002  2.196449638287E+004
  5.003133035593E-003  1.526719715383E+001 -6.296267805840E+002  2.177524779964E+004
  5.228748113801E-003  1.512569643276E+001 -6.247356026302E+002  2.158369756343E+004
  5.459391557015E-003  1.498217762738E+001 -6.197798472816E+002  2.138995370704E+004
  5.695067945303E-003  1.483670236857E+001 -6.147618586896E+002  2.119412446586E+004
  5.935781960296E-003  1.468933268577E+001 -6.096839877761E+002  2.099631817161E+004
  6.181538385392E-003  1.454013096194E+001 -6.045485901746E+002  2.079664314713E+004
  6.432342105956E-003  1.438915988879E+001 -5.993580241919E+002  2.059520760223E+004
  6.688198109528E-003  1.423648242243E+001 -5.941146487969E+002  2.039211953093E+004
  6.949111486034E-003  1.408216173942E+001 -5.888208216345E+002  2.018748661006E+004
  7.215087428003E-003  1.392626119328E+001 -5.834788970711E+002  1.998141609946E+004
  7.486131230784E-003  1.376884427156E+001 -5.780912242714E+002  1.977401474388E+004
  7.762248292776E-003  1.360997455341E+001 -5.726601453101E+002  1.956538867668E+004
  8.043444115654E-003  1.344971566782E+001 -5.671879933209E+002  1.935564332542E+004
  8.329724304602E-003  1.328813125247E+001 -5.616770906838E+002  1.914488331962E+004
  8.621094568555E-003  1.312528491327E+001 -5.561297472545E+002  1.893321240056E+004
  8.917560720438E-003  1.296124018465E+001 -5.505482586362E+002  1.872073333344E+004
  9.219128677417E-003  1.279606049058E+001 -5.449349044967E+002  1.850754782183E+004
  9.525804461149E-003  1.262980910647E+001 -5.392919469323E+002  1.829375642471E+004
  9.837594198038E-003  1.246254912175E+001 -5.336216288808E+002  1.807945847591E+004
  1.015450411950E-002  1.229434340349E+001 -5.279261725832E+002  1.786475200636E+004
  1.047654056222E-002  1.212525456081E+001 -5.222077780985E+002  1.764973366897E+004
  1.080370996845E-002  1.195534491017E+001 -5.164686218709E+002  1.743449866634E+004
  1.113601888623E-002  1.178467644176E+001 -5.107108553505E+002  1.721914068135E+004
  1.147347396972E-002  1.161331078668E+001 -5.049366036705E+002  1.700375181071E+004
  1.181608197948E-002  1.144130918521E+001 -4.991479643802E+002  1.678842250147E+004
  1.216384978272E-002  1.126873245608E+001 -4.933470062352E+002  1.657324149061E+004
  1.251678435364E-002  1.109564096672E+001 -4.875357680460E+002  1.635829574776E+004
  1.287489277369E-002  1.092209460461E+001 -4.817162575854E+002  1.614367042098E+004
  1.323818223191E-002  1.074815274957E+001 -4.758904505553E+002  1.592944878581E+004
  1.360666002522E-002  1.057387424726E+001 -4.700602896131E+002  1.571571219751E+004
  1.398033355872E-002  1.039931738361E+001 -4.642276834588E+002  1.550254004646E+004
  1.435921034603E-002  1.022453986043E+001 -4.583945059823E+002  1.529000971693E+004
  1.474329800963E-002  1.004959877200E+001 -4.525625954714E+002  1.507819654903E+004
  1.513260428113E-002  9.874550582817E+000 -4.467337538804E+002  1.486717380397E+004
  1.552713700165E-002  9.699451106408E+000 -4.409097461591E+002  1.465701263261E+004
  1.592690412217E-002  9.524355485176E+000 -4.350922996429E+002  1.444778204723E+004
  1.633191370382E-002  9.349318171373E+000 -4.292831035021E+002  1.423954889663E+004
  1.674217391826E-002  9.174392909118E+000 -4.234838082511E+002  1.403237784444E+004
  1.715769304806E-002  8.999632717477E+000 -4.176960253175E+002  1.382633135063E+004
  1.757847948698E-002  8.825089874605E+000 -4.119213266687E+002  1.362146965629E+004
  1.800454174044E-002  8.650815902921E+000 -4.061612444973E+002  1.341785077155E+004
  1.843588842578E-002  8.476861555318E+000 -4.004172709632E+002  1.321553046661E+004
  1.887252827273E-002  8.303276802386E+000 -3.946908579921E+002  1.301456226591E+004
  1.931447012370E-002  8.130110820635E+000 -3.889834171290E+002  1.281499744533E+004
  1.976172293425E-002  7.957411981708E+000 -3.832963194465E+002  1.261688503238E+004
  2.021429577341E-002  7.785227842548E+000 -3.776308955057E+002  1.242027180935E+004
  2.067219782411E-002  7.613605136519E+000 -3.719884353692E+002  1.222520231939E+004
  2.113543838356E-002  7.442589765450E+000 -3.663701886649E+002  1.203171887532E+004
  2.160402686371E-002  7.272226792579E+000 -3.607773646988E+002  1.183986157126E+004
  2.207797279156E-002  7.102560436381E+000 -3.552111326161E+002  1.164966829700E+004
  2.255728580967E-002  6.933634065247E+000 -3.496726216081E+002  1.146117475486E+004
  2.304197567655E-002  6.765490192997E+000 -3.441629211648E+002  1.127441447920E+004
  2.353205226706E-002  6.598170475195E+000 -3.386830813700E+002  1.108941885832E+004
  2.402752557287E-002  6.431715706246E+000 -3.332341132389E+002  1.090621715878E+004
  2.452840570292E-002  6.266165817241E+000 -3.278169890947E+002  1.072483655200E+004
  2.503470288379E-002  6.101559874522E+000 -3.224326429845E+002  1.054530214298E+004
  2.554642746023E-002  5.937936078948E+000 -3.170819711310E+002  1.036763700130E+004
  2.606358989558E-002  5.775331765823E+000 -3.117658324194E+002  1.019186219395E+004
  2.658620077221E-002  5.613783405457E+000 -3.064850489167E+002  1.001799682020E+004
  2.711427079202E-002  5.453326604339E+000 -3.012404064228E+002  9.846058048254E+003
  2.764781077690E-002  5.293996106886E+000 -2.960326550503E+002  9.676061153628E+003
  2.818683166921E-002  5.135825797730E+000 -2.908625098318E+002  9.508019559164E+003
  2.873134453224E-002  4.978848704538E+000 -2.857306513524E+002  9.341944876562E+003
  2.928136055074E-002  4.823097001303E+000 -2.806377264067E+002  9.177846949338E+003
  2.983689103139E-002  4.668602012101E+000 -2.755843486760E+002  9.015733897106E+003
  3.039794740329E-002  4.515394215271E+000 -2.705710994268E+002  8.855612161075E+003
  3.096454121851E-002  4.363503247998E+000 -2.655985282261E+002  8.697486550665E+003
  3.153668415253E-002  4.212957911256E+000 -2.606671536735E+002  8.541360291136E+003
  3.211438800486E-002  4.063786175098E+000 -2.557774641469E+002  8.387235072129E+003
  3.269766469947E-002  3.916015184256E+000 -2.509299185606E+002  8.235111097011E+003
  3.328652628537E-002  3.769671264019E+000 -2.461249471345E+002  8.084987132932E+003
  3.388098493714E-002  3.624779926378E+000 -2.413629521712E+002  7.936860561484E+003
  3.448105295547E-002  3.481365876386E+000 -2.366443088404E+002  7.790727429874E+003
  3.508674276771E-002  3.339453018735E+000 -2.319693659685E+002  7.646582502489E+003
  3.569806692844E-002  3.199064464500E+000 -2.273384468315E+002  7.504419312788E+003
  3.631503812000E-002  3.060222538048E+000 -2.227518499503E+002  7.364230215397E+003
  3.693766915309E-002  2.922948784064E+000 -2.182098498848E+002  7.226006438327E+003
  3.756597296732E-002  2.787263974696E+000 -2.137126980284E+002  7.089738135218E+003
  3.819996263183E-002  2.653188116775E+000 -2.092606233982E+002  6.955414437522E+003
  3.883965134583E-002  2.520740459105E+000 -2.048538334212E+002  6.823023506532E+003
  3.948505243923E-002  2.389939499796E+000 -2.004925147151E+002  6.692552585172E+003
  4.013617937323E-002  2.260802993619E+000 -1.961768338608E+002  6.563988049469E+003
  4.079304574093E-002  2.133347959372E+000 -1.919069381672E+002  6.437315459621E+003
  4.145566526792E-002  2.007590687234E+000 -1.876829564258E+002  6.312519610580E+003
  4.212405181296E-002  1.883546746089E+000 -1.835049996545E+002  6.189584582082E+003
  4.279821936853E-002  1.761230990816E+000 -1.793731618287E+002  6.068493788043E+003
  4.347818206155E-002  1.640657569520E+000 -1.752875205991E+002  5.949230025262E+003
  4.416395415396E-002  1.521839930695E+000 -1.712481379961E+002  5.831775521345E+003
  4.485555004336E-002  1.404790830311E+000 -1.672550611174E+002  5.716111981809E+003
  4.555298426375E-002  1.289522338812E+000 -1.633083228005E+002  5.602220636284E+003
  4.625627148608E-002  1.176045848009E+000 -1.594079422779E+002  5.490082283775E+003
  4.696542651902E-002  1.064372077875E+000 -1.555539258139E+002  5.379677336914E+003
  4.768046430958E-002  9.545110832209E-001 -1.517462673239E+002  5.270985865157E+003
  4.840139994379E-002  8.464722602502E-001 -1.479849489735E+002  5.163987636882E+003
  4.912824864743E-002  7.402643529943E-001 -1.442699417585E+002  5.058662160337E+003
  4.986102578670E-002  6.358954596144E-001 -1.406012060647E+002  4.954988723405E+003
  5.059974686895E-002  5.333730385732E-001 -1.369786922062E+002  4.852946432140E+003
  5.134442754336E-002  4.327039146736E-001 -1.334023409439E+002  4.752514248047E+003
  5.209508360169E-002  3.338942849632E-001 -1.298720839816E+002  4.653671024074E+003
  5.285173097899E-002  2.369497245041E-001 -1.263878444409E+002  4.556395539283E+003
  5.361438575437E-002  1.418751920107E-001 -1.229495373141E+002  4.460666532190E+003
  5.438306415168E-002  4.867503535600E-002 -1.195570698957E+002  4.366462732735E+003
  5.515778254035E-002 -4.264700305000E-002 -1.162103421911E+002  4.273762892885E+003
  5.593855743605E-002 -1.320877810059E-001 -1.129092473043E+002  4.182545815837E+003
  5.672540550155E-002 -2.196447513846E-001 -1.096536718025E+002  4.092790383830E+003
  5.751834354743E-002 -3.053159571132E-001 -1.064434960598E+002  4.004475584541E+003
  5.831738853289E-002 -3.891000262613E-001 -1.032785945793E+002  3.917580536072E+003
  5.912255756656E-002 -4.709961672312E-001 -1.001588362929E+002  3.832084510526E+003
  5.993386790726E-002 -5.510041640425E-001 -9.708408484051E+001  3.747966956167E+003
  6.075133696481E-002 -6.291243717026E-001 -9.405419882890E+001  3.665207518180E+003
  6.157498230090E-002 -7.053577116563E-001 -9.106903206901E+001  3.583786058026E+003
  6.240482162984E-002 -7.797056673028E-001 -8.812843379400E+001  3.503682671417E+003
  6.324087281946E-002 -8.521702795741E-001 -8.523224885738E+001  3.424877704911E+003
  6.408315389190E-002 -9.227541425613E-001 -8.238031791206E+001  3.347351771149E+003
  6.493168302447E-002 -9.914603991822E-001 -7.957247757086E+001  3.271085762754E+003
  6.578647855056E-002 -1.058292736876E+000 -7.680856054898E+001  3.196060864908E+003
  6.664755896041E-002 -1.123255383320E+000 -7.408839578899E+001  3.122258566636E+003
  6.751494290207E-002 -1.186353102146E+000 -7.141180856915E+001  3.049660670812E+003
  6.838864918226E-002 -1.247591188663E+000 -6.877862059548E+001  2.978249302928E+003
  6.926869676725E-002 -1.306975465557E+000 -6.618865007849E+001  2.908006918638E+003
  7.015510478375E-002 -1.364512278569E+000 -6.364171179509E+001  2.838916310132E+003
  7.104789251987E-002 -1.420208492133E+000 -6.113761713654E+001  2.770960611339E+003
  7.194707942599E-002 -1.474071484963E+000 -5.867617414309E+001  2.704123302031E+003
  7.285268511573E-002 -1.526109145587E+000 -5.625718752620E+001  2.638388210831E+003
  7.376472936684E-002 -1.576329867802E+000 -5.388045867890E+001  2.573739517179E+003
  7.468323212221E-002 -1.624742546052E+000 -5.154578567537E+001  2.510161752297E+003
  7.560821349078E-002 -1.671356570709E+000 -4.925296326023E+001  2.447639799180E+003
  7.653969374850E-002 -1.716181823255E+000 -4.700178282852E+001  2.386158891658E+003
  7.747769333938E-002 -1.759228671347E+000 -4.479203239720E+001  2.325704612574E+003
  7.842223287637E-002 -1.800507963757E+000 -4.262349656880E+001  2.266262891121E+003
  7.937333314243E-002 -1.840031025188E+000 -4.049595648818E+001  2.207819999369E+003
  8.033101509154E-002 -1.877809650934E+000 -3.840918979314E+001  2.150362548033E+003
  8.129529984966E-002 -1.913856101402E+000 -3.636297055965E+001  2.093877481535E+003
  8.226620871580E-002 -1.948183096464E+000 -3.435706924256E+001  2.038352072379E+003
  8.324376316303E-002 -1.980803809653E+000 -3.239125261242E+001  1.983773914904E+003
  8.422798483957E-002 -2.011731862176E+000 -3.046528368935E+001  1.930130918456E+003
  8.521889556978E-002 -2.040981316750E+000 -2.857892167459E+001  1.877411300005E+003
  8.621651735528E-002 -2.068566671252E+000 -2.673192188050E+001  1.825603576281E+003
  8.722087237602E-002 -2.094502852172E+000 -2.492403565966E+001  1.774696555440E+003
  8.823198299134E-002 -2.118805207872E+000 -2.315501033395E+001  1.724679328323E+003
  8.924987174107E-002 -2.141489501645E+000 -2.142458912403E+001  1.675541259353E+003
  9.027456134670E-002 -2.162571904564E+000 -1.973251108006E+001  1.627271977089E+003
  9.130607471240E-002 -2.182068988123E+000 -1.807851101425E+001  1.579861364505E+003
  9.234443492626E-002 -2.199997716669E+000 -1.646231943578E+001  1.533299549022E+003
  9.338966526132E-002 -2.216375439619E+000 -1.488366248877E+001  1.487576892324E+003
  9.444178917683E-002 -2.231219883466E+000 -1.334226189372E+001  1.442683980019E+003
  9.550083031933E-002 -2.244549143567E+000 -1.183783489312E+001  1.398611611159E+003
  9.656681252387E-002 -2.256381675716E+000 -1.037009420155E+001  1.355350787675E+003
  9.763975981519E-002 -2.266736287508E+000 -8.938747960810E+000  1.312892703750E+003
  9.871969640891E-002 -2.275632129489E+000 -7.543499700619E+000  1.271228735169E+003
  9.980664671274E-002 -2.283088686096E+000 -6.184048305050E+000  1.230350428684E+003
  1.009006353277E-001 -2.289125766385E+000 -4.860087985311E+000  1.190249491418E+003
  1.020016870494E-001 -2.293763494571E+000 -3.571308259071E+000  1.150917780340E+003
  1.031098268692E-001 -2.297022300349E+000 -2.317393936701E+000  1.112347291853E+003
  1.042250799756E-001 -2.298922909033E+000 -1.098025114686E+000  1.074530151502E+003
  1.053474717553E-001 -2.299486331507E+000  8.712282353265E-002  1.037458603849E+003
  1.064770277946E-001 -2.298733853984E+000  1.238379199082E+000  1.001125002525E+003
  1.076137738809E-001 -2.296687027593E+000  2.356078021360E+000  9.655218004971E+002
  1.087577360036E-001 -2.293367657798E+000  3.440557963763E+000  9.306415405559E+002
  1.099089403557E-001 -2.288797793654E+000  4.492162331325E+000  8.964768460640E+002
  1.110674133350E-001 -2.282999716904E+000  5.511239020179E+000  8.630204119683E+002
  1.122331815458E-001 -2.275995930935E+000  6.498140468777E+000  8.302649961039E+002
  1.134062717995E-001 -2.267809149600E+000  7.453223600846E+000  7.982034108027E+002
  1.145867111168E-001 -2.258462285904E+000  8.376849760080E+000  7.668285148222E+002
  1.157745267286E-001 -2.247978440579E+000  9.269384636601E+000  7.361332056085E+002
  1.169697460775E-001 -2.236380890552E+000  1.013119818524E+001  7.061104119055E+002
  1.181723968193E-001 -2.223693077312E+000  1.096266453571E+001  6.767530867203E+002
  1.193825068243E-001 -2.209938595194E+000  1.176416189486E+001  6.480542006556E+002
  1.206001041787E-001 -2.195141179586E+000  1.253607244099E+001  6.200067356157E+002
  1.218252171865E-001 -2.179324695075E+000  1.327878221055E+001  5.926036788922E+002
  1.230578743703E-001 -2.162513123539E+000  1.399268097733E+001  5.658380176365E+002
  1.242981044731E-001 -2.144730552195E+000  1.467816212436E+001  5.397027337211E+002
  1.255459364600E-001 -2.126001161629E+000  1.533562250868E+001  5.141907989920E+002
  1.268013995194E-001 -2.106349213799E+000  1.596546231937E+001  4.892951709153E+002
  1.280645230647E-001 -2.085799040035E+000  1.656808492900E+001  4.650087886164E+002
  1.293353367356E-001 -2.064375029055E+000  1.714389673875E+001  4.413245693108E+002
  1.306138704000E-001 -2.042101614990E+000  1.769330701764E+001  4.182354051253E+002
  1.319001541553E-001 -2.019003265448E+000  1.821672773604E+001  3.957341603047E+002
  1.331942183303E-001 -1.995104469622E+000  1.871457339384E+001  3.738136688003E+002
  1.344960934863E-001 -1.970429726448E+000  1.918726084367E+001  3.524667322358E+002
  1.358058104191E-001 -1.945003532840E+000  1.963520910939E+001  3.316861182418E+002
  1.371234001607E-001 -1.918850372002E+000  2.005883920041E+001  3.114645591542E+002
  1.384488939805E-001 -1.891994701825E+000  2.045857392196E+001  2.917947510661E+002
  1.397823233874E-001 -1.864460943398E+000  2.083483768191E+001  2.726693532267E+002
  1.411237201313E-001 -1.836273469628E+000  2.118805629436E+001  2.540809877748E+002
  1.424731162050E-001 -1.807456593984E+000  2.151865678050E+001  2.360222397990E+002
  1.438305438454E-001 -1.778034559385E+000  2.182706716707E+001  2.184856577123E+002
  1.451960355357E-001 -1.748031527223E+000  2.211371628276E+001  2.014637539295E+002
  1.465696240072E-001 -1.717471566557E+000  2.237903355307E+001  1.849490058363E+002
  1.479513422405E-001 -1.686378643464E+000  2.262344879395E+001  1.689338570361E+002
  1.493412234681E-001 -1.654776610571E+000  2.284739200452E+001  1.534107188626E+002
  1.507393011753E-001 -1.622689196771E+000  2.305129315948E+001  1.383719721451E+002
  1.521456091027E-001 -1.590139997139E+000  2.323558200134E+001  1.238099692109E+002
  1.535601812478E-001 -1.557152463042E+000  2.340068783303E+001  1.097170361138E+002
  1.549830518669E-001 -1.523749892471E+000  2.354703931121E+001  9.608547507161E+001
  1.564142554766E-001 -1.489955420579E+000  2.367506424058E+001  8.290756710040E+001
  1.578538268564E-001 -1.455792010460E+000  2.378518936964E+001  7.017557483033E+001
  1.593018010499E-001 -1.421282444148E+000  2.387784018824E+001  5.788174548832E+001
  1.607582133673E-001 -1.386449313859E+000  2.395344072715E+001  4.601831403352E+001
  1.622230993867E-001 -1.351315013481E+000  2.401241336015E+001  3.457750643071E+001
  1.636964949568E-001 -1.315901730308E+000  2.405517860880E+001  2.355154304740E+001
  1.651784361984E-001 -1.280231437035E+000  2.408215495034E+001  1.293264216021E+001
  1.666689595063E-001 -1.244325884005E+000  2.409375862887E+001  2.713023556379E+000
  1.681681015517E-001 -1.208206591725E+000  2.409040347021E+001 -7.115087783728E+000
  1.696758992842E-001 -1.171894843645E+000  2.407250070068E+001 -1.655945793669E+001
  1.711923899335E-001 -1.135411679205E+000  2.404045876995E+001 -2.562784023241E+001
  1.727176110118E-001 -1.098777887161E+000  2.399468317844E+001 -3.432797140998E+001
  1.742516003158E-001 -1.062013999172E+000  2.393557630918E+001 -4.266756774590E+001
  1.757943959287E-001 -1.025140283672E+000  2.386353726465E+001 -5.065432116740E+001
  1.773460362227E-001 -9.881767400150E-001  2.377896170858E+001 -5.829589536297E+001
  1.789065598608E-001 -9.511430928952E-001  2.368224171296E+001 -6.559992190187E+001
  1.804760057990E-001 -9.140587870440E-001  2.357376561050E+001 -7.257399637423E+001
  1.820544132889E-001 -8.769429822040E-001  2.345391785254E+001 -7.922567456253E+001
  1.836418218792E-001 -8.398145483776E-001  2.332307887271E+001 -8.556246865502E+001
  1.852382714189E-001 -8.026920613497E-001  2.318162495628E+001 -9.159184351116E+001
  1.868438020586E-001 -7.655937984828E-001  2.302992811549E+001 -9.732121298860E+001
  1.884584542535E-001 -7.285377347826E-001  2.286835597083E+001 -1.027579363408E+002
  1.900822687655E-001 -6.915415392312E-001  2.269727163834E+001 -1.079093146938E+002
  1.917152866652E-001 -6.546225713859E-001  2.251703362303E+001 -1.127825876100E+002
  1.933575493349E-001 -6.177978782393E-001  2.232799571850E+001 -1.173849297470E+002
  1.950090984705E-001 -5.810841913386E-001  2.213050691267E+001 -1.217234476179E+002
  1.966699760840E-001 -5.444979241592E-001  2.192491129974E+001 -1.258051764595E+002
  1.983402245061E-001 -5.080551697288E-001  2.171154799831E+001 -1.296370772147E+002
  2.000198863884E-001 -4.717716984982E-001  2.149075107575E+001 -1.332260336348E+002
  2.017090047061E-001 -4.356629564529E-001  2.126284947860E+001 -1.365788495049E+002
  2.034076227605E-001 -3.997440634619E-001  2.102816696922E+001 -1.397022459992E+002
  2.051157841813E-001 -3.640298118578E-001  2.078702206836E+001 -1.426028591676E+002
  2.068335329293E-001 -3.285346652429E-001  2.053972800381E+001 -1.452872375584E+002
  2.085609132993E-001 -2.932727575158E-001  2.028659266493E+001 -1.477618399799E+002
  2.102979699219E-001 -2.582578921135E-001  2.002791856304E+001 -1.500330334017E+002
  2.120447477670E-001 -2.235035414615E-001  1.976400279748E+001 -1.521070909995E+002
  2.138012921459E-001 -1.890228466274E-001  1.949513702734E+001 -1.539901903430E+002
  2.155676487143E-001 -1.548286171715E-001  1.922160744870E+001 -1.556884117295E+002
  2.173438634747E-001 -1.209333311877E-001  1.894369477722E+001 -1.572077366613E+002
  2.191299827795E-001 -8.734913552846E-002  1.866167423600E+001 -1.585540464694E+002
  2.209260533334E-001 -5.408784620816E-002  1.837581554853E+001 -1.597331210814E+002
  2.227321221965E-001 -2.116094897770E-002  1.808638293663E+001 -1.607506379333E+002
  2.245482367870E-001  1.142039993586E-002  1.779363512316E+001 -1.616121710238E+002
  2.263744448840E-001  4.364537293105E-002  1.749782533940E+001 -1.623231901101E+002
  2.282107946304E-001  7.550346998159E-002  1.719920133690E+001 -1.628890600424E+002
  2.300573345358E-001  1.069845174403E-001  1.689800540365E+001 -1.633150402355E+002
  2.319141134796E-001  1.380786667036E-001  1.659447438439E+001 -1.636062842749E+002
  2.337811807137E-001  1.687763927430E-001  1.628883970490E+001 -1.637678396540E+002
  2.356585858657E-001  1.990684925103E-001  1.598132740003E+001 -1.638046476398E+002
  2.375463789419E-001  2.289460832212E-001  1.567215814538E+001 -1.637215432640E+002
  2.394446103301E-001  2.584006005256E-001  1.536154729240E+001 -1.635232554346E+002
  2.413533308032E-001  2.874237965687E-001  1.504970490673E+001 -1.632144071660E+002
  2.432725915217E-001  3.160077379496E-001  1.473683580956E+001 -1.627995159219E+002
  2.452024440374E-001  3.441448035831E-001  1.442313962192E+001 -1.622829940683E+002
  2.471429402963E-001  3.718276824700E-001  1.410881081164E+001 -1.616691494308E+002
  2.490941326418E-001  3.990493713816E-001  1.379403874278E+001 -1.609621859531E+002
  2.510560738180E-001  4.258031724637E-001  1.347900772751E+001 -1.601662044511E+002
  2.530288169732E-001  4.520826907649E-001  1.316389707997E+001 -1.592852034589E+002
  2.550124156627E-001  4.778818316943E-001  1.284888117230E+001 -1.583230801606E+002
  2.570069238527E-001  5.031947984133E-001  1.253412949228E+001 -1.572836314044E+002
  2.590123959233E-001  5.280160891668E-001  1.221980670282E+001 -1.561705547937E+002
  2.610288866721E-001  5.523404945565E-001  1.190607270269E+001 -1.549874498503E+002
  2.630564513176E-001  5.761630947623E-001  1.159308268879E+001 -1.537378192441E+002
  2.650951455027E-001  5.994792567145E-001  1.128098721939E+001 -1.524250700860E+002
  2.671450252982E-001  6.222846312215E-001  1.096993227848E+001 -1.510525152779E+002
  2.692061472063E-001  6.445751500555E-001  1.066005934094E+001 -1.496233749150E+002
  2.712785681644E-001  6.663470230011E-001  1.035150543840E+001 -1.481407777365E+002
  2.733623455485E-001  6.875967348683E-001  1.004440322572E+001 -1.466077626193E+002
  2.754575371771E-001  7.083210424743E-001  9.738881047853E+000 -1.450272801096E+002
  2.775642013146E-001  7.285169715953E-001  9.435063007088E+000 -1.434021939896E+002
  2.796823966754E-001  7.481818138933E-001  9.133069030441E+000 -1.417352828729E+002
  2.818121824272E-001  7.673131238175E-001  8.833014937147E+000 -1.400292418249E+002
  2.839536181956E-001  7.859087154839E-001  8.535012506114E+000 -1.382866840051E+002
  2.861067640671E-001  8.039666595360E-001  8.239169543259E+000 -1.365101423251E+002
  2.882716805935E-001  8.214852799862E-001  7.945589948612E+000 -1.347020711202E+002
  2.904484287958E-001  8.384631510410E-001  7.654373783101E+000 -1.328648478299E+002
  2.926370701682E-001  8.548990939115E-001  7.365617334944E+000 -1.310007746833E+002
  2.948376666818E-001  8.707921736101E-001  7.079413185558E+000 -1.291120803871E+002
  2.970502807892E-001  8.861416957338E-001  6.795850274925E+000 -1.272009218109E+002
  2.992749754281E-001  9.009472032365E-001  6.515013966339E+000 -1.252693856687E+002
  3.015118140259E-001  9.152084731905E-001  6.236986110481E+000 -1.233194901923E+002
  3.037608605035E-001  9.289255135370E-001  5.961845108768E+000 -1.213531867929E+002
  3.060221792797E-001  9.420985598277E-001  5.689665975932E+000 -1.193723617111E+002
  3.082958352758E-001  9.547280719564E-001  5.420520401769E+000 -1.173788376488E+002
  3.105818939192E-001  9.668147308824E-001  5.154476812057E+000 -1.153743753842E+002
  3.128804211487E-001  9.783594353439E-001  4.891600428569E+000 -1.133606753651E+002
  3.151914834180E-001  9.893632985641E-001  4.631953328193E+000 -1.113393792802E+002
  3.175151477009E-001  9.998276449468E-001  4.375594501114E+000 -1.093120716054E+002
  3.198514814953E-001  1.009754006765E+000  4.122579908058E+000 -1.072802811233E+002
  3.222005528283E-001  1.019144120837E+000  3.872962536573E+000 -1.052454824162E+002
  3.245624302601E-001  1.027999925200E+000  3.626792456358E+000 -1.032090973282E+002
  3.269371828894E-001  1.036323555764E+000  3.384116873616E+000 -1.011724963978E+002
  3.293248803576E-001  1.044117342965E+000  3.144980184460E+000 -9.913700025891E+001
  3.317255928537E-001  1.051383808404E+000  2.909424027350E+000 -9.710388100855E+001
  3.341393911192E-001  1.058125661471E+000  2.677487334594E+000 -9.507436354227E+001
  3.365663464529E-001  1.064345795968E+000  2.449206382913E+000 -9.304962685496E+001
  3.390065307159E-001  1.070047286706E+000  2.224614843091E+000 -9.103080530755E+001
  3.414600163363E-001  1.075233386107E+000  2.003743828723E+000 -8.901898985887E+001
  3.439268763145E-001  1.079907520774E+000  1.786621944098E+000 -8.701522926247E+001
  3.464071842282E-001  1.084073288066E+000  1.573275331223E+000 -8.502053122842E+001
  3.489010142374E-001  1.087734452643E+000  1.363727716026E+000 -8.303586354992E+001
  3.514084410898E-001  1.090894943012E+000  1.158000453766E+000 -8.106215519500E+001
  3.539295401259E-001  1.093558848044E+000  9.561125736777E-001 -7.910029736342E+001
  3.564643872842E-001  1.095730413488E+000  7.580808228812E-001 -7.715114450917E+001
  3.590130591069E-001  1.097414038460E+000  5.639197095968E-001 -7.521551532896E+001
  3.615756327448E-001  1.098614271927E+000  3.736415456925E-001 -7.329419371717E+001
  3.641521859632E-001  1.099335809160E+000  1.872564886039E-001 -7.138792968797E+001
  3.667427971473E-001  1.099583488189E+000  4.772582659660E-003 -6.949744026510E+001
  3.693475453076E-001  1.099362286226E+000 -1.738042001486E-001 -6.762341034019E+001
  3.719665100860E-001  1.098677316082E+000 -3.484699199174E-001 -6.576649350031E+001
  3.745997717609E-001  1.097533822562E+000 -5.192226290646E-001 -6.392731282571E+001
  3.772474112534E-001  1.095937178849E+000 -6.860623330107E-001 -6.210646165849E+001
  3.799095101331E-001  1.093892882862E+000 -8.489909512693E-001 -6.030450434332E+001
  3.825861506238E-001  1.091406553613E+000 -1.008012278912E+000 -5.852197694112E+001
  3.852774156096E-001  1.088483927538E+000 -1.163131948374E+000 -5.675938791660E+001
  3.879833886411E-001  1.085130854812E+000 -1.314357391562E+000 -5.501721880098E+001
  3.907041539409E-001  1.081353295659E+000 -1.461697802236E+000 -5.329592483066E+001
  3.934397964105E-001  1.077157316638E+000 -1.605164098628E+000 -5.159593556310E+001
  3.961904016361E-001  1.072549086920E+000 -1.744768886271E+000 -4.991765547101E+001
  3.989560558949E-001  1.067534874556E+000 -1.880526421000E+000 -4.826146451584E+001
  4.017368461617E-001  1.062121042726E+000 -2.012452572113E+000 -4.662771870173E+001
  4.045328601149E-001  1.056314045983E+000 -2.140564785642E+000 -4.501675061113E+001
  4.073441861437E-001  1.050120426485E+000 -2.264882047728E+000 -4.342886992301E+001
  4.101709133538E-001  1.043546810217E+000 -2.385424848071E+000 -4.186436391481E+001
  4.130131315750E-001  1.036599903213E+000 -2.502215143427E+000 -4.032349794933E+001
  4.158709313670E-001  1.029286487759E+000 -2.615276321134E+000 -3.880651594740E+001
  4.187444040269E-001  1.021613418605E+000 -2.724633162663E+000 -3.731364084749E+001
  4.216336415958E-001  1.013587619164E+000 -2.830311807151E+000 -3.584507505334E+001
  4.245387368658E-001  1.005216077713E+000 -2.932339714925E+000 -3.440100087043E+001
  4.274597833869E-001  9.965058435969E-001 -3.030745630997E+000 -3.298158093230E+001
  4.303968754741E-001  9.874640234262E-001 -3.125559548511E+000 -3.158695861776E+001
  4.333501082151E-001  9.780977772859E-001 -3.216812672149E+000 -3.021725845975E+001
  4.363195774768E-001  9.684143149449E-001 -3.304537381477E+000 -2.887258654670E+001
  4.393053799131E-001  9.584208920738E-001 -3.388767194233E+000 -2.755303091730E+001
  4.423076129724E-001  9.481248064716E-001 -3.469536729549E+000 -2.625866194941E+001
  4.453263749047E-001  9.375333943029E-001 -3.546881671117E+000 -2.498953274383E+001
  4.483617647698E-001  9.266540263482E-001 -3.620838730283E+000 -2.374567950361E+001
  4.514138824444E-001  9.154941042693E-001 -3.691445609095E+000 -2.252712190967E+001
  4.544828286302E-001  9.040610568916E-001 -3.758740963282E+000 -2.133386349318E+001
  4.575687048617E-001  8.923623365053E-001 -3.822764365199E+000 -2.016589200542E+001
  4.606716135142E-001  8.804054151883E-001 -3.883556266730E+000 -1.902317978545E+001
  4.637916578118E-001  8.681977811525E-001 -3.941157962155E+000 -1.790568412639E+001
  4.669289418353E-001  8.557469351158E-001 -3.995611551009E+000 -1.681334764033E+001
  4.700835705309E-001  8.430603867023E-001 -4.046959900939E+000 -1.574609862269E+001
  4.732556497182E-001  8.301456508717E-001 -4.095246610558E+000 -1.470385141602E+001
  4.764452860985E-001  8.170102443826E-001 -4.140515972343E+000 -1.368650677381E+001
  4.796525872639E-001  8.036616822890E-001 -4.182812935568E+000 -1.269395222444E+001
  4.828776617050E-001  7.901074744742E-001 -4.222183069302E+000 -1.172606243555E+001
  4.861206188205E-001  7.763551222239E-001 -4.258672525489E+000 -1.078269957894E+001
  4.893815689254E-001  7.624121148403E-001 -4.292328002132E+000 -9.863713696318E+000
  4.926606232602E-001  7.482859262989E-001 -4.323196706602E+000 -8.968943065814E+000
  4.959578939999E-001  7.339840119521E-001 -4.351326319099E+000 -8.098214569434E+000
  4.992734942630E-001  7.195138052791E-001 -4.376764956270E+000 -7.251344061497E+000
  5.026075381207E-001  7.048827146862E-001 -4.399561135040E+000 -6.428136738023E+000
  5.059601406064E-001  6.900981203581E-001 -4.419763736650E+000 -5.628387507064E+000
  5.093314177250E-001  6.751673711637E-001 -4.437421970941E+000 -4.851881359922E+000
  5.127214864626E-001  6.600977816163E-001 -4.452585340913E+000 -4.098393743146E+000
  5.161304647959E-001  6.448966288919E-001 -4.465303607573E+000 -3.367690931224E+000
  5.195584717022E-001  6.295711499069E-001 -4.475626755109E+000 -2.659530399802E+000
  5.230056271692E-001  6.141285384555E-001 -4.483604956410E+000 -1.973661199271E+000
  5.264720522050E-001  5.985759424110E-001 -4.489288538957E+000 -1.309824328545E+000
  5.299578688483E-001  5.829204609908E-001 -4.492727951117E+000 -6.677531088090E-001
  5.334632001783E-001  5.671691420864E-001 -4.493973728864E+000 -4.717355700511E-002
  5.369881703256E-001  5.513289796616E-001 -4.493076462944E+000  5.521952411710E-001
  5.405329044823E-001  5.354069112185E-001 -4.490086766522E+000  1.130640759044E+000
  5.440975289128E-001  5.194098153335E-001 -4.485055243333E+000  1.688456657769E+000
  5.476821709641E-001  5.033445092640E-001 -4.478032456348E+000  2.225942416464E+000
  5.512869590774E-001  4.872177466277E-001 -4.469068897004E+000  2.743402963971E+000
  5.549120227985E-001  4.710362151541E-001 -4.458214954997E+000  3.241148312542E+000
  5.585574927889E-001  4.548065345110E-001 -4.445520888676E+000  3.719493193775E+000
  5.622235008375E-001  4.385352542050E-001 -4.431036796051E+000  4.178756697111E+000
  5.659101798716E-001  4.222288515580E-001 -4.414812586444E+000  4.619261911226E+000
  5.696176639685E-001  4.058937297596E-001 -4.396897952798E+000  5.041335568625E+000
  5.733460883672E-001  3.895362159966E-001 -4.377342344667E+000  5.445307693798E+000
  5.770955894803E-001  3.731625596592E-001 -4.356194941896E+000  5.831511255230E+000
  5.808663049055E-001  3.567789306250E-001 -4.333504629027E+000  6.200281821617E+000
  5.846583734383E-001  3.403914176209E-001 -4.309319970425E+000  6.551957222594E+000
  5.884719350837E-001  3.240060266625E-001 -4.283689186158E+000  6.886877214307E+000
  5.923071310690E-001  3.076286795718E-001 -4.256660128639E+000  7.205383150131E+000
  5.961641038558E-001  2.912652125724E-001 -4.228280260030E+000  7.507817656840E+000
  6.000429971532E-001  2.749213749632E-001 -4.198596630448E+000  7.794524316544E+000
  6.039439559304E-001  2.586028278688E-001 -4.167655856955E+000  8.065847354652E+000
  6.078671264295E-001  2.423151430677E-001 -4.135504103361E+000  8.322131334180E+000
  6.118126561791E-001  2.260638018968E-001 -4.102187060835E+000  8.563720856636E+000
  6.157806940069E-001  2.098541942325E-001 -4.067749929341E+000  8.790960269766E+000
  6.197713900541E-001  1.936916175475E-001 -4.032237399904E+000  9.004193382400E+000
  6.237848957880E-001  1.775812760421E-001 -3.995693637699E+000  9.203763186616E+000
  6.278213640166E-001  1.615282798501E-001 -3.958162265979E+000  9.390011587475E+000
  6.318809489022E-001  1.455376443177E-001 -3.919686350843E+000  9.563279140495E+000
  6.359638059756E-001  1.296142893552E-001 -3.880308386834E+000  9.723904797082E+000
  6.400700921502E-001  1.137630388595E-001 -3.840070283378E+000  9.872225658082E+000
  6.441999657370E-001  9.798862020712E-002 -3.799013352057E+000  1.000857673562E+001
  6.483535864586E-001  8.229566381657E-002 -3.757178294712E+000  1.013329072337E+001
  6.525311154647E-001  6.668870277785E-002 -3.714605192381E+000  1.024669777537E+001
  6.567327153465E-001  5.117217254917E-002 -3.671333495045E+000  1.034912529354E+001
  6.609585501525E-001  3.575041071848E-002 -3.627402012206E+000  1.044089772394E+001
  6.652087854034E-001  2.042765682884E-002 -3.582848904261E+000  1.052233636188E+001
  6.694835881080E-001  5.208052266019E-003 -3.537711674681E+000  1.059375916598E+001
  6.737831267789E-001 -9.904359793145E-003 -3.492027162982E+000  1.065548058115E+001
  6.781075714485E-001 -2.490563437329E-002 -3.445831538464E+000  1.070781137061E+001
  6.824570936852E-001 -3.979192463552E-002 -3.399160294734E+000  1.075105845685E+001
  6.868318666096E-001 -5.455948175659E-002 -3.352048244966E+000  1.078552477169E+001
  6.912320649114E-001 -6.920465475393E-002 -3.304529517912E+000  1.081150911527E+001
  6.956578648660E-001 -8.372389025823E-002 -3.256637554637E+000  1.082930602406E+001
  7.001094443516E-001 -9.811373223550E-002 -3.208405105963E+000  1.083920564772E+001
  7.045869828664E-001 -1.123708216602E-001 -3.159864230610E+000  1.084149363491E+001
  7.090906615461E-001 -1.264918961414E-001 -3.111046294010E+000  1.083645102779E+001
  7.136206631812E-001 -1.404737895036E-001 -3.061981967784E+000  1.082435416529E+001
  7.181771722357E-001 -1.543134313247E-001 -3.012701229865E+000  1.080547459494E+001
  7.227603748644E-001 -1.680078464318E-001 -2.963233365233E+000  1.078007899318E+001
  7.273704589315E-001 -1.815541543578E-001 -2.913606967265E+000  1.074842909405E+001
  7.320076140295E-001 -1.949495687603E-001 -2.863849939658E+000  1.071078162604E+001
  7.366720314977E-001 -2.081913968044E-001 -2.813989498924E+000  1.066738825706E+001
  7.413639044413E-001 -2.212770385117E-001 -2.764052177425E+000  1.061849554725E+001
  7.460834277508E-001 -2.342039860768E-001 -2.714063826923E+000  1.056434490958E+001
  7.508307981215E-001 -2.469698231540E-001 -2.664049622638E+000  1.050517257798E+001
  7.556062140732E-001 -2.595722241150E-001 -2.614034067780E+000  1.044120958274E+001
  7.604098759705E-001 -2.720089532801E-001 -2.564040998542E+000  1.037268173324E+001
  7.652419860431E-001 -2.842778641245E-001 -2.514093589518E+000  1.029980960745E+001
  7.701027484060E-001 -2.963768984617E-001 -2.464214359543E+000  1.022280854829E+001
  7.749923690810E-001 -3.083040856048E-001 -2.414425177918E+000  1.014188866647E+001
  7.799110560171E-001 -3.200575415088E-001 -2.364747271004E+000  1.005725484957E+001
  7.848590191124E-001 -3.316354678946E-001 -2.315201229165E+000  9.969106777284E+000
  7.898364702358E-001 -3.430361513563E-001 -2.265807014025E+000  9.877638942404E+000
  7.948436232486E-001 -3.542579624544E-001 -2.216583966041E+000  9.783040677405E+000
  7.998806940270E-001 -3.652993547947E-001 -2.167550812344E+000  9.685496186398E+000
  8.049479004846E-001 -3.761588640962E-001 -2.118725674843E+000  9.585184582159E+000
  8.100454625952E-001 -3.868351072487E-001 -2.070126078572E+000  9.482279928009E+000
  8.151736024160E-001 -3.973267813608E-001 -2.021768960239E+000  9.376951284300E+000
  8.203325441110E-001 -4.076326628013E-001 -1.973670676988E+000  9.269362759248E+000
  8.255225139746E-001 -4.177516062335E-001 -1.925847015320E+000  9.159673563865E+000
  8.307437404560E-001 -4.276825436453E-001 -1.878313200184E+000  9.048038070749E+000
  8.359964541833E-001 -4.374244833751E-001 -1.831083904191E+000  8.934605876471E+000
  8.412808879885E-001 -4.469765091347E-001 -1.784173256955E+000  8.819521867322E+000
  8.465972769320E-001 -4.563377790320E-001 -1.737594854526E+000  8.702926288168E+000
  8.519458583285E-001 -4.655075245916E-001 -1.691361768905E+000  8.584954814177E+000
  8.573268717726E-001 -4.744850497772E-001 -1.645486557624E+000  8.465738625172E+000
  8.627405591648E-001 -4.832697300147E-001 -1.599981273371E+000  8.345404482378E+000
  8.681871647376E-001 -4.918610112177E-001 -1.554857473641E+000  8.224074807330E+000
  8.736669350829E-001 -5.002584088161E-001 -1.510126230403E+000  8.101867762711E+000
  8.791801191785E-001 -5.084615067891E-001 -1.465798139773E+000  7.978897334904E+000
  8.847269684160E-001 -5.164699567014E-001 -1.421883331657E+000  7.855273418029E+000
  8.903077366283E-001 -5.242834767461E-001 -1.378391479377E+000  7.731101899262E+000
  8.959226801184E-001 -5.319018507919E-001 -1.335331809247E+000  7.606484745221E+000
  9.015720576873E-001 -5.393249274378E-001 -1.292713110099E+000  7.481520089225E+000
  9.072561306635E-001 -5.465526190731E-001 -1.250543742736E+000  7.356302319224E+000
  9.129751629322E-001 -5.535849009459E-001 -1.208831649311E+000  7.230922166218E+000
  9.187294209652E-001 -5.604218102378E-001 -1.167584362619E+000  7.105466792977E+000
  9.245191738511E-001 -5.670634451471E-001 -1.126809015282E+000  6.980019882893E+000
  9.303446933257E-001 -5.735099639792E-001 -1.086512348838E+000  6.854661728793E+000
  9.362062538036E-001 -5.797615842461E-001 -1.046700722706E+000  6.729469321549E+000
  9.421041324088E-001 -5.858185817732E-001 -1.007380123028E+000  6.604516438347E+000
  9.480386090075E-001 -5.916812898148E-001 -9.685561713846E-001  6.479873730449E+000
  9.540099662399E-001 -5.973500981780E-001 -9.302341333695E-001  6.355608810324E+000
  9.600184895530E-001 -6.028254523547E-001 -8.924189270215E-001  6.231786338014E+000
  9.660644672342E-001 -6.081078526627E-001 -8.551151311104E-001  6.108468106615E+000
  9.721481904447E-001 -6.131978533934E-001 -8.183269932691E-001  5.985713126747E+000
  9.782699532537E-001 -6.180960619695E-001 -7.820584379697E-001  5.863577709926E+000
  9.844300526731E-001 -6.228031381088E-001 -7.463130743407E-001  5.742115550719E+000
  9.906287886927E-001 -6.273197929970E-001 -7.110942038217E-001  5.621377807597E+000
  9.968664643158E-001 -6.316467884673E-001 -6.764048276539E-001  5.501413182413E+000
  1.003143385595E+000 -6.357849361872E-001 -6.422476542059E-001  5.382267998403E+000
  1.009459861670E+000 -6.397350968522E-001 -6.086251061320E-001  5.263986276667E+000
  1.015816204803E+000 -6.434981793861E-001 -5.755393273648E-001  5.146609811048E+000
  1.022212730417E+000 -6.470751401473E-001 -5.429921899402E-001  5.030178241370E+000
  1.028649757135E+000 -6.504669821413E-001 -5.109853006567E-001  4.914729124967E+000
  1.035127606818E+000 -6.536747542378E-001 -4.795200075696E-001  4.800298006482E+000
  1.041646604604E+000 -6.566995503936E-001 -4.485974063216E-001  4.686918485890E+000
  1.048207078948E+000 -6.595425088793E-001 -4.182183463118E-001  4.574622284711E+000
  1.054809361664E+000 -6.622048115111E-001 -3.883834367050E-001  4.463439310411E+000
  1.061453787962E+000 -6.646876828850E-001 -3.590930522850E-001  4.353397718949E+000
  1.068140696494E+000 -6.669923896148E-001 -3.303473391538E-001  4.244523975478E+000
  1.074870429395E+000 -6.691202395733E-001 -3.021462202802E-001  4.136842913193E+000
  1.081643332322E+000 -6.710725811348E-001 -2.744894009020E-001  4.030377790311E+000
  1.088459754505E+000 -6.728508024197E-001 -2.473763737859E-001  3.925150345213E+000
  1.095320048782E+000 -6.744563305408E-001 -2.208064243477E-001  3.821180849737E+000
  1.102224571653E+000 -6.758906308499E-001 -1.947786356391E-001  3.718488160645E+000
  1.109173683316E+000 -6.771552061848E-001 -1.692918932042E-001  3.617089769289E+000
  1.116167747721E+000 -6.782515961165E-001 -1.443448898117E-001  3.517001849484E+000
  1.123207132611E+000 -6.791813761957E-001 -1.199361300661E-001  3.418239303636E+000
  1.130292209573E+000 -6.799461571979E-001 -9.606393490491E-002  3.320815807131E+000
  1.137423354084E+000 -6.805475843679E-001 -7.272644598498E-002  3.224743851040E+000
  1.144600945560E+000 -6.809873366614E-001 -4.992162996476E-002  3.130034783168E+000
  1.151825367405E+000 -6.812671259855E-001 -2.764728268678E-002  3.036698847479E+000
  1.159097007063E+000 -6.813886964357E-001 -5.901033266056E-003  2.944745221960E+000
  1.166416256069E+000 -6.813538235305E-001  1.531965191043E-002  2.854182054940E+000
  1.173783510095E+000 -6.811643134419E-001  3.601746526769E-002  2.765016499936E+000
  1.181199169012E+000 -6.808220022236E-001  5.619525420506E-002  2.677254749061E+000
  1.188663636935E+000 -6.803287550337E-001  7.585601733153E-002  2.590902065042E+000
  1.196177322279E+000 -6.796864653546E-001  9.500290076886E-002  2.505962811907E+000
  1.203740637818E+000 -6.788970542073E-001  1.136391945176E-001  2.422440484387E+000
  1.211354000735E+000 -6.779624693620E-001  1.317683288807E-001  2.340337736082E+000
  1.219017832681E+000 -6.768846845433E-001  1.493938709401E-001  2.259656406459E+000
  1.226732559833E+000 -6.756656986304E-001  1.665195210814E-001  2.180397546715E+000
  1.234498612950E+000 -6.743075348523E-001  1.831491095620E-001  2.102561444576E+000
  1.242316427433E+000 -6.728122399779E-001  1.992865931183E-001  2.026147648074E+000
  1.250186443388E+000 -6.711818835004E-001  2.149360516074E-001  1.951154988368E+000
  1.258109105679E+000 -6.694185568164E-001  2.301016846799E-001  1.877581601643E+000
  1.266084863999E+000 -6.675243723999E-001  2.447878084785E-001  1.805424950161E+000
  1.274114172926E+000 -6.655014629705E-001  2.589988523606E-001  1.734681842502E+000
  1.282197491990E+000 -6.633519806566E-001  2.727393556393E-001  1.665348453046E+000
  1.290335285734E+000 -6.610780961532E-001  2.860139643408E-001  1.597420340760E+000
  1.298528023786E+000 -6.586819978744E-001  2.988274279749E-001  1.530892467312E+000
  1.306776180919E+000 -6.561658911010E-001  3.111845963155E-001  1.465759214594E+000
  1.315080237120E+000 -6.535319971231E-001  3.230904161878E-001  1.402014401673E+000
  1.323440677664E+000 -6.507825523784E-001  3.345499282616E-001  1.339651301217E+000
  1.331857993175E+000 -6.479198075852E-001  3.455682638466E-001  1.278662655465E+000
  1.340332679704E+000 -6.449460268723E-001  3.561506416885E-001  1.219040691746E+000
  1.348865238797E+000 -6.418634869039E-001  3.663023647645E-001  1.160777137609E+000
  1.357456177571E+000 -6.386744760013E-001  3.760288170762E-001  1.103863235608E+000
  1.366106008782E+000 -6.353812932614E-001  3.853354604386E-001  1.048289757749E+000
  1.374815250909E+000 -6.319862476719E-001  3.942278312651E-001  9.940470196715E-001
  1.383584428224E+000 -6.284916572241E-001  4.027115373463E-001  9.411248945610E-001
  1.392414070872E+000 -6.248998480235E-001  4.107922546229E-001  8.895128268498E-001
  1.401304714948E+000 -6.212131533979E-001  4.184757239529E-001  8.391998457200E-001
  1.410256902580E+000 -6.174339130054E-001  4.257677478711E-001  7.901745784397E-001
  1.419271182008E+000 -6.135644719403E-001  4.326741873433E-001  7.424252635566E-001
  1.428348107668E+000 -6.096071798393E-001  4.392009585139E-001  6.959397639717E-001
  1.437488240275E+000 -6.055643899869E-001  4.453540294479E-001  6.507055799127E-001
  1.446692146911E+000 -6.014384584224E-001  4.511394168680E-001  6.067098618272E-001
  1.455960401104E+000 -5.972317430471E-001  4.565631828881E-001  5.639394232104E-001
  1.465293582927E+000 -5.929466027333E-001  4.616314317430E-001  5.223807533841E-001
  1.474692279079E+000 -5.885853964354E-001  4.663503065173E-001  4.820200302380E-001
  1.484157082978E+000 -5.841504823039E-001  4.707259858737E-001  4.428431329459E-001
  1.493688594856E+000 -5.796442168022E-001  4.747646807817E-001  4.048356546652E-001
  1.503287421848E+000 -5.750689538271E-001  4.784726312509E-001  3.679829152269E-001
  1.512954178094E+000 -5.704270438344E-001  4.818561030671E-001  3.322699738234E-001
  1.522689484827E+000 -5.657208329685E-001  4.849213845371E-001  2.976816416964E-001
  1.532493970480E+000 -5.609526621975E-001  4.876747832400E-001  2.642024948293E-001
  1.542368270780E+000 -5.561248664553E-001  4.901226227919E-001  2.318168866439E-001
  1.552313028853E+000 -5.512397737892E-001  4.922712396213E-001  2.005089607023E-001
  1.562328895326E+000 -5.462997045148E-001  4.941269797620E-001  1.702626634116E-001
  1.572416528431E+000 -5.413069703795E-001  4.956961956627E-001  1.410617567289E-001
  1.582576594115E+000 -5.362638737334E-001  4.969852430170E-001  1.128898308621E-001
  1.592809766145E+000 -5.311727067092E-001  4.980004776175E-001  8.573031696244E-002
  1.603116726218E+000 -5.260357504116E-001  4.987482522333E-001  5.956649980062E-002
  1.613498164078E+000 -5.208552741167E-001  4.992349135173E-001  3.438153042139E-002
  1.623954777622E+000 -5.156335344818E-001  4.994667989433E-001  1.015843876695E-002
  1.634487273025E+000 -5.103727747655E-001  4.994502337762E-001 -1.311985373901E-002
  1.645096364848E+000 -5.050752240604E-001  4.991915280780E-001 -3.547052165646E-002
  1.655782776168E+000 -4.997430965368E-001  4.986969737529E-001 -5.691082305352E-002
  1.666547238688E+000 -4.943785906991E-001  4.979728416322E-001 -7.745808710132E-002
  1.677390492873E+000 -4.889838886549E-001  4.970253786037E-001 -9.712970175034E-002
  1.688313288066E+000 -4.835611553975E-001  4.958608047863E-001 -1.159431015002E-001
  1.699316382620E+000 -4.781125381022E-001  4.944853107535E-001 -1.339157552746E-001
  1.710400544029E+000 -4.726401654365E-001  4.929050548074E-001 -1.510651544143E-001
  1.721566549058E+000 -4.671461468847E-001  4.911261603061E-001 -1.674088007999E-001
  1.732815183877E+000 -4.616325720876E-001  4.891547130460E-001 -1.829641951180E-001
  1.744147244202E+000 -4.561015101970E-001  4.869967587023E-001 -1.977488252818E-001
  1.755563535430E+000 -4.505550092461E-001  4.846583003281E-001 -2.117801550213E-001
  1.767064872781E+000 -4.449950955354E-001  4.821452959161E-001 -2.250756126527E-001
  1.778652081442E+000 -4.394237730347E-001  4.794636560228E-001 -2.376525800417E-001
  1.790325996715E+000 -4.338430228014E-001  4.766192414589E-001 -2.495283817721E-001
  1.802087464166E+000 -4.282548024156E-001  4.736178610458E-001 -2.607202745304E-001
  1.813937339772E+000 -4.226610454313E-001  4.704652694408E-001 -2.712454367208E-001
  1.825876490081E+000 -4.170636608453E-001  4.671671650320E-001 -2.811209583187E-001
  1.837905792365E+000 -4.114645325830E-001  4.637291879048E-001 -2.903638309756E-001
  1.850026134778E+000 -4.058655190005E-001  4.601569178803E-001 -2.989909383852E-001
  1.862238416525E+000 -4.002684524057E-001  4.564558726271E-001 -3.070190469199E-001
  1.874543548019E+000 -3.946751385956E-001  4.526315058478E-001 -3.144647965478E-001
  1.886942451054E+000 -3.890873564113E-001  4.486892055403E-001 -3.213446920385E-001
  1.899436058973E+000 -3.835068573110E-001  4.446342923347E-001 -3.276750944660E-001
  1.912025316845E+000 -3.779353649605E-001  4.404720179066E-001 -3.334722130160E-001
  1.924711181638E+000 -3.723745748406E-001  4.362075634676E-001 -3.387520971043E-001
  1.937494622402E+000 -3.668261538733E-001  4.318460383318E-001 -3.435306288129E-001
  1.950376620452E+000 -3.612917400645E-001  4.273924785596E-001 -3.478235156484E-001
  1.963358169552E+000 -3.557729421649E-001  4.228518456793E-001 -3.516462836288E-001
  1.976440276109E+000 -3.502713393479E-001  4.182290254843E-001 -3.550142707009E-001
  1.989623959360E+000 -3.447884809054E-001  4.135288269075E-001 -3.579426204929E-001
  2.002910251577E+000 -3.393258859601E-001  4.087559809726E-001 -3.604462764046E-001
  2.016300198259E+000 -3.338850431958E-001  4.039151398196E-001 -3.625399760360E-001
  2.029794858340E+000 -3.284674106042E-001  3.990108758065E-001 -3.642382459562E-001
  2.043395304396E+000 -3.230744152486E-001  3.940476806850E-001 -3.655553968139E-001
  2.057102622856E+000 -3.177074530447E-001  3.890299648493E-001 -3.665055187860E-001
  2.070917914217E+000 -3.123678885574E-001  3.839620566580E-001 -3.671024773666E-001
  2.084842293261E+000 -3.070570548146E-001  3.788482018263E-001 -3.673599094928E-001
  2.098876889283E+000 -3.017762531365E-001  3.736925628900E-001 -3.672912200050E-001
  2.113022846310E+000 -2.965267529817E-001  3.684992187367E-001 -3.669095784385E-001
  2.127281323341E+000 -2.913097918082E-001  3.632721642063E-001 -3.662279161431E-001
  2.141653494575E+000 -2.861265749507E-001  3.580153097562E-001 -3.652589237257E-001
  2.156140549656E+000 -2.809782755132E-001  3.527324811919E-001 -3.640150488113E-001
  2.170743693911E+000 -2.758660342758E-001  3.474274194614E-001 -3.625084941162E-001
  2.185464148607E+000 -2.707909596180E-001  3.421037805094E-001 -3.607512158278E-001
  2.200303151197E+000 -2.657541274554E-001  3.367651351930E-001 -3.587549222844E-001
  2.215261955581E+000 -2.607565811912E-001  3.314149692542E-001 -3.565310729471E-001
  2.230341832367E+000 -2.557993316826E-001  3.260566833497E-001 -3.540908776568E-001
  2.245544069142E+000 -2.508833572199E-001  3.206935931348E-001 -3.514452961684E-001
  2.260869970742E+000 -2.460096035209E-001  3.153289293994E-001 -3.486050379534E-001
  2.276320859530E+000 -2.411789837378E-001  3.099658382558E-001 -3.455805622617E-001
  2.291898075679E+000 -2.363923784777E-001  3.046073813747E-001 -3.423820784351E-001
  2.307602977460E+000 -2.316506358365E-001  2.992565362689E-001 -3.390195464609E-001
  2.323436941540E+000 -2.269545714456E-001  2.939161966211E-001 -3.355026777583E-001
  2.339401363274E+000 -2.223049685314E-001  2.885891726560E-001 -3.318409361859E-001
  2.355497657016E+000 -2.177025779868E-001  2.832781915535E-001 -3.280435392616E-001
  2.371727256428E+000 -2.131481184563E-001  2.779858979012E-001 -3.241194595835E-001
  2.388091614797E+000 -2.086422764318E-001  2.727148541848E-001 -3.200774264437E-001
  2.404592205358E+000 -2.041857063615E-001  2.674675413143E-001 -3.159259276220E-001
  2.421230521622E+000 -1.997790307703E-001  2.622463591844E-001 -3.116732113518E-001
  2.438008077714E+000 -1.954228403915E-001  2.570536272673E-001 -3.073272884456E-001
  2.454926408713E+000 -1.911176943111E-001  2.518915852362E-001 -3.028959345724E-001
  2.471987071003E+000 -1.868641201223E-001  2.467623936176E-001 -2.983866926739E-001
  2.489191642624E+000 -1.826626140922E-001  2.416681344711E-001 -2.938068755122E-001
  2.506541723641E+000 -1.785136413391E-001  2.366108120955E-001 -2.891635683372E-001
  2.524038936507E+000 -1.744176360216E-001  2.315923537586E-001 -2.844636316651E-001
  2.541684926444E+000 -1.703750015380E-001  2.266146104505E-001 -2.797137041572E-001
  2.559481361827E+000 -1.663861107367E-001  2.216793576580E-001 -2.749202055916E-001
  2.577429934572E+000 -1.624513061382E-001  2.167882961601E-001 -2.700893399162E-001
  2.595532360540E+000 -1.585709001669E-001  2.119430528414E-001 -2.652270983768E-001
  2.613790379943E+000 -1.547451753943E-001  2.071451815244E-001 -2.603392627094E-001
  2.632205757760E+000 -1.509743847922E-001  2.023961638181E-001 -2.554314083904E-001
  2.650780284158E+000 -1.472587519977E-001  1.976974099824E-001 -2.505089079353E-001
  2.669515774928E+000 -1.435984715874E-001  1.930502598077E-001 -2.455769342399E-001
  2.688414071925E+000 -1.399937093632E-001  1.884559835075E-001 -2.406404639546E-001
  2.707477043518E+000 -1.364446026481E-001  1.839157826256E-001 -2.357042808877E-001
  2.726706585047E+000 -1.329512605929E-001  1.794307909541E-001 -2.307729794289E-001
  2.746104619295E+000 -1.295137644933E-001  1.750020754645E-001 -2.258509679879E-001
  2.765673096964E+000 -1.261321681170E-001  1.706306372486E-001 -2.209424724428E-001
  2.785413997161E+000 -1.228064980422E-001  1.663174124715E-001 -2.160515395921E-001
  2.805329327899E+000 -1.195367540059E-001  1.620632733332E-001 -2.111820406060E-001
  2.825421126601E+000 -1.163229092629E-001  1.578690290409E-001 -2.063376744727E-001
  2.845691460623E+000 -1.131649109551E-001  1.537354267901E-001 -2.015219714342E-001
  2.866142427776E+000 -1.100626804916E-001  1.496631527552E-001 -1.967382964099E-001
  2.886776156875E+000 -1.070161139384E-001  1.456528330887E-001 -1.919898524033E-001
  2.907594808280E+000 -1.040250824197E-001  1.417050349283E-001 -1.872796838889E-001
  2.928600574467E+000 -1.010894325282E-001  1.378202674139E-001 -1.826106801772E-001
  2.949795680597E+000 -9.820898674688E-002  1.339989827113E-001 -1.779855787550E-001
  2.971182385105E+000 -9.538354387998E-002  1.302415770455E-001 -1.734069685998E-001
  2.992762980296E+000 -9.261287949495E-002  1.265483917413E-001 -1.688772934657E-001
  3.014539792958E+000 -8.989674637405E-002  1.229197142719E-001 -1.643988551405E-001
  3.036515184988E+000 -8.723487497613E-002  1.193557793170E-001 -1.599738166726E-001
  3.058691554023E+000 -8.462697390821E-002  1.158567698272E-001 -1.556042055666E-001
  3.081071334099E+000 -8.207273040690E-002  1.124228180980E-001 -1.512919169484E-001
  3.103656996309E+000 -7.957181082945E-002  1.090540068514E-001 -1.470387166977E-001
  3.126451049484E+000 -7.712386115425E-002  1.057503703256E-001 -1.428462445503E-001
  3.149456040888E+000 -7.472850749064E-002  1.025118953737E-001 -1.387160171682E-001
  3.172674556926E+000 -7.238535659789E-002  9.933852256988E-002 -1.346494311792E-001
  3.196109223865E+000 -7.009399641302E-002  9.623014732428E-002 -1.306477661872E-001
  3.219762708576E+000 -6.785399658729E-002  9.318662100627E-002 -1.267121877514E-001
  3.243637719289E+000 -6.566490903109E-002  9.020775207576E-002 -1.228437503390E-001
  3.267737006362E+000 -6.352626846701E-002  8.729330722293E-002 -1.190434002484E-001
  3.292063363076E+000 -6.143759299067E-002  8.444301251596E-002 -1.153119785075E-001
  3.316619626434E+000 -5.939838463903E-002  8.165655455689E-002 -1.116502237457E-001
  3.341408677987E+000 -5.740812996592E-002  7.893358164533E-002 -1.080587750419E-001
  3.366433444679E+000 -5.546630062425E-002  7.627370494982E-002 -1.045381747501E-001
  3.391696899702E+000 -5.357235395461E-002  7.367649968667E-002 -1.010888713019E-001
  3.417202063379E+000 -5.172573357988E-002  7.114150630598E-002 -9.771122198987E-002
  3.442952004065E+000 -4.992587000518E-002  6.866823168443E-002 -9.440549573049E-002
  3.468949839059E+000 -4.817218122302E-002  6.625615032459E-002 -9.117187580888E-002
  3.495198735552E+000 -4.646407332281E-002  6.390470556017E-002 -8.801046260646E-002
  3.521701911582E+000 -4.480094110450E-002  6.161331076685E-002 -8.492127631197E-002
  3.548462637020E+000 -4.318216869560E-002  5.938135057807E-002 -8.190425961719E-002
  3.575484234572E+000 -4.160713017114E-002  5.720818210513E-002 -7.895928039773E-002
  3.602770080809E+000 -4.007519017592E-002  5.509313616107E-002 -7.608613437991E-002
  3.630323607217E+000 -3.858570454852E-002  5.303551848753E-002 -7.328454779394E-002
  3.658148301271E+000 -3.713802094632E-002  5.103461098378E-002 -7.055418001397E-002
  3.686247707537E+000 -3.573147947103E-002  4.908967293714E-002 -6.789462618525E-002
  3.714625428793E+000 -3.436541329403E-002  4.719994225397E-002 -6.530541983834E-002
  3.743285127184E+000 -3.303914928072E-002  4.536463669015E-002 -6.278603549059E-002
  3.772230525397E+000 -3.175200861345E-002  4.358295508013E-002 -6.033589123432E-002
  3.801465407866E+000 -3.050330741211E-002  4.185407856353E-002 -5.795435131172E-002
  3.830993622005E+000 -2.929235735170E-002  4.017717180823E-002 -5.564072867562E-002
  3.860819079470E+000 -2.811846627640E-002  3.855138422864E-002 -5.339428753559E-002
  3.890945757450E+000 -2.698093880903E-002  3.697585119831E-002 -5.121424588854E-002
  3.921377699988E+000 -2.587907695551E-002  3.544969525525E-002 -4.909977803271E-002
  3.952119019336E+000 -2.481218070351E-002  3.397202729918E-002 -4.705001706403E-002
  3.983173897337E+000 -2.377954861435E-002  3.254194777897E-002 -4.506405735345E-002
  4.014546586845E+000 -2.278047840783E-002  3.115854786945E-002 -4.314095700381E-002
  4.046241413173E+000 -2.181426753886E-002  2.982091063582E-002 -4.127974028477E-002
  4.078262775585E+000 -2.088021376544E-002  2.852811218471E-002 -3.947940004401E-002
  4.110615148813E+000 -1.997761570726E-002  2.727922280030E-002 -3.773890009292E-002
  4.143303084620E+000 -1.910577339404E-002  2.607330806432E-002 -3.605717756494E-002
  4.176331213391E+000 -1.826398880324E-002  2.490942995839E-002 -3.443314524440E-002
  4.209704245774E+000 -1.745156638621E-002  2.378664794767E-002 -3.286569386396E-002
  4.243426974351E+000 -1.666781358222E-002  2.270402004411E-002 -3.135369436837E-002
  4.277504275353E+000 -1.591204131987E-002  2.166060384834E-002 -2.989600014233E-002
  4.311941110423E+000 -1.518356450509E-002  2.065545756871E-002 -2.849144920036E-002
  4.346742528412E+000 -1.448170249530E-002  1.968764101624E-002 -2.713886633620E-002
  4.381913667228E+000 -1.380577955909E-002  1.875621657436E-002 -2.583706522955E-002
  4.417459755726E+000 -1.315512532096E-002  1.786025014209E-002 -2.458485050788E-002
  4.453386115645E+000 -1.252907519064E-002  1.699881204975E-002 -2.338101976097E-002
  4.489698163598E+000 -1.192697077646E-002  1.617097794579E-002 -2.222436550592E-002
  4.526401413105E+000 -1.134816028248E-002  1.537582965406E-002 -2.111367710048E-002
  4.563501476684E+000 -1.079199888883E-002  1.461245600022E-002 -2.004774260245E-002
  4.601004067991E+000 -1.025784911507E-002  1.387995360658E-002 -1.902535057316E-002
  4.638915004011E+000 -9.745081166205E-003  1.317742765449E-002 -1.804529182291E-002
  4.677240207311E+000 -9.253073261046E-003  1.250399261342E-002 -1.710636109657E-002
  4.715985708351E+000 -8.781211942772E-003  1.185877293610E-002 -1.620735869744E-002
  4.755157647843E+000 -8.328892371447E-003  1.124090371915E-002 -1.534709204769E-002
  4.794762279187E+000 -7.895518598393E-003  1.064953132853E-002 -1.452437718389E-002
  4.834805970953E+000 -7.480503822308E-003  1.008381398948E-002 -1.373804018614E-002
  4.875295209443E+000 -7.083270627076E-003  9.542922340581E-003 -1.298691853951E-002
  4.916236601308E+000 -6.703251201262E-003  9.026039951542E-003 -1.226986242677E-002
  4.957636876237E+000 -6.339887539340E-003  8.532363804728E-003 -1.158573595138E-002
  4.999502889720E+000 -5.992631624707E-003  8.061104740169E-003 -1.093341828995E-002
  5.041841625875E+000 -5.660945594639E-003  7.611487864158E-003 -1.031180477368E-002
  5.084660200360E+000 -5.344301887323E-003  7.182752921495E-003 -9.719807898229E-003
  5.127965863354E+000 -5.042183371197E-003  6.774154631587E-003 -9.156358261871E-003
  5.171766002619E+000 -4.754083456823E-003  6.384962988681E-003 -8.620405431904E-003
  5.216068146649E+000 -4.479506191603E-003  6.014463526614E-003 -8.110918739407E-003
  5.260879967894E+000 -4.217966337638E-003  5.661957548537E-003 -7.626888002736E-003
  5.306209286078E+000 -3.968989433115E-003  5.326762322180E-003 -7.167324180289E-003
  5.352064071605E+000 -3.732111837601E-003  5.008211241285E-003 -6.731259953254E-003
  5.398452449055E+000 -3.506880761680E-003  4.705653953938E-003 -6.317750239264E-003
  5.445382700775E+000 -3.292854281393E-003  4.418456458596E-003 -5.925872638057E-003
  5.492863270572E+000 -3.089601337967E-003  4.146001168685E-003 -5.554727810406E-003
  5.540902767504E+000 -2.896701723343E-003  3.887686946717E-003 -5.203439791779E-003
  5.589509969774E+000 -2.713746052056E-003  3.642929108938E-003 -4.871156242338E-003
  5.638693828737E+000 -2.540335720005E-003  3.411159401581E-003 -4.557048635045E-003
  5.688463473008E+000 -2.376082850706E-003  3.191825949857E-003 -4.260312383804E-003
  5.738828212699E+000 -2.220610229618E-003  2.984393180862E-003 -3.980166913692E-003
  5.789797543759E+000 -2.073551227141E-003  2.788341721633E-003 -3.715855675479E-003
  5.841381152447E+000 -1.934549710917E-003  2.603168273612E-003 -3.466646106735E-003
  5.893588919926E+000 -1.803259948035E-003  2.428385464831E-003 -3.231829541955E-003
  5.946430926988E+000 -1.679346497797E-003  2.263521681129E-003 -3.010721074202E-003
  5.999917458910E+000 -1.562484095644E-003  2.108120877766E-003 -2.802659370865E-003
  6.054059010457E+000 -1.452357528897E-003  1.961742372783E-003 -2.607006446210E-003
  6.108866291020E+000 -1.348661504919E-003  1.823960623490E-003 -2.423147393422E-003
  6.164350229902E+000 -1.251100512321E-003  1.694364987457E-003 -2.250490078925E-003
  6.220521981762E+000 -1.159388675826E-003  1.572559469365E-003 -2.088464801759E-003
  6.277392932215E+000 -1.073249605377E-003  1.458162455093E-003 -1.936523920836E-003
  6.334974703589E+000 -9.924162400811E-004  1.350806434374E-003 -1.794141452873E-003
  6.393279160860E+000 -9.166306875486E-004  1.250137713343E-003 -1.660812643831E-003
  6.452318417752E+000 -8.456440591777E-004  1.155816118278E-003 -1.536053516608E-003
  6.512104843026E+000 -7.792163019114E-004  1.067514691787E-003 -1.419400397762E-003
  6.572651066946E+000 -7.171160269724E-004  9.849193826692E-004 -1.310409425929E-003
  6.633969987942E+000 -6.591203360558E-004  9.077287306368E-004 -1.208656044603E-003
  6.696074779472E+000 -6.050146454382E-004  8.356535470227E-004 -1.113734481821E-003
  6.758978897091E+000 -5.545925084329E-004  7.684165925691E-004 -1.025257219247E-003
  6.822696085726E+000 -5.076554365954E-004  7.057522533241E-004 -9.428544530534E-004
  6.887240387180E+000 -4.640127200570E-004  6.474062156221E-004 -8.661735488857E-004
  6.952626147859E+000 -4.234812473330E-004  5.931351410661E-004 -7.948784931054E-004
  7.018868026732E+000 -3.858853249292E-004  5.427063423651E-004 -7.286493423843E-004
  7.085981003543E+000 -3.510564970374E-004  4.958974608195E-004 -6.671816736017E-004
  7.153980387268E+000 -3.188333655871E-004  4.524961461855E-004 -6.101860358755E-004
  7.222881824836E+000 -2.890614108902E-004  4.122997395809E-004 -5.573874064265E-004
  7.292701310121E+000 -2.615928130915E-004  3.751149600351E-004 -5.085246518422E-004
  7.363455193219E+000 -2.362862746123E-004  3.407575952183E-004 -4.633499961752E-004
  7.435160190001E+000 -2.130068437469E-004  3.090521968257E-004 -4.216284971744E-004
  7.507833391988E+000 -1.916257395545E-004  2.798317810285E-004 -3.831375318106E-004
  7.581492276516E+000 -1.720201781614E-004  2.529375343429E-004 -3.476662921290E-004
  7.656154717242E+000 -1.540732005728E-004  2.282185252147E-004 -3.150152923232E-004
  7.731838994973E+000 -1.376735020736E-004  2.055314215567E-004 -2.849958878012E-004
  7.808563808847E+000 -1.227152632808E-004  1.847402144268E-004 -2.574298068844E-004
  7.886348287874E+000 -1.090979828971E-004  1.657159479863E-004 -2.321486956638E-004
  7.965212002848E+000 -9.672631220109E-005  1.483364558293E-004 -2.089936764183E-004
  8.045174978646E+000 -8.550989130069E-005  1.324861037330E-004 -1.878149198920E-004
  8.126257706932E+000 -7.536318716660E-005  1.180555388429E-004 -1.684712316242E-004
  8.208481159274E+000 -6.620533345708E-005  1.049414452685E-004 -1.508296524295E-004
  8.291866800694E+000 -5.795997214034E-005  9.304630603663E-005 -1.347650730355E-004
  8.376436603664E+000 -5.055509691871E-005  8.227817132467E-005 -1.201598628051E-004
  8.462213062574E+000 -4.392289845780E-005  7.255043287075E-005 -1.069035123974E-004
  8.549219208676E+000 -3.799961142498E-005  6.378160444211E-005 -9.489229015602E-005
  8.637478625536E+000 -3.272536334434E-005  5.589510822745E-005 -8.402891195470E-005
  8.727015464999E+000 -2.804402527908E-005  4.881906700912E-005 -7.422222418473E-005
  8.817854463709E+000 -2.390306435811E-005  4.248610196389E-005 -6.538689952398E-005
  8.910020960175E+000 -2.025339817001E-005  3.683313593771E-005 -5.744314509685E-005
  9.003540912431E+000 -1.704925105506E-005  3.180120203990E-005 -5.031642260760E-005
  9.098440916308E+000 -1.424801233435E-005  2.733525740446E-005 -4.393718001152E-005
  9.194748224321E+000 -1.181009652398E-005  2.338400197210E-005 -3.824059427664E-005
  9.292490765233E+000 -9.698805591224E-006  1.989970215371E-005 -3.316632478356E-005
  9.391697164283E+000 -7.880193319191E-006  1.683801924597E-005 -2.865827691139E-005
  9.492396764138E+000 -6.322931855507E-006  1.415784248105E-005 -2.466437536381E-005
  9.594619646576E+000 -4.998180529534E-006  1.182112660474E-005 -2.113634679956E-005
  9.698396654938E+000 -3.879457031120E-006  9.792733891021E-006 -1.802951134664E-005
  9.803759417385E+000 -2.942511051540E-006  8.040280515233E-006 -1.530258259735E-005
  9.910740370981E+000 -2.165200494210E-006  6.533987222081E-006 -1.291747570244E-005
  1.001937278665E+001 -1.527370368534E-006  5.246534239345E-006 -1.083912320588E-005
  1.012969079502E+001 -1.010734484895E-006  4.152920401744E-006 -9.035298286545E-006
  1.024172941323E+001 -5.987600720817E-007  3.230326462759E-006 -7.476445099142E-006
  1.035552457272E+001 -2.765554403096E-007  2.457982584364E-006 -6.135515933065E-006
  1.047111314798E+001 -3.076081330601E-008  1.817040005684E-006 -4.987814934153E-006
  1.058853298647E+001  1.505575483375E-007  1.290446901211E-006 -4.010848160285E-006
  1.070782293953E+001  2.780098132671E-007  8.628284472202E-007 -3.184179766503E-006
  1.082902289454E+001  3.609815202211E-007  5.203711213369E-007 -2.489294138869E-006
  1.095217380826E+001  4.077288851640E-007  2.507112646398E-007 -1.909463818014E-006
  1.107731774137E+001  4.254703740755E-007  4.282793820980E-008 -1.429623073101E-006
  1.120449789442E+001  4.204744501778E-007 -1.130598933998E-007 -1.036247004436E-006
  1.133375864507E+001  3.981434152670E-007 -2.255918206915E-007 -7.172360680945E-007
  1.146514558681E+001  3.630932770734E-007 -3.023600619898E-007 -4.618059284784E-007
  1.159870556913E+001  3.192295880702E-007 -3.499991278625E-007 -2.603825547474E-007
  1.173448673928E+001  2.698192157462E-007 -3.742710615522E-007 -1.045024844253E-007
  1.187253858566E+001  2.175580198861E-007 -3.801462483385E-007  1.328181766602E-008
  1.201291198287E+001  1.646344286735E-007 -3.718797967943E-007  9.949157463973E-008
  1.215565923859E+001  1.127889222684E-007 -3.530835062363E-007  1.598063564174E-007
  1.230083414231E+001  6.336944969516E-008 -3.267934471031E-007  1.991438538577E-007
  1.244849201595E+001  1.738282221071E-008 -2.955331943115E-007  2.217348438675E-007
  1.259868976657E+001 -2.445785641848E-008 -2.613727676094E-007  2.311934270619E-007
  1.275148594119E+001 -6.168964532169E-008 -2.259833473327E-007  2.305826268581E-007
  1.290694078384E+001 -9.406001371946E-008 -1.906878485375E-007  2.224754474155E-007
  1.306511629490E+001 -1.214907702327E-007 -1.565074509830E-007  2.090114972818E-007
  1.322607629292E+001 -1.440455497391E-007 -1.242041966436E-007  1.919492956940E-007
  1.338988647898E+001 -1.619007193982E-007 -9.431978010674E-008  1.727143889234E-007
  1.355661450375E+001 -1.753195529015E-007 -6.721067014429E-008  1.524434145611E-007
  1.372633003727E+001 -1.846295108331E-007 -4.307971273600E-008  1.320242619530E-007
  1.389910484176E+001 -1.902024553802E-007 -2.200437668060E-008  1.121324868462E-007
  1.407501284743E+001 -1.924376196181E-007 -3.961812501509E-009  9.326414747550E-008
  1.425413023161E+001 -1.917471452952E-007  1.114909650502E-008  7.576523758061E-008
  1.443653550117E+001 -1.885439985097E-007  2.348850562963E-008  5.985789901923E-008
  1.462230957852E+001 -1.832320699431E-007  3.325901209162E-008  4.566360256805E-008
  1.481153589140E+001 -1.761982653837E-007  4.069149664156E-008  3.322349005872E-008
  1.500430046649E+001 -1.678063931289E-007  4.603320811746E-008  2.251607408116E-008
  1.520069202718E+001 -1.583926574306E-007  4.953789576824E-008  1.347249303999E-008
  1.540080209569E+001 -1.482625713820E-007  5.145779595648E-008  5.989519342080E-009
  1.560472509963E+001 -1.376891084244E-007  5.203728327013E-008 -5.948307635475E-011
  1.581255848342E+001 -1.269119188625E-007  5.150800102731E-008 -4.815458772935E-009
  1.602440282470E+001 -1.161374462747E-007  5.008529254133E-008 -8.426229828850E-009
  1.624036195599E+001 -1.055397883231E-007  4.796576219648E-008 -1.104055128908E-008
  1.646054309190E+001 -9.526215704584E-008  4.532580422157E-008 -1.280347763450E-008
  1.668505696224E+001 -8.541880505231E-008  4.232094687515E-008 -1.385287326252E-008
  1.691401795117E+001 -7.609729596187E-008  3.908587039910E-008 -1.431690929728E-008
  1.714754424293E+001 -6.736100972565E-008  3.573496837321E-008 -1.431239922052E-008
  1.738575797433E+001 -5.925178595786E-008  3.236333382608E-008 -1.394383663830E-008
  1.762878539445E+001 -5.179262088834E-008  2.904806343877E-008 -1.330300979855E-008
  1.787675703191E+001 -4.499034584840E-008  2.584978523341E-008 -1.246907906981E-008
  1.812980787015E+001 -3.883822714875E-008  2.281432709232E-008 -1.150901530609E-008
  1.838807753110E+001 -3.331843864351E-008  1.997445513671E-008 -1.047830868379E-008
  1.865171046781E+001 -2.840436906191E-008  1.735162225516E-008 -9.421869043350E-009
  1.892085616642E+001 -2.406273620817E-008  1.495767777288E-008 -8.375049850384E-009
  1.919566935809E+001 -2.025548928479E-008  1.279649927594E-008 -7.364738475285E-009
  1.947631024137E+001 -1.694148880927E-008  1.086551685076E-008 -6.410465460110E-009
  1.976294471571E+001 -1.407796081903E-008  9.157108393488E-009 -5.525494699941E-009
  2.005574462663E+001 -1.162172826552E-008  7.659852130236E-009 -4.717864936897E-009
  2.035488802332E+001 -9.530227682719E-009  6.359629037314E-009 -3.991360593234E-009
  2.066055942930E+001 -7.762323393037E-009  5.240573449503E-009 -3.346396721780E-009
  2.097295012706E+001 -6.278934724241E-009  4.285874804690E-009 -2.780808714197E-009
  2.129225845729E+001 -5.043494007872E-009  3.478437224769E-009 -2.290542386649E-009
  2.161869013374E+001 -4.022254584706E-009  2.801406521891E-009 -1.870244183098E-009
  2.195245857462E+001 -3.184468738496E-009  2.238576307337E-009 -1.513754539159E-009
  2.229378525140E+001 -2.502455508354E-009  1.774686240454E-009 -1.214509988782E-009
  2.264290005632E+001 -1.951577791342E-009  1.395626169336E-009 -9.658614374981E-010
  2.300004168951E+001 -1.510147141649E-009  1.088560071254E-009 -7.613172436622E-010
  2.336545806705E+001 -1.159273302777E-009  8.419833901369E-010 -5.947204226544E-010
  2.373940675129E+001 -8.826738726812E-010  6.457266819500E-010 -4.603695009642E-010
  2.412215540475E+001 -6.664576917713E-010  4.909175049858E-010 -3.530923801161E-010
  2.451398226921E+001 -4.988936447820E-010  3.699113148368E-010 -2.682821051113E-010
  2.491517667142E+001 -3.701746553420E-010  2.762008198466E-010 -2.019027446155E-010
  2.532603955735E+001 -2.721847908445E-010  2.043118907354E-010 -1.504727506171E-010
  2.574688405660E+001 -1.982756378821E-010  1.496927567345E-010 -1.110322362769E-010
  2.617803607920E+001 -1.430564958433E-010  1.086019087038E-010 -8.109964629483E-011
  2.661983494664E+001 -1.022014974120E-010  7.799890564757E-011 -5.862233936735E-011
  2.707263405971E+001 -7.227551762890E-011  5.544117285906E-011 -4.192469304838E-011
  2.753680160532E+001 -5.057968565965E-011  3.898890603943E-011 -2.965650440108E-011
  2.801272130518E+001 -3.501646436385E-011  2.711936574627E-011 -2.074371361625E-011
  2.850079320900E+001 -2.397360358765E-011  1.865116237679E-011 -1.434283298730E-011
  2.900143453541E+001 -1.622578935810E-011  1.267858907774E-011 -9.799924297479E-012
  2.951508056378E+001 -1.085248408671E-011  8.515648956078E-012 -6.614532266931E-012
  3.004218558064E+001 -7.170261013591E-012  5.649130497424E-012 -4.408644314595E-012
  3.058322388437E+001 -4.677856662348E-012  3.699895559199E-012 -2.900498403106E-012
  3.113869085248E+001 -3.012175215488E-012  2.391440885083E-012 -1.882889952361E-012
  3.170910407585E+001 -1.913556664874E-012  1.524759837894E-012 -1.205523443943E-012
  3.229500456485E+001 -1.198746381180E-012  9.585497329844E-013 -7.609018881692E-013
  3.289695803249E+001 -7.401598321625E-013  5.938669062950E-013 -4.732357601125E-013
  3.351555626047E+001 -4.502077680303E-013  3.624134209025E-013 -2.898713065327E-013
  3.415141855403E+001 -2.696223744683E-013  2.177351328184E-013 -1.747766182601E-013
  3.480519329257E+001 -1.588945939871E-013  1.287118968756E-013 -1.036744457871E-013
  3.547755958299E+001 -9.209059421347E-014  7.482030538169E-014 -6.046692186481E-014
  3.616922902393E+001 -5.245711096347E-014  4.274277167349E-014 -3.465422317263E-014
  3.688094758921E+001 -2.934897403298E-014  2.398095936473E-014 -1.950326521503E-014
  3.761349763993E+001 -1.611696406367E-014  1.320489695121E-014 -1.077153342766E-014
  3.836770007534E+001 -8.680855999879E-015  7.131105270286E-015 -5.833882712331E-015
  3.914441663347E+001 -4.582496832652E-015  3.774025243385E-015 -3.096153994004E-015
  3.994455235367E+001 -2.368953427210E-015  1.955846038200E-015 -1.608902659348E-015
  4.076905821405E+001 -1.198290511203E-015  9.917089964057E-016 -8.179352214684E-016
  4.161893395835E+001 -5.925656820716E-016  4.915552274879E-016 -4.064530392844E-016
  4.249523112779E+001 -2.862048701146E-016  2.379564003296E-016 -1.972442008257E-016
  4.339905631520E+001 -1.348837536697E-016  1.123922894430E-016 -9.338540856250E-017
  4.433157466006E+001 -6.196373008228E-017  5.174208530247E-017 -4.309137139156E-017
  4.529401360538E+001 -2.771658481679E-017  2.319260725168E-017 -1.935839609601E-017
  4.628766693861E+001 -1.205783444545E-017  1.011014951393E-017 -8.457101386112E-018
  4.731389914191E+001 -5.095679144823E-018  4.280993336660E-018 -3.588596078057E-018
  4.837415007871E+001 -2.089221229632E-018  1.758562396460E-018 -1.477157744695E-018
  4.946994004686E+001 -8.299111323889E-019  6.998633978634E-019 -5.890409330846E-019
  5.060287523143E+001 -3.189520611281E-019  2.694596076589E-019 -2.272291174419E-019
  5.177465359367E+001 -1.184164750047E-019  1.002180433533E-019 -8.467014100703E-020
  5.298707123650E+001 -4.240332120117E-020  3.594834086108E-020 -3.042664662372E-020
  5.424202929116E+001 -1.462029105727E-020  1.241539389920E-020 -1.052699154504E-020
  5.554154137419E+001 -4.845117128307E-021  4.121119655281E-021 -3.500305704589E-021
  5.688774166961E+001 -1.540357712398E-021  1.312261983862E-021 -1.116445380105E-021
  5.828289369667E+001 -4.688508192896E-022  4.000403409898E-022 -3.408998592278E-022
  5.972939983075E+001 -1.363378416136E-022  1.165033349220E-022 -9.943701736320E-023
  6.122981165190E+001 -3.779042318951E-023  3.233997963580E-023 -2.764505255867E-023
  6.278684120462E+001 -9.960551856536E-024  8.536132452325E-024 -7.307833333824E-024
  6.440337326150E+001 -2.490044032555E-024  2.136922266552E-024 -1.832097058164E-024
  6.608247869451E+001 -5.887976914001E-025  5.059835584850E-025 -4.344216255996E-025
  6.782742906960E+001 -1.313095172437E-025  1.129900543495E-025 -9.714357379431E-026
  6.964171259434E+001 -2.753270421992E-026  2.372204406310E-026 -2.042249765938E-026
  7.152905156377E+001 -5.409844457256E-027  4.666950218089E-027 -4.023067785654E-027
  7.349342146763E+001 -9.925819283252E-028  8.573264388024E-028 -7.399848821214E-028
  7.553907194217E+001 -1.694141444500E-028  1.465033879447E-028 -1.266083079953E-028
  7.767054977292E+001 -2.679016624724E-029  2.319415735159E-029 -2.006859304964E-029
  7.989272418113E+001 -3.908041530254E-030  3.387309919203E-030 -2.934292086785E-030
  8.221081465675E+001 -5.234564854131E-031  4.542099398118E-031 -3.939143516359E-031
  8.463042163523E+001 -6.405771221454E-032  5.564367255478E-032 -4.831086021651E-032
  8.715756035520E+001 -7.123647934186E-033  6.194460010697E-033 -5.383982778724E-033
  8.979869827958E+001 -7.157623814782E-034  6.230388680721E-034 -5.420936563616E-034
  9.256079651532E+001 -6.457646508677E-035  5.626712253685E-035 -4.900731912612E-035
  9.545135572765E+001 -5.196521781133E-036  4.532277852950E-036 -3.951465683188E-036
  9.847846711487E+001 -3.702961152217E-037  3.232702173338E-037 -2.821184740590E-037
  1.016508690915E+002 -2.318446187279E-038  2.025890652586E-038 -1.769680875531E-038
  1.049780104220E+002 -1.264719053239E-039  1.106128031927E-039 -9.671342012584E-040
  1.084701206579E+002 -5.956275883978E-041  5.213971396140E-041 -4.562909968727E-041
  1.121382888606E+002 -2.397949307192E-042  2.100906404235E-042 -1.840185709764E-042
  1.159945517414E+002 -8.164363934955E-044  7.159002428763E-044 -6.275945711863E-044
  1.200519925308E+002 -2.323529258102E-045  2.039071856368E-045 -1.789044651387E-045
  1.243248520934E+002 -5.457503257718E-047  4.793178473161E-047 -4.208862306914E-047
  1.288286540551E+002 -1.043369905843E-048  9.170737970539E-049 -8.059137686215E-049
  1.335803459987E+002 -1.599212934109E-050  1.406695206989E-050 -1.237138676339E-050
  1.385984591287E+002 -1.932893894015E-052  1.701457058286E-052 -1.497492199611E-052
  1.439032892205E+002 -1.809122565672E-054  1.593646276832E-054 -1.403627971111E-054
  1.495171021587E+002 -1.285420815127E-056  1.133110058606E-056 -9.987117821436E-057
  1.554643679592E+002 -6.783326867827E-059  5.983624821905E-059 -5.277546883478E-059
  1.617720278763E+002 -2.595390666446E-061  2.290927590281E-061 -2.021950943300E-061
  1.684698000514E+002 -7.011142046082E-064  6.192652638881E-064 -5.469145583575E-064
  1.755905301928E+002 -1.298520804819E-066  1.147647863822E-066 -1.014208140674E-066
  1.831705950299E+002 -1.596096096188E-069  1.411507382157E-069 -1.248158056877E-069
  1.912503678195E+002 -1.255861601527E-072  1.111278726071E-072 -9.832634235076E-073
  1.998747570544E+002 -6.076550807019E-076  5.380074623615E-076 -4.763083981035E-076
  2.090938318328E+002 -1.728857709140E-079  1.531557593016E-079 -1.356685132770E-079
  2.189635501945E+002 -2.751143685012E-083  2.438503343892E-083 -2.161263655490E-083
  2.295466102647E+002 -2.315071206369E-087  2.053069414292E-087 -1.820621566116E-087
  2.409134484547E+002 -9.672739711971E-092  8.582450014607E-092 -7.614687776513E-092
  2.531434144886E+002 -1.869134905245E-096  1.659274883639E-096 -1.472913201348E-096
  2.663261599835E+002 -1.541716965185E-101  1.369278412683E-101 -1.216079350332E-101
  2.805632861191E+002 -4.956356403667E-107  4.404054258539E-107 -3.913159928440E-107
  2.959703071532E+002 -5.600487454749E-113  4.978662433098E-113 -4.425740552820E-113
  3.126790009236E+002 -1.976889922296E-119  1.758165868878E-119 -1.563597963142E-119
  3.308402360200E+002 -1.904571392815E-126  1.694567959139E-126 -1.507682746655E-126
  3.506273893903E+002 -4.288273417517E-134  3.817003261800E-134 -3.397449904482E-134
  3.722404996260E+002 -1.886612097715E-142  1.679944907598E-142 -1.495887890597E-142
  3.959113426415E+002 -1.317953613371E-151  1.174029525098E-151 -1.045804497996E-151
  4.219096715122E+002 -1.148334088467E-161  1.023311371662E-161 -9.118866332924E-162
  4.505509359373E+002 -9.409106855798E-173  8.387699117849E-173 -7.477072909072E-173
  4.822058963204E+002 -5.202239264956E-185  4.639102635509E-185 -4.136877963078E-185
  5.173126831536E+002 -1.311115994676E-198  1.169575790317E-198 -1.043305166849E-198
  5.563920392209E+002 -9.449654083583E-214  8.432205908711E-214 -7.524243148031E-214
  6.000667421536E+002 -1.115173029634E-230  9.954056177967E-231 -8.884945544330E-231
  6.490865708786E+002 -1.101152966642E-249  9.831789609359E-250 -8.778388953224E-250
  7.043607010442E+002 -4.030480291273E-271  3.599676123836E-271 -3.214902339783E-271
  7.670001674974E+002 -2.021958254874E-295  1.806322004273E-295 -1.613675678076E-295
  8.383741345464E+002  0.000000000000E+000  0.000000000000E+000  0.000000000000E+000
  9.201853543213E+002  0.000000000000E+000  0.000000000000E+000  0.000000000000E+000
  1.014572672318E+003  0.000000000000E+000  0.000000000000E+000  0.000000000000E+000
  1.124252254996E+003  0.000000000000E+000  0.000000000000E+000  0.000000000000E+000
  1.252715205428E+003  0.000000000000E+000  0.000000000000E+000  0.000000000000E+000
  1.404508845568E+003  0.000000000000E+000  0.000000000000E+000  0.000000000000E+000
  1.585644739908E+003  0.000000000000E+000  0.000000000000E+000  0.000000000000E+000
  1.804203189488E+003  0.000000000000E+000  0.000000000000E+000  0.000000000000E+000
  2.071250249814E+003  0.000000000000E+000  0.000000000000E+000  0.000000000000E+000
  2.402266552340E+003  0.000000000000E+000  0.000000000000E+000  0.000000000000E+000
  2.819442449497E+003  0.000000000000E+000  0.000000000000E+000  0.000000000000E+000
  3.355496240167E+003  0.000000000000E+000  0.000000000000E+000  0.000000000000E+000
  4.060290442982E+003  0.000000000000E+000  0.000000000000E+000  0.000000000000E+000
  5.012860622227E+003  0.000000000000E+000  0.000000000000E+000  0.000000000000E+000
  6.344578802016E+003  0.000000000000E+000  0.000000000000E+000  0.000000000000E+000
  8.287000878586E+003  0.000000000000E+000  0.000000000000E+000  0.000000000000E+000
  1.127976970933E+004  0.000000000000E+000  0.000000000000E+000  0.000000000000E+000
  1.624316171036E+004  0.000000000000E+000  0.000000000000E+000  0.000000000000E+000
  2.538031516868E+004  0.000000000000E+000  0.000000000000E+000  0.000000000000E+000
  4.512107881524E+004  0.000000000000E+000  0.000000000000E+000  0.000000000000E+000
  1.015232606647E+005  0.000000000000E+000  0.000000000000E+000  0.000000000000E+000
  4.060950426526E+005  0.000000000000E+000  0.000000000000E+000  0.000000000000E+000
