# 1st line: number of mesh points
# abcissa wavefunction wavefunction_1st wavefunction_2nd
1000
# Principal QN=   3 , l=   1 , Occupation=   4.9990
  2.462477732966E-006  3.588609410260E-004  1.457239807366E+002 -6.228001440274E+003
  9.849959442330E-006  1.435224254267E-003  1.456779784615E+002 -6.226114148450E+003
  2.216259066178E-005  3.228431617094E-003  1.456013379714E+002 -6.222970156830E+003
  3.940061395432E-005  5.737386514280E-003  1.454941041826E+002 -6.218571705502E+003
  6.156436892224E-005  8.960555270531E-003  1.453563399047E+002 -6.212921926514E+003
  8.865429222131E-005  1.289596849376E-002  1.451881257679E+002 -6.206024839807E+003
  1.206709175794E-004  1.754122292679E-002  1.449895601297E+002 -6.197885347999E+003
  1.576148758184E-004  2.289348370448E-002  1.447607589605E+002 -6.188509230029E+003
  1.994868948811E-004  2.894948701268E-002  1.445018557102E+002 -6.177903133669E+003
  2.462877998613E-004  3.570554314487E-002  1.442130011534E+002 -6.166074566929E+003
  2.980185130383E-004  4.315753995146E-002  1.438943632161E+002 -6.153031888348E+003
  3.546800539158E-004  5.130094667655E-002  1.435461267822E+002 -6.138784296219E+003
  4.162735392647E-004  6.013081817572E-002  1.431684934812E+002 -6.123341816735E+003
  4.828001831694E-004  6.964179950846E-002  1.427616814575E+002 -6.106715291103E+003
  5.542612970792E-004  7.982813089797E-002  1.423259251206E+002 -6.088916361633E+003
  6.306582898628E-004  9.068365305030E-002  1.418614748786E+002 -6.069957456834E+003
  7.119926678676E-004  1.022018128249E-001  1.413685968535E+002 -6.049851775538E+003
  7.982660349828E-004  1.143756692472E-001  1.408475725794E+002 -6.028613270088E+003
  8.894800927067E-004  1.271978998546E-001  1.402986986855E+002 -6.006256628615E+003
  9.856366402179E-004  1.406608073650E-001  1.397222865622E+002 -5.982797256427E+003
  1.086737574451E-003  1.547563266588E-001  1.391186620126E+002 -5.958251256561E+003
  1.192784890174E-003  1.694760320622E-001  1.384881648890E+002 -5.932635409515E+003
  1.303780680078E-003  1.848111449223E-001  1.378311487155E+002 -5.905967152208E+003
  1.419727134858E-003  2.007525414608E-001  1.371479802979E+002 -5.878264556188E+003
  1.540626543307E-003  2.172907608961E-001  1.364390393197E+002 -5.849546305153E+003
  1.666481292416E-003  2.344160138192E-001  1.357047179277E+002 -5.819831671792E+003
  1.797293867468E-003  2.521181908139E-001  1.349454203045E+002 -5.789140494007E+003
  1.933066852148E-003  2.703868713062E-001  1.341615622324E+002 -5.757493150560E+003
  2.073802928647E-003  2.892113326295E-001  1.333535706458E+002 -5.724910536161E+003
  2.219504877777E-003  3.085805592952E-001  1.325218831759E+002 -5.691414036072E+003
  2.370175579090E-003  3.284832524513E-001  1.316669476860E+002 -5.657025500246E+003
  2.525818010992E-003  3.489078395184E-001  1.307892218003E+002 -5.621767217056E+003
  2.686435250879E-003  3.698424839875E-001  1.298891724249E+002 -5.585661886660E+003
  2.852030475254E-003  3.912750953668E-001  1.289672752639E+002 -5.548732594033E+003
  3.022606959872E-003  4.131933392618E-001  1.280240143295E+002 -5.511002781726E+003
  3.198168079872E-003  4.355846475770E-001  1.270598814484E+002 -5.472496222399E+003
  3.378717309917E-003  4.584362288229E-001  1.260753757640E+002 -5.433236991147E+003
  3.564258224347E-003  4.817350785152E-001  1.250710032364E+002 -5.393249437705E+003
  3.754794497325E-003  5.054679896519E-001  1.240472761397E+002 -5.352558158538E+003
  3.950329902993E-003  5.296215632552E-001  1.230047125592E+002 -5.311187968892E+003
  4.150868315631E-003  5.541822189616E-001  1.219438358870E+002 -5.269163874826E+003
  4.356413709820E-003  5.791362056499E-001  1.208651743187E+002 -5.226511045293E+003
  4.566970160612E-003  6.044696120911E-001  1.197692603509E+002 -5.183254784293E+003
  4.782541843700E-003  6.301683776066E-001  1.186566302809E+002 -5.139420503156E+003
  5.003133035593E-003  6.562183027228E-001  1.175278237088E+002 -5.095033692996E+003
  5.228748113801E-003  6.826050598082E-001  1.163833830427E+002 -5.050119897368E+003
  5.459391557015E-003  7.093142036798E-001  1.152238530089E+002 -5.004704685184E+003
  5.695067945303E-003  7.363311821664E-001  1.140497801658E+002 -4.958813623923E+003
  5.935781960296E-003  7.636413466176E-001  1.128617124239E+002 -4.912472253171E+003
  6.181538385392E-003  7.912299623441E-001  1.116601985721E+002 -4.865706058536E+003
  6.432342105956E-003  8.190822189806E-001  1.104457878100E+002 -4.818540445970E+003
  6.688198109528E-003  8.471832407572E-001  1.092190292888E+002 -4.771000716546E+003
  6.949111486034E-003  8.755180966702E-001  1.079804716591E+002 -4.723112041713E+003
  7.215087428003E-003  9.040718105415E-001  1.067306626280E+002 -4.674899439066E+003
  7.486131230784E-003  9.328293709550E-001  1.054701485251E+002 -4.626387748673E+003
  7.762248292776E-003  9.617757410624E-001  1.041994738785E+002 -4.577601609983E+003
  8.043444115654E-003  9.908958682476E-001  1.029191810006E+002 -4.528565439345E+003
  8.329724304602E-003  1.020174693641E+000  1.016298095849E+002 -4.479303408169E+003
  8.621094568555E-003  1.049597161477E+000  1.003318963137E+002 -4.429839421761E+003
  8.917560720438E-003  1.079148228281E+000  9.902597447786E+001 -4.380197098845E+003
  9.219128677417E-003  1.108812871891E+000  9.771257360816E+001 -4.330399751816E+003
  9.525804461149E-003  1.138576100288E+000  9.639221911890E+001 -4.280470367722E+003
  9.837594198038E-003  1.168422960251E+000  9.506543196450E+001 -4.230431590022E+003
  1.015450411950E-002  1.198338545805E+000  9.373272830902E+001 -4.180305701119E+003
  1.047654056222E-002  1.228308006485E+000  9.239461920884E+001 -4.130114605692E+003
  1.080370996845E-002  1.258316555386E+000  9.105161030900E+001 -4.079879814854E+003
  1.113601888623E-002  1.288349477009E+000  8.970420155318E+001 -4.029622431127E+003
  1.147347396972E-002  1.318392134894E+000  8.835288690773E+001 -3.979363134271E+003
  1.181608197948E-002  1.348429979040E+000  8.699815409968E+001 -3.929122167962E+003
  1.216384978272E-002  1.378448553098E+000  8.564048436901E+001 -3.878919327330E+003
  1.251678435364E-002  1.408433501359E+000  8.428035223529E+001 -3.828773947373E+003
  1.287489277369E-002  1.438370575497E+000  8.291822527857E+001 -3.778704892239E+003
  1.323818223191E-002  1.468245641112E+000  8.155456393482E+001 -3.728730545393E+003
  1.360666002522E-002  1.498044684023E+000  8.018982130570E+001 -3.678868800662E+003
  1.398033355872E-002  1.527753816354E+000  7.882444298274E+001 -3.629137054158E+003
  1.435921034603E-002  1.557359282386E+000  7.745886688591E+001 -3.579552197087E+003
  1.474329800963E-002  1.586847464177E+000  7.609352311638E+001 -3.530130609430E+003
  1.513260428113E-002  1.616204886971E+000  7.472883382349E+001 -3.480888154494E+003
  1.552713700165E-002  1.645418224368E+000  7.336521308571E+001 -3.431840174337E+003
  1.592690412217E-002  1.674474303281E+000  7.200306680547E+001 -3.383001486039E+003
  1.633191370382E-002  1.703360108670E+000  7.064279261767E+001 -3.334386378828E+003
  1.674217391826E-002  1.732062788058E+000  6.928477981160E+001 -3.286008612043E+003
  1.715769304806E-002  1.760569655828E+000  6.792940926616E+001 -3.237881413917E+003
  1.757847948698E-002  1.788868197314E+000  6.657705339796E+001 -3.190017481179E+003
  1.800454174044E-002  1.816946072678E+000  6.522807612218E+001 -3.142428979438E+003
  1.843588842578E-002  1.844791120583E+000  6.388283282576E+001 -3.095127544363E+003
  1.887252827273E-002  1.872391361666E+000  6.254167035270E+001 -3.048124283606E+003
  1.931447012370E-002  1.899735001813E+000  6.120492700101E+001 -3.001429779487E+003
  1.976172293425E-002  1.926810435240E+000  5.987293253114E+001 -2.955054092382E+003
  2.021429577341E-002  1.953606247392E+000  5.854600818528E+001 -2.909006764824E+003
  2.067219782411E-002  1.980111217648E+000  5.722446671737E+001 -2.863296826282E+003
  2.113543838356E-002  2.006314321865E+000  5.590861243323E+001 -2.817932798589E+003
  2.160402686371E-002  2.032204734731E+000  5.459874124053E+001 -2.772922702008E+003
  2.207797279156E-002  2.057771831967E+000  5.329514070810E+001 -2.728274061899E+003
  2.255728580967E-002  2.083005192358E+000  5.199809013416E+001 -2.683993915977E+003
  2.304197567655E-002  2.107894599634E+000  5.070786062303E+001 -2.640088822108E+003
  2.353205226706E-002  2.132430044199E+000  4.942471516986E+001 -2.596564866651E+003
  2.402752557287E-002  2.156601724717E+000  4.814890875289E+001 -2.553427673286E+003
  2.452840570292E-002  2.180400049558E+000  4.688068843289E+001 -2.510682412322E+003
  2.503470288379E-002  2.203815638121E+000  4.562029345908E+001 -2.468333810446E+003
  2.554642746023E-002  2.226839322015E+000  4.436795538134E+001 -2.426386160883E+003
  2.606358989558E-002  2.249462146141E+000  4.312389816798E+001 -2.384843333951E+003
  2.658620077221E-002  2.271675369640E+000  4.188833832879E+001 -2.343708787963E+003
  2.711427079202E-002  2.293470466748E+000  4.066148504274E+001 -2.302985580462E+003
  2.764781077690E-002  2.314839127541E+000  3.944354028999E+001 -2.262676379749E+003
  2.818683166921E-002  2.335773258589E+000  3.823469898761E+001 -2.222783476686E+003
  2.873134453224E-002  2.356264983512E+000  3.703514912867E+001 -2.183308796726E+003
  2.928136055074E-002  2.376306643461E+000  3.584507192416E+001 -2.144253912166E+003
  2.983689103139E-002  2.395890797510E+000  3.466464194727E+001 -2.105620054568E+003
  3.039794740329E-002  2.415010222979E+000  3.349402727966E+001 -2.067408127339E+003
  3.096454121851E-002  2.433657915687E+000  3.233338965923E+001 -2.029618718430E+003
  3.153668415253E-002  2.451827090139E+000  3.118288462896E+001 -1.992252113128E+003
  3.211438800486E-002  2.469511179659E+000  3.004266168638E+001 -1.955308306921E+003
  3.269766469947E-002  2.486703836457E+000  2.891286443337E+001 -1.918787018393E+003
  3.328652628537E-002  2.503398931659E+000  2.779363072575E+001 -1.882687702139E+003
  3.388098493714E-002  2.519590555280E+000  2.668509282233E+001 -1.847009561661E+003
  3.448105295547E-002  2.535273016161E+000  2.558737753311E+001 -1.811751562229E+003
  3.508674276771E-002  2.550440841863E+000  2.450060636620E+001 -1.776912443674E+003
  3.569806692844E-002  2.565088778531E+000  2.342489567314E+001 -1.742490733094E+003
  3.631503812000E-002  2.579211790719E+000  2.236035679230E+001 -1.708484757450E+003
  3.693766915309E-002  2.592805061193E+000  2.130709619005E+001 -1.674892656022E+003
  3.756597296732E-002  2.605863990700E+000  2.026521559940E+001 -1.641712392715E+003
  3.819996263183E-002  2.618384197724E+000  1.923481215582E+001 -1.608941768186E+003
  3.883965134583E-002  2.630361518208E+000  1.821597853006E+001 -1.576578431770E+003
  3.948505243923E-002  2.641792005263E+000  1.720880305755E+001 -1.544619893197E+003
  4.013617937323E-002  2.652671928864E+000  1.621336986437E+001 -1.513063534064E+003
  4.079304574093E-002  2.662997775513E+000  1.522975898946E+001 -1.481906619070E+003
  4.145566526792E-002  2.672766247909E+000  1.425804650286E+001 -1.451146306971E+003
  4.212405181296E-002  2.681974264580E+000  1.329830461992E+001 -1.420779661257E+003
  4.279821936853E-002  2.690618959522E+000  1.235060181118E+001 -1.390803660536E+003
  4.347818206155E-002  2.698697681811E+000  1.141500290797E+001 -1.361215208598E+003
  4.416395415396E-002  2.706207995204E+000  1.049156920341E+001 -1.332011144172E+003
  4.485555004336E-002  2.713147677735E+000  9.580358548895E+000 -1.303188250336E+003
  4.555298426375E-002  2.719514721285E+000  8.681425445849E+000 -1.274743263594E+003
  4.625627148608E-002  2.725307331145E+000  7.794821132790E+000 -1.246672882601E+003
  4.696542651902E-002  2.730523925566E+000  6.920593667580E+000 -1.218973776519E+003
  4.768046430958E-002  2.735163135286E+000  6.058788004887E+000 -1.191642593026E+003
  4.840139994379E-002  2.739223803050E+000  5.209446068824E+000 -1.164675965932E+003
  4.912824864743E-002  2.742704983098E+000  4.372606820785E+000 -1.138070522438E+003
  4.986102578670E-002  2.745605940648E+000  3.548306322484E+000 -1.111822890006E+003
  5.059974686895E-002  2.747926151347E+000  2.736577794261E+000 -1.085929702844E+003
  5.134442754336E-002  2.749665300703E+000  1.937451668677E+000 -1.060387608020E+003
  5.209508360169E-002  2.750823283492E+000  1.150955639499E+000 -1.035193271175E+003
  5.285173097899E-002  2.751400203136E+000  3.771147061294E-001 -1.010343381869E+003
  5.361438575437E-002  2.751396371051E+000 -3.840487864023E-001 -9.858346585311E+002
  5.438306415168E-002  2.750812305967E+000 -1.132515111792E+000 -9.616638530362E+002
  5.515778254035E-002  2.749648733208E+000 -1.868267131027E+000 -9.378277549039E+002
  5.593855743605E-002  2.747906583940E+000 -2.591290265037E+000 -9.143231951216E+002
  5.672540550155E-002  2.745586994376E+000 -3.301572471288E+000 -8.911470496004E+002
  5.751834354743E-002  2.742691304944E+000 -3.999104224156E+000 -8.682962422674E+002
  5.831738853289E-002  2.739221059401E+000 -4.683878498929E+000 -8.457677478014E+002
  5.912255756656E-002  2.735178003913E+000 -5.355890759257E+000 -8.235585940182E+002
  5.993386790726E-002  2.730564086072E+000 -6.015138947877E+000 -8.016658639132E+002
  6.075133696481E-002  2.725381453866E+000 -6.661623480409E+000 -7.800866973714E+002
  6.157498230090E-002  2.719632454599E+000 -7.295347242058E+000 -7.588182925498E+002
  6.240482162984E-002  2.713319633739E+000 -7.916315586988E+000 -7.378579069468E+002
  6.324087281946E-002  2.706445733720E+000 -8.524536340192E+000 -7.172028581636E+002
  6.408315389190E-002  2.699013692671E+000 -9.120019801633E+000 -6.968505243713E+002
  6.493168302447E-002  2.691026643085E+000 -9.702778752450E+000 -6.767983444944E+002
  6.578647855056E-002  2.682487910412E+000 -1.027282846301E+001 -6.570438181194E+002
  6.664755896041E-002  2.673401011592E+000 -1.083018670258E+001 -6.375845051442E+002
  6.751494290207E-002  2.663769653507E+000 -1.137487375046E+001 -6.184180251767E+002
  6.838864918226E-002  2.653597731361E+000 -1.190691240824E+001 -5.995420566971E+002
  6.926869676725E-002  2.642889326982E+000 -1.242632801307E+001 -5.809543359962E+002
  7.015510478375E-002  2.631648707046E+000 -1.293314845172E+001 -5.626526559010E+002
  7.104789251987E-002  2.619880321219E+000 -1.342740417512E+001 -5.446348643028E+002
  7.194707942599E-002  2.607588800222E+000 -1.390912821328E+001 -5.268988624992E+002
  7.285268511573E-002  2.594778953800E+000 -1.437835619030E+001 -5.094426033636E+002
  7.376472936684E-002  2.581455768621E+000 -1.483512633931E+001 -4.922640893556E+002
  7.468323212221E-002  2.567624406076E+000 -1.527947951714E+001 -4.753613703857E+002
  7.560821349078E-002  2.553290200003E+000 -1.571145921845E+001 -4.587325415466E+002
  7.653969374850E-002  2.538458654311E+000 -1.613111158920E+001 -4.423757407257E+002
  7.747769333938E-002  2.523135440526E+000 -1.653848543933E+001 -4.262891461101E+002
  7.842223287637E-002  2.507326395241E+000 -1.693363225427E+001 -4.104709735989E+002
  7.937333314243E-002  2.491037517484E+000 -1.731660620530E+001 -3.949194741341E+002
  8.033101509154E-002  2.474274965985E+000 -1.768746415856E+001 -3.796329309631E+002
  8.129529984966E-002  2.457045056368E+000 -1.804626568242E+001 -3.646096568459E+002
  8.226620871580E-002  2.439354258245E+000 -1.839307305324E+001 -3.498479912178E+002
  8.324376316303E-002  2.421209192221E+000 -1.872795125926E+001 -3.353462973210E+002
  8.422798483957E-002  2.402616626822E+000 -1.905096800252E+001 -3.211029593149E+002
  8.521889556978E-002  2.383583475321E+000 -1.936219369868E+001 -3.071163793781E+002
  8.621651735528E-002  2.364116792495E+000 -1.966170147469E+001 -2.933849748118E+002
  8.722087237602E-002  2.344223771285E+000 -1.994956716401E+001 -2.799071751552E+002
  8.823198299134E-002  2.323911739381E+000 -2.022586929960E+001 -2.666814193237E+002
  8.924987174107E-002  2.303188155726E+000 -2.049068910423E+001 -2.537061527796E+002
  9.027456134670E-002  2.282060606934E+000 -2.074411047836E+001 -2.409798247428E+002
  9.130607471240E-002  2.260536803645E+000 -2.098621998529E+001 -2.285008854540E+002
  9.234443492626E-002  2.238624576790E+000 -2.121710683365E+001 -2.162677834945E+002
  9.338966526132E-002  2.216331873797E+000 -2.143686285710E+001 -2.042789631746E+002
  9.444178917683E-002  2.193666754721E+000 -2.164558249132E+001 -1.925328619948E+002
  9.550083031933E-002  2.170637388307E+000 -2.184336274809E+001 -1.810279081895E+002
  9.656681252387E-002  2.147252047996E+000 -2.203030318663E+001 -1.697625183577E+002
  9.763975981519E-002  2.123519107863E+000 -2.220650588201E+001 -1.587350951881E+002
  9.871969640891E-002  2.099447038499E+000 -2.237207539084E+001 -1.479440252835E+002
  9.980664671274E-002  2.075044402848E+000 -2.252711871399E+001 -1.373876770902E+002
  1.009006353277E-001  2.050319851979E+000 -2.267174525661E+001 -1.270643989359E+002
  1.020016870494E-001  2.025282120822E+000 -2.280606678532E+001 -1.169725171816E+002
  1.031098268692E-001  1.999940023858E+000 -2.293019738266E+001 -1.071103344902E+002
  1.042250799756E-001  1.974302450769E+000 -2.304425339885E+001 -9.747612821500E+001
  1.053474717553E-001  1.948378362053E+000 -2.314835340090E+001 -8.806814891096E+001
  1.064770277946E-001  1.922176784603E+000 -2.324261811913E+001 -7.888461897128E+001
  1.076137738809E-001  1.895706807270E+000 -2.332717039116E+001 -6.992373139010E+001
  1.087577360036E-001  1.868977576388E+000 -2.340213510350E+001 -6.118364865336E+001
  1.099089403557E-001  1.841998291291E+000 -2.346763913072E+001 -5.266250175834E+001
  1.110674133350E-001  1.814778199809E+000 -2.352381127240E+001 -4.435838936227E+001
  1.122331815458E-001  1.787326593754E+000 -2.357078218791E+001 -3.626937706004E+001
  1.134062717995E-001  1.759652804400E+000 -2.360868432900E+001 -2.839349679055E+001
  1.145867111168E-001  1.731766197959E+000 -2.363765187061E+001 -2.072874637076E+001
  1.157745267286E-001  1.703676171062E+000 -2.365782063961E+001 -1.327308915640E+001
  1.169697460775E-001  1.675392146239E+000 -2.366932804198E+001 -6.024453827600E+000
  1.181723968193E-001  1.646923567417E+000 -2.367231298820E+001  1.019265702448E+000
  1.193825068243E-001  1.618279895424E+000 -2.366691581724E+001  7.860210258009E+000
  1.206001041787E-001  1.589470603518E+000 -2.365327821913E+001  1.450055525318E+001
  1.218252171865E-001  1.560505172935E+000 -2.363154315624E+001  2.094251042894E+001
  1.230578743703E-001  1.531393088460E+000 -2.360185478349E+001  2.718831947803E+001
  1.242981044731E-001  1.502143834037E+000 -2.356435836752E+001  3.324025956113E+001
  1.255459364600E-001  1.472766888403E+000 -2.351920020501E+001  3.910064071793E+001
  1.268013995194E-001  1.443271720764E+000 -2.346652754028E+001  4.477180517707E+001
  1.280645230647E-001  1.413667786513E+000 -2.340648848229E+001  5.025612656892E+001
  1.293353367356E-001  1.383964522993E+000 -2.333923192112E+001  5.555600904555E+001
  1.306138704000E-001  1.354171345306E+000 -2.326490744421E+001  6.067388631238E+001
  1.319001541553E-001  1.324297642177E+000 -2.318366525237E+001  6.561222057591E+001
  1.331942183303E-001  1.294352771867E+000 -2.309565607566E+001  7.037350141252E+001
  1.344960934863E-001  1.264346058154E+000 -2.300103108945E+001  7.496024456286E+001
  1.358058104191E-001  1.234286786362E+000 -2.289994183057E+001  7.937499065698E+001
  1.371234001607E-001  1.204184199468E+000 -2.279254011386E+001  8.362030387511E+001
  1.384488939805E-001  1.174047494265E+000 -2.267897794907E+001  8.769877054908E+001
  1.397823233874E-001  1.143885817599E+000 -2.255940745846E+001  9.161299770951E+001
  1.411237201313E-001  1.113708262674E+000 -2.243398079492E+001  9.536561158388E+001
  1.424731162050E-001  1.083523865440E+000 -2.230285006107E+001  9.895925605057E+001
  1.438305438454E-001  1.053341601044E+000 -2.216616722908E+001  1.023965910539E+002
  1.451960355357E-001  1.023170380369E+000 -2.202408406165E+001  1.056802909853E+002
  1.465696240072E-001  9.930190466512E-001 -2.187675203408E+001  1.088130430356E+002
  1.479513422405E-001  9.628963721737E-001 -2.172432225750E+001  1.117975455237E+002
  1.493412234681E-001  9.328110550512E-001 -2.156694540346E+001  1.146365062053E+002
  1.507393011753E-001  9.027717160935E-001 -2.140477162995E+001  1.173326405686E+002
  1.521456091027E-001  8.727868957572E-001 -2.123795050887E+001  1.198886701198E+002
  1.535601812478E-001  8.428650511839E-001 -2.106663095506E+001  1.223073206636E+002
  1.549830518669E-001  8.130145533264E-001 -2.089096115703E+001  1.245913205836E+002
  1.564142554766E-001  7.832436841636E-001 -2.071108850935E+001  1.267433991262E+002
  1.578538268564E-001  7.535606340047E-001 -2.052715954685E+001  1.287662846931E+002
  1.593018010499E-001  7.239734988830E-001 -2.033931988066E+001  1.306627031454E+002
  1.607582133673E-001  6.944902780402E-001 -2.014771413617E+001  1.324353761244E+002
  1.622230993867E-001  6.651188715011E-001 -1.995248589285E+001  1.340870193912E+002
  1.636964949568E-001  6.358670777384E-001 -1.975377762618E+001  1.356203411909E+002
  1.651784361984E-001  6.067425914284E-001 -1.955173065150E+001  1.370380406427E+002
  1.666689595063E-001  5.777530012965E-001 -1.934648507000E+001  1.383428061600E+002
  1.681681015517E-001  5.489057880531E-001 -1.913817971678E+001  1.395373139040E+002
  1.696758992842E-001  5.202083224187E-001 -1.892695211097E+001  1.406242262725E+002
  1.711923899335E-001  4.916678632380E-001 -1.871293840807E+001  1.416061904278E+002
  1.727176110118E-001  4.632915556823E-001 -1.849627335435E+001  1.424858368648E+002
  1.742516003158E-001  4.350864295402E-001 -1.827709024348E+001  1.432657780231E+002
  1.757943959287E-001  4.070593975936E-001 -1.805552087528E+001  1.439486069438E+002
  1.773460362227E-001  3.792172540810E-001 -1.783169551658E+001  1.445368959734E+002
  1.789065598608E-001  3.515666732446E-001 -1.760574286433E+001  1.450331955169E+002
  1.804760057990E-001  3.241142079614E-001 -1.737779001077E+001  1.454400328411E+002
  1.820544132889E-001  2.968662884568E-001 -1.714796241073E+001  1.457599109290E+002
  1.836418218792E-001  2.698292210991E-001 -1.691638385110E+001  1.459953073875E+002
  1.852382714189E-001  2.430091872742E-001 -1.668317642229E+001  1.461486734084E+002
  1.868438020586E-001  2.164122423385E-001 -1.644846049185E+001  1.462224327842E+002
  1.884584542535E-001  1.900443146491E-001 -1.621235468003E+001  1.462189809777E+002
  1.900822687655E-001  1.639112046692E-001 -1.597497583739E+001  1.461406842487E+002
  1.917152866652E-001  1.380185841478E-001 -1.573643902437E+001  1.459898788345E+002
  1.933575493349E-001  1.123719953719E-001 -1.549685749274E+001  1.457688701871E+002
  1.950090984705E-001  8.697685048888E-002 -1.525634266895E+001  1.454799322654E+002
  1.966699760840E-001  6.183843089908E-002 -1.501500413939E+001  1.451253068833E+002
  1.983402245061E-001  3.696188671515E-002 -1.477294963731E+001  1.447072031117E+002
  2.000198863884E-001  1.235223628766E-002 -1.453028503156E+001  1.442277967356E+002
  2.017090047061E-001 -1.198563420511E-002 -1.428711431705E+001  1.436892297651E+002
  2.034076227605E-001 -3.604697110487E-002 -1.404353960675E+001  1.430936099985E+002
  2.051157841813E-001 -5.982715356004E-002 -1.379966112540E+001  1.424430106379E+002
  2.068335329293E-001 -8.332169375338E-002 -1.355557720465E+001  1.417394699562E+002
  2.085609132993E-001 -1.065262370719E-001 -1.331138427973E+001  1.409849910130E+002
  2.102979699219E-001 -1.294365622211E-001 -1.306717688756E+001  1.401815414206E+002
  2.120447477670E-001 -1.520485812844E-001 -1.282304766615E+001  1.393310531559E+002
  2.138012921459E-001 -1.743583397307E-001 -1.257908735537E+001  1.384354224195E+002
  2.155676487143E-001 -1.963620163701E-001 -1.233538479898E+001  1.374965095390E+002
  2.173438634747E-001 -2.180559232606E-001 -1.209202694777E+001  1.365161389152E+002
  2.191299827795E-001 -2.394365055659E-001 -1.184909886395E+001  1.354960990104E+002
  2.209260533334E-001 -2.605003413683E-001 -1.160668372651E+001  1.344381423757E+002
  2.227321221965E-001 -2.812441414344E-001 -1.136486283768E+001  1.333439857176E+002
  2.245482367870E-001 -3.016647489390E-001 -1.112371563029E+001  1.322153100007E+002
  2.263744448840E-001 -3.217591391455E-001 -1.088331967609E+001  1.310537605849E+002
  2.282107946304E-001 -3.415244190457E-001 -1.064375069490E+001  1.298609473962E+002
  2.300573345358E-001 -3.609578269598E-001 -1.040508256456E+001  1.286384451291E+002
  2.319141134796E-001 -3.800567320982E-001 -1.016738733163E+001  1.273877934776E+002
  2.337811807137E-001 -3.988186340855E-001 -9.930735222783E+000  1.261104973950E+002
  2.356585858657E-001 -4.172411624489E-001 -9.695194656869E+000  1.248080273790E+002
  2.375463789419E-001 -4.353220760708E-001 -9.460832257526E+000  1.234818197822E+002
  2.394446103301E-001 -4.530592626081E-001 -9.227712866392E+000  1.221332771433E+002
  2.413533308032E-001 -4.704507378782E-001 -8.995899556793E+000  1.207637685411E+002
  2.432725915217E-001 -4.874946452122E-001 -8.765453647903E+000  1.193746299664E+002
  2.452024440374E-001 -5.041892547785E-001 -8.536434719321E+000  1.179671647115E+002
  2.471429402963E-001 -5.205329628739E-001 -8.308900626023E+000  1.165426437760E+002
  2.490941326418E-001 -5.365242911869E-001 -8.082907513666E+000  1.151023062864E+002
  2.510560738180E-001 -5.521618860314E-001 -7.858509834179E+000  1.136473599280E+002
  2.530288169732E-001 -5.674445175518E-001 -7.635760361639E+000  1.121789813891E+002
  2.550124156627E-001 -5.823710789019E-001 -7.414710208373E+000  1.106983168133E+002
  2.570069238527E-001 -5.969405853951E-001 -7.195408841271E+000  1.092064822615E+002
  2.590123959233E-001 -6.111521736303E-001 -6.977904098272E+000  1.077045641794E+002
  2.610288866721E-001 -6.250051005903E-001 -6.762242205004E+000  1.061936198718E+002
  2.630564513176E-001 -6.384987427156E-001 -6.548467791543E+000  1.046746779802E+002
  2.650951455027E-001 -6.516325949539E-001 -6.336623909277E+000  1.031487389642E+002
  2.671450252982E-001 -6.644062697839E-001 -6.126752047848E+000  1.016167755841E+002
  2.692061472063E-001 -6.768194962160E-001 -5.918892152155E+000  1.000797333852E+002
  2.712785681644E-001 -6.888721187692E-001 -5.713082639402E+000  9.853853118100E+001
  2.733623455485E-001 -7.005640964242E-001 -5.509360416167E+000  9.699406153626E+001
  2.754575371771E-001 -7.118955015536E-001 -5.307760895490E+000  9.544719124724E+001
  2.775642013146E-001 -7.228665188299E-001 -5.108318013955E+000  9.389876181944E+001
  2.796823966754E-001 -7.334774441095E-001 -4.911064248764E+000  9.234958994163E+001
  2.818121824272E-001 -7.437286832963E-001 -4.716030634795E+000  9.080046795556E+001
  2.839536181956E-001 -7.536207511815E-001 -4.523246781621E+000  8.925216432060E+001
  2.861067640671E-001 -7.631542702626E-001 -4.332740890505E+000  8.770542407278E+001
  2.882716805935E-001 -7.723299695401E-001 -4.144539771350E+000  8.616096927776E+001
  2.904484287958E-001 -7.811486832934E-001 -3.958668859604E+000  8.461949947713E+001
  2.926370701682E-001 -7.896113498344E-001 -3.775152233125E+000  8.308169212763E+001
  2.948376666818E-001 -7.977190102405E-001 -3.594012628992E+000  8.154820303305E+001
  2.970502807892E-001 -8.054728070672E-001 -3.415271460270E+000  8.001966676833E+001
  2.992749754281E-001 -8.128739830386E-001 -3.238948832734E+000  7.849669709569E+001
  3.015118140259E-001 -8.199238797184E-001 -3.065063561533E+000  7.697988737259E+001
  3.037608605035E-001 -8.266239361598E-001 -2.893633187826E+000  7.546981095123E+001
  3.060221792797E-001 -8.329756875356E-001 -2.724673995370E+000  7.396702156965E+001
  3.082958352758E-001 -8.389807637479E-001 -2.558201027069E+000  7.247205373419E+001
  3.105818939192E-001 -8.446408880181E-001 -2.394228101499E+000  7.098542309333E+001
  3.128804211487E-001 -8.499578754573E-001 -2.232767829395E+000  6.950762680296E+001
  3.151914834180E-001 -8.549336316174E-001 -2.073831630131E+000  6.803914388300E+001
  3.175151477009E-001 -8.595701510224E-001 -1.917429748168E+000  6.658043556558E+001
  3.198514814953E-001 -8.638695156821E-001 -1.763571269503E+000  6.513194563473E+001
  3.222005528283E-001 -8.678338935861E-001 -1.612264138110E+000  6.369410075786E+001
  3.245624302601E-001 -8.714655371797E-001 -1.463515172384E+000  6.226731080905E+001
  3.269371828894E-001 -8.747667818225E-001 -1.317330081597E+000  6.085196918442E+001
  3.293248803576E-001 -8.777400442285E-001 -1.173713482364E+000  5.944845310979E+001
  3.317255928537E-001 -8.803878208898E-001 -1.032668915139E+000  5.805712394080E+001
  3.341393911192E-001 -8.827126864829E-001 -8.941988607373E-001  5.667832745569E+001
  3.365663464529E-001 -8.847172922588E-001 -7.583047568871E-001  5.531239414121E+001
  3.390065307159E-001 -8.864043644169E-001 -6.249870148327E-001  5.395963947162E+001
  3.414600163363E-001 -8.877767024641E-001 -4.942450359787E-001  5.262036418134E+001
  3.439268763145E-001 -8.888371775580E-001 -3.660772285894E-001  5.129485453135E+001
  3.464071842282E-001 -8.895887308361E-001 -2.404810245460E-001  4.998338256977E+001
  3.489010142374E-001 -8.900343717312E-001 -1.174528961683E-001  4.868620638685E+001
  3.514084410898E-001 -8.901771762730E-001  3.011626896326E-003  4.740357036463E+001
  3.539295401259E-001 -8.900202853777E-001  1.209179407119E-001  4.613570542175E+001
  3.564643872842E-001 -8.895669031242E-001  2.362723500160E-001  4.488282925352E+001
  3.590130591069E-001 -8.888202950204E-001  3.490820511039E-001  4.364514656771E+001
  3.615756327448E-001 -8.877837862571E-001  4.593551146304E-001  4.242284931623E+001
  3.641521859632E-001 -8.864607599536E-001  5.671004683274E-001  4.121611692319E+001
  3.667427971473E-001 -8.848546553917E-001  6.723278796369E-001  4.002511650936E+001
  3.693475453076E-001 -8.829689662434E-001  7.750479382568E-001  3.885000311365E+001
  3.719665100860E-001 -8.808072387887E-001  8.752720385993E-001  3.769091991156E+001
  3.745997717609E-001 -8.783730701278E-001  9.730123621629E-001  3.654799843114E+001
  3.772474112534E-001 -8.756701063861E-001  1.068281859818E+000  3.542135876652E+001
  3.799095101331E-001 -8.727020409142E-001  1.161094234009E+000  3.431110978948E+001
  3.825861506238E-001 -8.694726124831E-001  1.251463920866E+000  3.321734935898E+001
  3.852774156096E-001 -8.659856034755E-001  1.339406072249E+000  3.214016452926E+001
  3.879833886411E-001 -8.622448380748E-001  1.424936537700E+000  3.107963175641E+001
  3.907041539409E-001 -8.582541804513E-001  1.508071846332E+000  3.003581710378E+001
  3.934397964105E-001 -8.540175329478E-001  1.588829188637E+000  2.900877644635E+001
  3.961904016361E-001 -8.495388342651E-001  1.667226398240E+000  2.799855567429E+001
  3.989560558949E-001 -8.448220576477E-001  1.743281933585E+000  2.700519089585E+001
  4.017368461617E-001 -8.398712090718E-001  1.817014859567E+000  2.602870863961E+001
  4.045328601149E-001 -8.346903254354E-001  1.888444829115E+000  2.506912605650E+001
  4.073441861437E-001 -8.292834727519E-001  1.957592064738E+000  2.412645112139E+001
  4.101709133538E-001 -8.236547443489E-001  2.024477340027E+000  2.320068283455E+001
  4.130131315750E-001 -8.178082590713E-001  2.089121961138E+000  2.229181142309E+001
  4.158709313670E-001 -8.117481594916E-001  2.151547748249E+000  2.139981854225E+001
  4.187444040269E-001 -8.054786101274E-001  2.211777017008E+000  2.052467747690E+001
  4.216336415958E-001 -7.990037956665E-001  2.269832559977E+000  1.966635334296E+001
  4.245387368658E-001 -7.923279192022E-001  2.325737628085E+000  1.882480328917E+001
  4.274597833869E-001 -7.854552004776E-001  2.379515912088E+000  1.799997669880E+001
  4.303968754741E-001 -7.783898741421E-001  2.431191524065E+000  1.719181539172E+001
  4.333501082151E-001 -7.711361880188E-001  2.480788978934E+000  1.640025382649E+001
  4.363195774768E-001 -7.636984013851E-001  2.528333176028E+000  1.562521930272E+001
  4.393053799131E-001 -7.560807832678E-001  2.573849380708E+000  1.486663216351E+001
  4.423076129724E-001 -7.482876107514E-001  2.617363206054E+000  1.412440599799E+001
  4.453263749047E-001 -7.403231673032E-001  2.658900594621E+000  1.339844784396E+001
  4.483617647698E-001 -7.321917411141E-001  2.698487800288E+000  1.268865839047E+001
  4.514138824444E-001 -7.238976234565E-001  2.736151370193E+000  1.199493218043E+001
  4.544828286302E-001 -7.154451070607E-001  2.771918126782E+000  1.131715781301E+001
  4.575687048617E-001 -7.068384845100E-001  2.805815149968E+000  1.065521814589E+001
  4.606716135142E-001 -6.980820466547E-001  2.837869759422E+000  1.000899049722E+001
  4.637916578118E-001 -6.891800810474E-001  2.868109496996E+000  9.378346847198E+000
  4.669289418353E-001 -6.801368703987E-001  2.896562109300E+000  8.763154039183E+000
  4.700835705309E-001 -6.709566910553E-001  2.923255530428E+000  8.163273980210E+000
  4.732556497182E-001 -6.616438114998E-001  2.948217864860E+000  7.578563840863E+000
  4.764452860985E-001 -6.522024908744E-001  2.971477370537E+000  7.008876254344E+000
  4.796525872639E-001 -6.426369775282E-001  2.993062442129E+000  6.454059514638E+000
  4.828776617050E-001 -6.329515075884E-001  3.013001594491E+000  5.913957773670E+000
  4.861206188205E-001 -6.231503035573E-001  3.031323446336E+000  5.388411237323E+000
  4.893815689254E-001 -6.132375729343E-001  3.048056704120E+000  4.877256360207E+000
  4.926606232602E-001 -6.032175068642E-001  3.063230146150E+000  4.380326039043E+000
  4.959578939999E-001 -5.930942788119E-001  3.076872606928E+000  3.897449804564E+000
  4.992734942630E-001 -5.828720432645E-001  3.089012961740E+000  3.428454011787E+000
  5.026075381207E-001 -5.725549344608E-001  3.099680111485E+000  2.973162028548E+000
  5.059601406064E-001 -5.621470651485E-001  3.108902967779E+000  2.531394422178E+000
  5.093314177250E-001 -5.516525253700E-001  3.116710438309E+000  2.102969144196E+000
  5.127214864626E-001 -5.410753812765E-001  3.123131412467E+000  1.687701712904E+000
  5.161304647959E-001 -5.304196739720E-001  3.128194747264E+000  1.285405393763E+000
  5.195584717022E-001 -5.196894183853E-001  3.131929253529E+000  8.958913774476E-001
  5.230056271692E-001 -5.088886021726E-001  3.134363682402E+000  5.189689554526E-001
  5.264720522050E-001 -4.980211846495E-001  3.135526712121E+000  1.544456931522E-001
  5.299578688483E-001 -4.870910957532E-001  3.135446935117E+000 -1.978723997935E-001
  5.334632001783E-001 -4.761022350344E-001  3.134152845416E+000 -5.381807017886E-001
  5.369881703256E-001 -4.650584706802E-001  3.131672826353E+000 -8.666758145059E-001
  5.405329044823E-001 -4.539636385671E-001  3.128035138609E+000 -1.183555401039E+000
  5.440975289128E-001 -4.428215413444E-001  3.123267908558E+000 -1.489018027090E+000
  5.476821709641E-001 -4.316359475485E-001  3.117399116951E+000 -1.783263005284E+000
  5.512869590774E-001 -4.204105907480E-001  3.110456587922E+000 -2.066490242681E+000
  5.549120227985E-001 -4.091491687185E-001  3.102467978324E+000 -2.338900091570E+000
  5.585574927889E-001 -3.978553426491E-001  3.093460767399E+000 -2.600693203619E+000
  5.622235008375E-001 -3.865327363792E-001  3.083462246786E+000 -2.852070387427E+000
  5.659101798716E-001 -3.751849356649E-001  3.072499510857E+000 -3.093232469573E+000
  5.696176639685E-001 -3.638154874771E-001  3.060599447400E+000 -3.324380159181E+000
  5.733460883672E-001 -3.524278993287E-001  3.047788728634E+000 -3.545713916085E+000
  5.770955894803E-001 -3.410256386326E-001  3.034093802565E+000 -3.757433822613E+000
  5.808663049055E-001 -3.296121320896E-001  3.019540884679E+000 -3.959739459053E+000
  5.846583734383E-001 -3.181907651049E-001  3.004155949977E+000 -4.152829782814E+000
  5.884719350837E-001 -3.067648812358E-001  2.987964725340E+000 -4.336903011341E+000
  5.923071310690E-001 -2.953377816671E-001  2.970992682242E+000 -4.512156508777E+000
  5.961641038558E-001 -2.839127247165E-001  2.953265029786E+000 -4.678786676414E+000
  6.000429971532E-001 -2.724929253676E-001  2.934806708080E+000 -4.836988846947E+000
  6.039439559304E-001 -2.610815548323E-001  2.915642381949E+000 -4.986957182529E+000
  6.078671264295E-001 -2.496817401406E-001  2.895796434962E+000 -5.128884576641E+000
  6.118126561791E-001 -2.382965637578E-001  2.875292963800E+000 -5.262962559781E+000
  6.157806940069E-001 -2.269290632296E-001  2.854155772941E+000 -5.389381208955E+000
  6.197713900541E-001 -2.155822308536E-001  2.832408369664E+000 -5.508329060971E+000
  6.237848957880E-001 -2.042590133777E-001  2.810073959372E+000 -5.619993029530E+000
  6.278213640166E-001 -1.929623117239E-001  2.787175441229E+000 -5.724558326069E+000
  6.318809489022E-001 -1.816949807383E-001  2.763735404101E+000 -5.822208384368E+000
  6.359638059756E-001 -1.704598289664E-001  2.739776122811E+000 -5.913124788868E+000
  6.400700921502E-001 -1.592596184520E-001  2.715319554683E+000 -5.997487206688E+000
  6.441999657370E-001 -1.480970645619E-001  2.690387336390E+000 -6.075473323295E+000
  6.483535864586E-001 -1.369748358331E-001  2.665000781090E+000 -6.147258781796E+000
  6.525311154647E-001 -1.258955538440E-001  2.639180875844E+000 -6.213017125806E+000
  6.567327153465E-001 -1.148617931079E-001  2.612948279319E+000 -6.272919745860E+000
  6.609585501525E-001 -1.038760809888E-001  2.586323319767E+000 -6.327135829296E+000
  6.652087854034E-001 -9.294089763943E-002  2.559325993263E+000 -6.375832313594E+000
  6.694835881080E-001 -8.205867595960E-002  2.531975962221E+000 -6.419173843075E+000
  6.737831267789E-001 -7.123180157595E-002  2.504292554155E+000 -6.457322728950E+000
  6.781075714485E-001 -6.046261284141E-002  2.476294760695E+000 -6.490438912612E+000
  6.824570936852E-001 -4.975340085437E-002  2.448001236853E+000 -6.518679932155E+000
  6.868318666096E-001 -3.910640949684E-002  2.419430300520E+000 -6.542200892017E+000
  6.912320649114E-001 -2.852383549106E-002  2.390599932202E+000 -6.561154435714E+000
  6.956578648660E-001 -1.800782847405E-002  2.361527774978E+000 -6.575690721568E+000
  7.001094443516E-001 -7.560491089522E-003  2.332231134677E+000 -6.585957401386E+000
  7.045869828664E-001  2.816120903415E-003  2.302726980275E+000 -6.592099601997E+000
  7.090906615461E-001  1.311999850531E-002  2.273031944485E+000 -6.594259909590E+000
  7.136206631812E-001  2.334917933572E-002  2.243162324560E+000 -6.592578356767E+000
  7.181771722357E-001  3.350174747740E-002  2.213134083281E+000 -6.587192412249E+000
  7.227603748644E-001  4.357583330593E-002  2.182962850134E+000 -6.578236973139E+000
  7.273704589315E-001  5.356961330531E-002  2.152663922665E+000 -6.565844359693E+000
  7.320076140295E-001  6.348130987000E-002  2.122252268007E+000 -6.550144312490E+000
  7.366720314977E-001  7.330919109407E-002  2.091742524574E+000 -6.531263991943E+000
  7.413639044413E-001  8.305157054789E-002  2.061149003918E+000 -6.509327980076E+000
  7.460834277508E-001  9.270680704294E-002  2.030485692728E+000 -6.484458284459E+000
  7.508307981215E-001  1.022733043853E-001  1.999766254983E+000 -6.456774344260E+000
  7.556062140732E-001  1.117495111180E-001  1.969004034247E+000 -6.426393038301E+000
  7.604098759705E-001  1.211339202538E-001  1.938212056083E+000 -6.393428695062E+000
  7.652419860431E-001  1.304250689971E-001  1.907403030610E+000 -6.357993104539E+000
  7.701027484060E-001  1.396215384573E-001  1.876589355164E+000 -6.320195531885E+000
  7.749923690810E-001  1.487219533529E-001  1.845783117085E+000 -6.280142732749E+000
  7.799110560171E-001  1.577249817074E-001  1.814996096601E+000 -6.237938970240E+000
  7.848590191124E-001  1.666293345376E-001  1.784239769819E+000 -6.193686033439E+000
  7.898364702358E-001  1.754337655335E-001  1.753525311806E+000 -6.147483257373E+000
  7.948436232486E-001  1.841370707326E-001  1.722863599764E+000 -6.099427544387E+000
  7.998806940270E-001  1.927380881862E-001  1.692265216279E+000 -6.049613386829E+000
  8.049479004846E-001  2.012356976208E-001  1.661740452658E+000 -5.998132890980E+000
  8.100454625952E-001  2.096288200928E-001  1.631299312324E+000 -5.945075802150E+000
  8.151736024160E-001  2.179164176389E-001  1.600951514291E+000 -5.890529530871E+000
  8.203325441110E-001  2.260974929208E-001  1.570706496684E+000 -5.834579180119E+000
  8.255225139746E-001  2.341710888657E-001  1.540573420323E+000 -5.777307573487E+000
  8.307437404560E-001  2.421362883026E-001  1.510561172356E+000 -5.718795284249E+000
  8.359964541833E-001  2.499922135949E-001  1.480678369933E+000 -5.659120665238E+000
  8.412808879885E-001  2.577380262698E-001  1.450933363918E+000 -5.598359879487E+000
  8.465972769320E-001  2.653729266437E-001  1.421334242644E+000 -5.536586931550E+000
  8.519458583285E-001  2.728961534462E-001  1.391888835686E+000 -5.473873699459E+000
  8.573268717726E-001  2.803069834403E-001  1.362604717669E+000 -5.410289967240E+000
  8.627405591648E-001  2.876047310417E-001  1.333489212092E+000 -5.345903457937E+000
  8.681871647376E-001  2.947887479348E-001  1.304549395170E+000 -5.280779867092E+000
  8.736669350829E-001  3.018584226887E-001  1.275792099689E+000 -5.214982896601E+000
  8.791801191785E-001  3.088131803706E-001  1.247223918870E+000 -5.148574288926E+000
  8.847269684160E-001  3.156524821586E-001  1.218851210235E+000 -5.081613861575E+000
  8.903077366283E-001  3.223758249541E-001  1.190680099480E+000 -5.014159541832E+000
  8.959226801184E-001  3.289827409926E-001  1.162716484339E+000 -4.946267401654E+000
  9.015720576873E-001  3.354727974549E-001  1.134966038446E+000 -4.877991692721E+000
  9.072561306635E-001  3.418455960780E-001  1.107434215192E+000 -4.809384881565E+000
  9.129751629322E-001  3.481007727656E-001  1.080126251561E+000 -4.740497684752E+000
  9.187294209652E-001  3.542379971993E-001  1.053047171962E+000 -4.671379104070E+000
  9.245191738511E-001  3.602569724496E-001  1.026201792032E+000 -4.602076461672E+000
  9.303446933257E-001  3.661574345878E-001  9.995947224308E-001 -4.532635435162E+000
  9.362062538036E-001  3.719391522987E-001  9.732303726052E-001 -4.463100092550E+000
  9.421041324088E-001  3.776019264932E-001  9.471129545313E-001 -4.393512927078E+000
  9.480386090075E-001  3.831455899229E-001  9.212464864297E-001 -4.323914891853E+000
  9.540099662399E-001  3.885700067953E-001  8.956347964521E-001 -4.254345434282E+000
  9.600184895530E-001  3.938750723895E-001  8.702815263359E-001 -4.184842530256E+000
  9.660644672342E-001  3.990607126743E-001  8.451901350274E-001 -4.115442718071E+000
  9.721481904447E-001  4.041268839264E-001  8.203639022703E-001 -4.046181132050E+000
  9.782699532537E-001  4.090735723512E-001  7.958059321579E-001 -3.977091535848E+000
  9.844300526731E-001  4.139007937036E-001  7.715191566494E-001 -3.908206355413E+000
  9.906287886927E-001  4.186085929119E-001  7.475063390467E-001 -3.839556711581E+000
  9.968664643158E-001  4.231970437019E-001  7.237700774323E-001 -3.771172452288E+000
  1.003143385595E+000  4.276662482232E-001  7.003128080665E-001 -3.703082184380E+000
  1.009459861670E+000  4.320163366773E-001  6.771368087431E-001 -3.635313304997E+000
  1.015816204803E+000  4.362474669468E-001  6.542442021032E-001 -3.567892032530E+000
  1.022212730417E+000  4.403598242268E-001  6.316369589056E-001 -3.500843437123E+000
  1.028649757135E+000  4.443536206577E-001  6.093169012542E-001 -3.434191470711E+000
  1.035127606818E+000  4.482290949597E-001  5.872857057810E-001 -3.367958996594E+000
  1.041646604604E+000  4.519865120690E-001  5.655449067848E-001 -3.302167818515E+000
  1.048207078948E+000  4.556261627758E-001  5.440958993253E-001 -3.236838709255E+000
  1.054809361664E+000  4.591483633640E-001  5.229399422723E-001 -3.171991438728E+000
  1.061453787962E+000  4.625534552521E-001  5.020781613097E-001 -3.107644801562E+000
  1.068140696494E+000  4.658418046363E-001  4.815115518943E-001 -3.043816644179E+000
  1.074870429395E+000  4.690138021352E-001  4.612409821696E-001 -2.980523891354E+000
  1.081643332322E+000  4.720698624354E-001  4.412671958348E-001 -2.917782572257E+000
  1.088459754505E+000  4.750104239396E-001  4.215908149684E-001 -2.855607845974E+000
  1.095320048782E+000  4.778359484153E-001  4.022123428074E-001 -2.794014026513E+000
  1.102224571653E+000  4.805469206457E-001  3.831321664823E-001 -2.733014607274E+000
  1.109173683316E+000  4.831438480818E-001  3.643505597075E-001 -2.672622285017E+000
  1.116167747721E+000  4.856272604956E-001  3.458676854286E-001 -2.612848983295E+000
  1.123207132611E+000  4.879977096350E-001  3.276835984261E-001 -2.553705875381E+000
  1.130292209573E+000  4.902557688798E-001  3.097982478763E-001 -2.495203406671E+000
  1.137423354084E+000  4.924020328993E-001  2.922114798696E-001 -2.437351316588E+000
  1.144600945560E+000  4.944371173104E-001  2.749230398880E-001 -2.380158659971E+000
  1.151825367405E+000  4.963616583376E-001  2.579325752406E-001 -2.323633827967E+000
  1.159097007063E+000  4.981763124736E-001  2.412396374583E-001 -2.267784568430E+000
  1.166416256069E+000  4.998817561411E-001  2.248436846496E-001 -2.212618005824E+000
  1.173783510095E+000  5.014786853556E-001  2.087440838166E-001 -2.158140660649E+000
  1.181199169012E+000  5.029678153891E-001  1.929401131317E-001 -2.104358468386E+000
  1.188663636935E+000  5.043498804348E-001  1.774309641778E-001 -2.051276797981E+000
  1.196177322279E+000  5.056256332724E-001  1.622157441500E-001 -1.998900469861E+000
  1.203740637818E+000  5.067958449342E-001  1.472934780216E-001 -1.947233773494E+000
  1.211354000735E+000  5.078613043724E-001  1.326631106745E-001 -1.896280484518E+000
  1.219017832681E+000  5.088228181262E-001  1.183235089935E-001 -1.846043881416E+000
  1.226732559833E+000  5.096812099903E-001  1.042734639275E-001 -1.796526761778E+000
  1.234498612950E+000  5.104373206839E-001  9.051169251689E-002 -1.747731458135E+000
  1.242316427433E+000  5.110920075194E-001  7.703683988739E-002 -1.699659853385E+000
  1.250186443388E+000  5.116461440728E-001  6.384748121284E-002 -1.652313395824E+000
  1.258109105679E+000  5.121006198539E-001  5.094212364597E-002 -1.605693113775E+000
  1.266084863999E+000  5.124563399765E-001  3.831920821883E-002 -1.559799629845E+000
  1.274114172926E+000  5.127142248299E-001  2.597711171318E-002 -1.514633174803E+000
  1.282197491990E+000  5.128752097500E-001  1.391414850173E-002 -1.470193601095E+000
  1.290335285734E+000  5.129402446910E-001  2.128572360844E-003 -1.426480396004E+000
  1.298528023786E+000  5.129102938973E-001 -9.381421744667E-003 -1.383492694472E+000
  1.306776180919E+000  5.127863355753E-001 -2.061769590388E-002 -1.341229291572E+000
  1.315080237120E+000  5.125693615664E-001 -3.158216752870E-002 -1.299688654667E+000
  1.323440677664E+000  5.122603770185E-001 -4.227680764870E-002 -1.258868935242E+000
  1.331857993175E+000  5.118604000594E-001 -5.270363923129E-002 -1.218767980429E+000
  1.340332679704E+000  5.113704614690E-001 -6.286473552665E-002 -1.179383344237E+000
  1.348865238797E+000  5.107916043523E-001 -7.276221843679E-002 -1.140712298479E+000
  1.357456177571E+000  5.101248838124E-001 -8.239825690821E-002 -1.102751843427E+000
  1.366106008782E+000  5.093713666231E-001 -9.177506534771E-002 -1.065498718184E+000
  1.374815250909E+000  5.085321309021E-001 -1.008949020607E-001 -1.028949410793E+000
  1.383584428224E+000  5.076082657840E-001 -1.097600677118E-001 -9.931001680822E-001
  1.392414070872E+000  5.066008710930E-001 -1.183729038065E-001 -9.579470052670E-001
  1.401304714948E+000  5.055110570166E-001 -1.267357911949E-001 -9.234857152975E-001
  1.410256902580E+000  5.043399437778E-001 -1.348511485954E-001 -8.897118779753E-001
  1.419271182008E+000  5.030886613090E-001 -1.427214311392E-001 -8.566208688395E-001
  1.428348107668E+000  5.017583489241E-001 -1.503491289344E-001 -8.242078678277E-001
  1.437488240275E+000  5.003501549925E-001 -1.577367656503E-001 -7.924678677220E-001
  1.446692146911E+000  4.988652366112E-001 -1.648868971202E-001 -7.613956823841E-001
  1.455960401104E+000  4.973047592786E-001 -1.718021099639E-001 -7.309859547857E-001
  1.465293582927E+000  4.956698965668E-001 -1.784850202283E-001 -7.012331648413E-001
  1.474692279079E+000  4.939618297955E-001 -1.849382720466E-001 -6.721316370477E-001
  1.484157082978E+000  4.921817477040E-001 -1.911645363156E-001 -6.436755479360E-001
  1.493688594856E+000  4.903308461251E-001 -1.971665093906E-001 -6.158589333421E-001
  1.503287421848E+000  4.884103276579E-001 -2.029469117986E-001 -5.886756954992E-001
  1.512954178094E+000  4.864214013409E-001 -2.085084869678E-001 -5.621196099581E-001
  1.522689484827E+000  4.843652823250E-001 -2.138539999755E-001 -5.361843323396E-001
  1.532493970480E+000  4.822431915472E-001 -2.189862363121E-001 -5.108634049226E-001
  1.542368270780E+000  4.800563554036E-001 -2.239080006622E-001 -4.861502630733E-001
  1.552313028853E+000  4.778060054229E-001 -2.286221157029E-001 -4.620382415182E-001
  1.562328895326E+000  4.754933779399E-001 -2.331314209179E-001 -4.385205804649E-001
  1.572416528431E+000  4.731197137693E-001 -2.374387714281E-001 -4.155904315745E-001
  1.582576594115E+000  4.706862578790E-001 -2.415470368391E-001 -3.932408637891E-001
  1.592809766145E+000  4.681942590648E-001 -2.454591001040E-001 -3.714648690163E-001
  1.603116726218E+000  4.656449696240E-001 -2.491778564029E-001 -3.502553676753E-001
  1.613498164078E+000  4.630396450297E-001 -2.527062120380E-001 -3.296052141066E-001
  1.623954777622E+000  4.603795436055E-001 -2.560470833445E-001 -3.095072018475E-001
  1.634487273025E+000  4.576659262003E-001 -2.592033956172E-001 -2.899540687771E-001
  1.645096364848E+000  4.549000558630E-001 -2.621780820533E-001 -2.709385021321E-001
  1.655782776168E+000  4.520831975180E-001 -2.649740827096E-001 -2.524531433962E-001
  1.666547238688E+000  4.492166176406E-001 -2.675943434767E-001 -2.344905930653E-001
  1.677390492873E+000  4.463015839332E-001 -2.700418150669E-001 -2.170434152904E-001
  1.688313288066E+000  4.433393650010E-001 -2.723194520189E-001 -2.001041423994E-001
  1.699316382620E+000  4.403312300288E-001 -2.744302117166E-001 -1.836652793016E-001
  1.710400544029E+000  4.372784484578E-001 -2.763770534238E-001 -1.677193077739E-001
  1.721566549058E+000  4.341822896631E-001 -2.781629373335E-001 -1.522586906333E-001
  1.732815183877E+000  4.310440226314E-001 -2.797908236320E-001 -1.372758757946E-001
  1.744147244202E+000  4.278649156386E-001 -2.812636715786E-001 -1.227633002169E-001
  1.755563535430E+000  4.246462359294E-001 -2.825844385991E-001 -1.087133937396E-001
  1.767064872781E+000  4.213892493956E-001 -2.837560793946E-001 -9.511858280869E-002
  1.778652081442E+000  4.180952202560E-001 -2.847815450647E-001 -8.197129409604E-002
  1.790325996715E+000  4.147654107366E-001 -2.856637822453E-001 -6.926395801219E-002
  1.802087464166E+000  4.114010807513E-001 -2.864057322599E-001 -5.698901211422E-002
  1.813937339772E+000  4.080034875833E-001 -2.870103302864E-001 -4.513890441006E-002
  1.825876490081E+000  4.045738855670E-001 -2.874805045368E-001 -3.370609656055E-002
  1.837905792365E+000  4.011135257704E-001 -2.878191754518E-001 -2.268306698063E-002
  1.850026134778E+000  3.976236556786E-001 -2.880292549082E-001 -1.206231384086E-002
  1.862238416525E+000  3.941055188780E-001 -2.881136454408E-001 -1.836357970697E-003
  1.874543548019E+000  3.905603547406E-001 -2.880752394772E-001  8.002254335121E-003
  1.886942451054E+000  3.869893981099E-001 -2.879169185864E-001  1.746094860581E-002
  1.899436058973E+000  3.833938789873E-001 -2.876415527405E-001  2.654711957796E-002
  1.912025316845E+000  3.797750222191E-001 -2.872519995885E-001  3.526812867170E-002
  1.924711181638E+000  3.761340471850E-001 -2.867511037446E-001  4.363130155833E-002
  1.937494622402E+000  3.724721674871E-001 -2.861416960874E-001  5.164392581774E-002
  1.950376620452E+000  3.687905906399E-001 -2.854265930728E-001  5.931324868438E-002
  1.963358169552E+000  3.650905177619E-001 -2.846085960582E-001  6.664647488001E-002
  1.976440276109E+000  3.613731432678E-001 -2.836904906398E-001  7.365076453184E-002
  1.989623959360E+000  3.576396545619E-001 -2.826750460005E-001  8.033323117445E-002
  2.002910251577E+000  3.538912317330E-001 -2.815650142706E-001  8.670093983370E-002
  2.016300198259E+000  3.501290472507E-001 -2.803631298991E-001  9.276090519114E-002
  2.029794858340E+000  3.463542656626E-001 -2.790721090366E-001  9.852008982710E-002
  2.043395304396E+000  3.425680432932E-001 -2.776946489295E-001  1.039854025407E-001
  2.057102622856E+000  3.387715279449E-001 -2.762334273242E-001  1.091636967452E-001
  2.070917914217E+000  3.349658585994E-001 -2.746911018826E-001  1.140617689363E-001
  2.084842293261E+000  3.311521651220E-001 -2.730703096080E-001  1.186863572320E-001
  2.098876889283E+000  3.273315679674E-001 -2.713736662809E-001  1.230441399826E-001
  2.113022846310E+000  3.235051778866E-001 -2.696037659045E-001  1.271417344473E-001
  2.127281323341E+000  3.196740956370E-001 -2.677631801612E-001  1.309856955374E-001
  2.141653494575E+000  3.158394116938E-001 -2.658544578773E-001  1.345825146223E-001
  2.156140549656E+000  3.120022059643E-001 -2.638801244982E-001  1.379386183979E-001
  2.170743693911E+000  3.081635475035E-001 -2.618426815722E-001  1.410603678145E-001
  2.185464148607E+000  3.043244942338E-001 -2.597446062442E-001  1.439540570615E-001
  2.200303151197E+000  3.004860926653E-001 -2.575883507573E-001  1.466259126087E-001
  2.215261955581E+000  2.966493776211E-001 -2.553763419644E-001  1.490820923005E-001
  2.230341832367E+000  2.928153719635E-001 -2.531109808475E-001  1.513286845013E-001
  2.245544069142E+000  2.889850863246E-001 -2.507946420466E-001  1.533717072907E-001
  2.260869970742E+000  2.851595188396E-001 -2.484296733961E-001  1.552171077054E-001
  2.276320859530E+000  2.813396548834E-001 -2.460183954703E-001  1.568707610273E-001
  2.291898075679E+000  2.775264668112E-001 -2.435631011372E-001  1.583384701134E-001
  2.307602977460E+000  2.737209137021E-001 -2.410660551203E-001  1.596259647679E-001
  2.323436941540E+000  2.699239411078E-001 -2.385294935694E-001  1.607389011536E-001
  2.339401363274E+000  2.661364808041E-001 -2.359556236385E-001  1.616828612397E-001
  2.355497657016E+000  2.623594505475E-001 -2.333466230734E-001  1.624633522857E-001
  2.371727256428E+000  2.585937538364E-001 -2.307046398069E-001  1.630858063590E-001
  2.388091614797E+000  2.548402796764E-001 -2.280317915622E-001  1.635555798835E-001
  2.404592205358E+000  2.510999023510E-001 -2.253301654656E-001  1.638779532188E-001
  2.421230521622E+000  2.473734811977E-001 -2.226018176670E-001  1.640581302675E-001
  2.438008077714E+000  2.436618603886E-001 -2.198487729698E-001  1.641012381093E-001
  2.454926408713E+000  2.399658687177E-001 -2.170730244692E-001  1.640123266600E-001
  2.471987071003E+000  2.362863193930E-001 -2.142765331999E-001  1.637963683550E-001
  2.489191642624E+000  2.326240098357E-001 -2.114612277928E-001  1.634582578541E-001
  2.506541723641E+000  2.289797214848E-001 -2.086290041416E-001  1.630028117681E-001
  2.524038936507E+000  2.253542196087E-001 -2.057817250789E-001  1.624347684050E-001
  2.541684926444E+000  2.217482531238E-001 -2.029212200623E-001  1.617587875350E-001
  2.559481361827E+000  2.181625544197E-001 -2.000492848708E-001  1.609794501735E-001
  2.577429934572E+000  2.145978391921E-001 -1.971676813125E-001  1.601012583805E-001
  2.595532360540E+000  2.110548062829E-001 -1.942781369422E-001  1.591286350766E-001
  2.613790379943E+000  2.075341375282E-001 -1.913823447916E-001  1.580659238740E-001
  2.632205757760E+000  2.040364976148E-001 -1.884819631103E-001  1.569173889226E-001
  2.650780284158E+000  2.005625339442E-001 -1.855786151194E-001  1.556872147706E-001
  2.669515774928E+000  1.971128765056E-001 -1.826738887780E-001  1.543795062384E-001
  2.688414071925E+000  1.936881377579E-001 -1.797693365621E-001  1.529982883075E-001
  2.707477043518E+000  1.902889125199E-001 -1.768664752577E-001  1.515475060216E-001
  2.726706585047E+000  1.869157778710E-001 -1.739667857675E-001  1.500310244030E-001
  2.746104619295E+000  1.835692930600E-001 -1.710717129322E-001  1.484526283811E-001
  2.765673096964E+000  1.802499994245E-001 -1.681826653668E-001  1.468160227362E-001
  2.785413997161E+000  1.769584203201E-001 -1.653010153126E-001  1.451248320570E-001
  2.805329327899E+000  1.736950610593E-001 -1.624280985050E-001  1.433826007124E-001
  2.825421126601E+000  1.704604088612E-001 -1.595652140577E-001  1.415927928400E-001
  2.845691460623E+000  1.672549328114E-001 -1.567136243649E-001  1.397587923486E-001
  2.866142427776E+000  1.640790838327E-001 -1.538745550196E-001  1.378839029386E-001
  2.886776156875E+000  1.609332946667E-001 -1.510491947518E-001  1.359713481395E-001
  2.907594808280E+000  1.578179798662E-001 -1.482386953837E-001  1.340242713653E-001
  2.928600574467E+000  1.547335357988E-001 -1.454441718054E-001  1.320457359897E-001
  2.949795680597E+000  1.516803406620E-001 -1.426667019694E-001  1.300387254414E-001
  2.971182385105E+000  1.486587545093E-001 -1.399073269058E-001  1.280061433203E-001
  2.992762980296E+000  1.456691192879E-001 -1.371670507579E-001  1.259508135377E-001
  3.014539792958E+000  1.427117588883E-001 -1.344468408389E-001  1.238754804781E-001
  3.036515184988E+000  1.397869792046E-001 -1.317476277104E-001  1.217828091884E-001
  3.058691554023E+000  1.368950682075E-001 -1.290703052825E-001  1.196753855916E-001
  3.081071334099E+000  1.340362960281E-001 -1.264157309362E-001  1.175557167292E-001
  3.103656996309E+000  1.312109150540E-001 -1.237847256689E-001  1.154262310321E-001
  3.126451049484E+000  1.284191600363E-001 -1.211780742628E-001  1.132892786220E-001
  3.149456040888E+000  1.256612482087E-001 -1.185965254759E-001  1.111471316440E-001
  3.172674556926E+000  1.229373794183E-001 -1.160407922576E-001  1.090019846334E-001
  3.196109223865E+000  1.202477362671E-001 -1.135115519872E-001  1.068559549147E-001
  3.219762708576E+000  1.175924842654E-001 -1.110094467366E-001  1.047110830385E-001
  3.243637719289E+000  1.149717719963E-001 -1.085350835571E-001  1.025693332529E-001
  3.267737006362E+000  1.123857312907E-001 -1.060890347899E-001  1.004325940145E-001
  3.292063363076E+000  1.098344774140E-001 -1.036718384011E-001  9.830267853755E-002
  3.316619626434E+000  1.073181092628E-001 -1.012839983404E-001  9.618132538326E-002
  3.341408677987E+000  1.048367095721E-001 -9.892598492382E-002  9.407019909039E-002
  3.366433444679E+000  1.023903451325E-001 -9.659823524038E-002  9.197089084750E-002
  3.391696899702E+000  9.997906701768E-002 -9.430115358205E-002  8.988491920788E-002
  3.417202063379E+000  9.760291082114E-002 -9.203511189714E-002  8.781373084785E-002
  3.442952004065E+000  9.526189690206E-002 -8.980045026665E-002  8.575870136893E-002
  3.468949839059E+000  9.295603064021E-002 -8.759747740314E-002  8.372113614426E-002
  3.495198735552E+000  9.068530269930E-002 -8.542647117173E-002  8.170227120962E-002
  3.521701911582E+000  8.844968929836E-002 -8.328767913267E-002  7.970327419931E-002
  3.548462637020E+000  8.624915249091E-002 -8.118131910486E-002  7.772524532666E-002
  3.575484234572E+000  8.408364045127E-002 -7.910757974981E-002  7.576921840934E-002
  3.602770080809E+000  8.195308776769E-002 -7.706662117514E-002  7.383616193902E-002
  3.630323607217E+000  7.985741574182E-002 -7.505857555705E-002  7.192698019494E-002
  3.658148301271E+000  7.779653269390E-002 -7.308354778072E-002  7.004251440097E-002
  3.686247707537E+000  7.577033427338E-002 -7.114161609792E-002  6.818354392524E-002
  3.714625428793E+000  7.377870377420E-002 -6.923283280084E-002  6.635078752147E-002
  3.743285127184E+000  7.182151245442E-002 -6.735722491103E-002  6.454490461109E-002
  3.772230525397E+000  6.989861985948E-002 -6.551479488256E-002  6.276649660465E-002
  3.801465407866E+000  6.800987414862E-002 -6.370552131813E-002  6.101610826136E-002
  3.830993622005E+000  6.615511242388E-002 -6.192935969714E-002  5.929422908514E-002
  3.860819079470E+000  6.433416106111E-002 -6.018624311435E-002  5.760129475539E-002
  3.890945757450E+000  6.254683604243E-002 -5.847608302796E-002  5.593768859075E-002
  3.921377699988E+000  6.079294328946E-002 -5.679877001595E-002  5.430374304377E-002
  3.952119019336E+000  5.907227899692E-002 -5.515417453906E-002  5.269974122435E-002
  3.983173897337E+000  5.738462996588E-002 -5.354214770944E-002  5.112591844970E-002
  4.014546586845E+000  5.572977393615E-002 -5.196252206329E-002  4.958246381834E-002
  4.046241413173E+000  5.410747991720E-002 -5.041511233625E-002  4.806952180565E-002
  4.078262775585E+000  5.251750851713E-002 -4.889971624012E-002  4.658719387835E-002
  4.110615148813E+000  5.095961226908E-002 -4.741611523946E-002  4.513554012507E-002
  4.143303084620E+000  4.943353595455E-002 -4.596407532669E-002  4.371458090020E-002
  4.176331213391E+000  4.793901692315E-002 -4.454334779414E-002  4.232429847820E-002
  4.209704245774E+000  4.647578540824E-002 -4.315367000187E-002  4.096463871513E-002
  4.243426974351E+000  4.504356483799E-002 -4.179476613956E-002  3.963551271455E-002
  4.277504275353E+000  4.364207214149E-002 -4.046634798134E-002  3.833679849461E-002
  4.311941110423E+000  4.227101804925E-002 -3.916811563201E-002  3.706834265316E-002
  4.346742528412E+000  4.093010738797E-002 -3.789975826334E-002  3.582996202770E-002
  4.381913667228E+000  3.961903936900E-002 -3.666095483925E-002  3.462144534710E-002
  4.417459755726E+000  3.833750787017E-002 -3.545137482848E-002  3.344255487175E-002
  4.453386115645E+000  3.708520171077E-002 -3.427067890348E-002  3.229302801916E-002
  4.489698163598E+000  3.586180491929E-002 -3.311851962453E-002  3.117257897177E-002
  4.526401413105E+000  3.466699699371E-002 -3.199454210782E-002  3.008090026394E-002
  4.563501476684E+000  3.350045315417E-002 -3.089838467639E-002  2.901766434514E-002
  4.601004067991E+000  3.236184458775E-002 -2.982967949312E-002  2.798252511634E-002
  4.638915004011E+000  3.125083868531E-002 -2.878805317459E-002  2.697511943675E-002
  4.677240207311E+000  3.016709927032E-002 -2.777312738521E-002  2.599506859829E-002
  4.715985708351E+000  2.911028681944E-002 -2.678451941061E-002  2.504197976494E-002
  4.755157647843E+000  2.808005867512E-002 -2.582184270979E-002  2.411544737468E-002
  4.794762279187E+000  2.707606925000E-002 -2.488470744524E-002  2.321505450145E-002
  4.834805970953E+000  2.609797022333E-002 -2.397272099064E-002  2.234037417508E-002
  4.875295209443E+000  2.514541072939E-002 -2.308548841568E-002  2.149097065705E-002
  4.916236601308E+000  2.421803753826E-002 -2.222261294760E-002  2.066640067013E-002
  4.957636876237E+000  2.331549522894E-002 -2.138369640925E-002  1.986621458029E-002
  4.999502889720E+000  2.243742635508E-002 -2.056833963350E-002  1.908995752932E-002
  5.041841625875E+000  2.158347160377E-002 -1.977614285401E-002  1.833717051678E-002
  5.084660200360E+000  2.075326994740E-002 -1.900670607225E-002  1.760739143021E-002
  5.127965863354E+000  1.994645878927E-002 -1.825962940111E-002  1.690015602258E-002
  5.171766002619E+000  1.916267410296E-002 -1.753451338514E-002  1.621499883642E-002
  5.216068146649E+000  1.840155056624E-002 -1.683095929790E-002  1.555145407387E-002
  5.260879967894E+000  1.766272168965E-002 -1.614856941673E-002  1.490905641265E-002
  5.306209286078E+000  1.694581994042E-002 -1.548694727549E-002  1.428734176759E-002
  5.352064071605E+000  1.625047686207E-002 -1.484569789589E-002  1.368584799803E-002
  5.398452449055E+000  1.557632319033E-002 -1.422442799808E-002  1.310411556137E-002
  5.445382700775E+000  1.492298896578E-002 -1.362274619117E-002  1.254168811325E-002
  5.492863270572E+000  1.429010364390E-002 -1.304026314463E-002  1.199811305529E-002
  5.540902767504E+000  1.367729620288E-002 -1.247659174144E-002  1.147294203108E-002
  5.589509969774E+000  1.308419524996E-002 -1.193134721390E-002  1.096573137184E-002
  5.638693828737E+000  1.251042912671E-002 -1.140414726314E-002  1.047604249279E-002
  5.688463473008E+000  1.195562601387E-002 -1.089461216347E-002  1.000344224199E-002
  5.738828212699E+000  1.141941403630E-002 -1.040236485264E-002  9.547503203073E-003
  5.789797543759E+000  1.090142136861E-002 -9.927031009075E-003  9.107803953890E-003
  5.841381152447E+000  1.040127634191E-002 -9.468239117506E-003  8.683929282846E-003
  5.893588919926E+000  9.918607552326E-003 -9.025620523934E-003  8.275470365124E-003
  5.946430926988E+000  9.453043971687E-003 -8.598809481355E-003  7.882024900951E-003
  5.999917458910E+000  9.004215060877E-003 -8.187443187376E-003  7.503197218197E-003
  6.054059010457E+000  8.571750886286E-003 -7.791161814987E-003  7.138598341710E-003
  6.108866291020E+000  8.155282239776E-003 -7.409608537704E-003  6.787846031829E-003
  6.164350229902E+000  7.754440762520E-003 -7.042429550290E-003  6.450564794583E-003
  6.220521981762E+000  7.368859073051E-003 -6.689274086228E-003  6.126385866128E-003
  6.277392932215E+000  6.998170899785E-003 -6.349794433103E-003  5.814947173999E-003
  6.334974703589E+000  6.642011218281E-003 -6.023645946992E-003  5.515893277733E-003
  6.393279160860E+000  6.300016393397E-003 -5.710487066923E-003  5.228875291455E-003
  6.452318417752E+000  5.971824326487E-003 -5.409979330405E-003  4.953550790952E-003
  6.512104843026E+000  5.657074607716E-003 -5.121787390975E-003  4.689583707747E-003
  6.572651066946E+000  5.355408673509E-003 -4.845579038629E-003  4.436644212608E-003
  6.633969987942E+000  5.066469969091E-003 -4.581025223935E-003  4.194408590873E-003
  6.696074779472E+000  4.789904116025E-003 -4.327800086560E-003  3.962559111872E-003
  6.758978897091E+000  4.525359084592E-003 -4.085580988825E-003  3.740783894647E-003
  6.822696085726E+000  4.272485370768E-003 -3.854048554853E-003  3.528776772032E-003
  6.887240387180E+000  4.030936177549E-003 -3.632886715755E-003  3.326237155068E-003
  6.952626147859E+000  3.800367600256E-003 -3.421782761214E-003  3.132869899557E-003
  7.018868026732E+000  3.580438815426E-003 -3.220427397732E-003  2.948385176454E-003
  7.085981003543E+000  3.370812272832E-003 -3.028514813697E-003  2.772498347612E-003
  7.153980387268E+000  3.171153890113E-003 -2.845742751342E-003  2.604929848263E-003
  7.222881824836E+000  2.981133249442E-003 -2.671812585563E-003  2.445405077436E-003
  7.292701310121E+000  2.800423795625E-003 -2.506429409455E-003  2.293654297366E-003
  7.363455193219E+000  2.628703034948E-003 -2.349302126344E-003  2.149412542752E-003
  7.435160190001E+000  2.465652734078E-003 -2.200143547994E-003  2.012419540579E-003
  7.507833391988E+000  2.310959118263E-003 -2.058670498579E-003  1.882419641021E-003
  7.581492276516E+000  2.164313068055E-003 -1.924603923918E-003  1.759161759794E-003
  7.656154717242E+000  2.025410313739E-003 -1.797669005394E-003  1.642399332148E-003
  7.731838994973E+000  1.893951626645E-003 -1.677595277916E-003  1.531890278517E-003
  7.808563808847E+000  1.769643006491E-003 -1.564116751179E-003  1.427396981717E-003
  7.886348287874E+000  1.652195863885E-003 -1.456972033457E-003  1.328686275393E-003
  7.965212002848E+000  1.541327197139E-003 -1.355904457079E-003  1.235529443308E-003
  8.045174978646E+000  1.436759762517E-003 -1.260662204702E-003  1.147702228903E-003
  8.126257706932E+000  1.338222237066E-003 -1.170998435446E-003  1.064984854453E-003
  8.208481159274E+000  1.245449373184E-003 -1.086671409959E-003  9.871620490319E-004
  8.291866800694E+000  1.158182144128E-003 -1.007444613402E-003  9.140230843772E-004
  8.376436603664E+000  1.076167879634E-003 -9.330868753919E-004  8.453618176802E-004
  8.462213062574E+000  9.991603909314E-004 -8.633724858944E-004  7.809767402399E-004
  8.549219208676E+000  9.269200844213E-004 -7.980813060909E-004  7.206710308577E-004
  8.637478625536E+000  8.592140633527E-004 -7.369988732461E-004  6.642526128045E-004
  8.727015464999E+000  7.958162168954E-004 -6.799164986358E-004  6.115342131550E-004
  8.817854463709E+000  7.365072960539E-004 -6.266313576272E-004  5.623334232663E-004
  8.910020960175E+000  6.810749759398E-004 -5.769465710463E-004  5.164727591687E-004
  9.003540912431E+000  6.293139039877E-004 -5.306712770215E-004  4.737797206479E-004
  9.098440916308E+000  5.810257337771E-004 -4.876206925482E-004  4.340868478165E-004
  9.194748224321E+000  5.360191441978E-004 -4.476161640926E-004  3.972317740061E-004
  9.292490765233E+000  4.941098437815E-004 -4.104852066200E-004  3.630572738606E-004
  9.391697164283E+000  4.551205601063E-004 -3.760615305196E-004  3.314113055667E-004
  9.492396764138E+000  4.188810142654E-004 -3.441850559778E-004  3.021470462264E-004
  9.594619646576E+000  3.852278804817E-004 -3.147019144471E-004  2.751229194575E-004
  9.698396654938E+000  3.540047310377E-004 -2.874644369472E-004  2.502026143918E-004
  9.803759417385E+000  3.250619667770E-004 -2.623311290356E-004  2.272550953391E-004
  9.910740370981E+000  2.982567335219E-004 -2.391666323798E-004  2.061546014854E-004
  1.001937278665E+001  2.734528248372E-004 -2.178416729662E-004  1.867806361008E-004
  1.012969079502E+001  2.505205716522E-004 -1.982329960782E-004  1.690179448451E-004
  1.024172941323E+001  2.293367193309E-004 -1.802232882743E-004  1.527564828715E-004
  1.035552457272E+001  2.097842928593E-004 -1.637010866966E-004  1.378913705468E-004
  1.047111314798E+001  1.917524508843E-004 -1.485606761278E-004  1.243228377202E-004
  1.058853298647E+001  1.751363294063E-004 -1.347019743122E-004  1.119561565894E-004
  1.070782293953E+001  1.598368759848E-004 -1.220304061337E-004  1.007015633248E-004
  1.082902289454E+001  1.457606753674E-004 -1.104567673279E-004  9.047416872261E-005
  1.095217380826E+001  1.328197674983E-004 -9.989707847624E-005  8.119385826061E-005
  1.107731774137E+001  1.209314588957E-004 -9.027243009617E-005  7.278518203114E-005
  1.120449789442E+001  1.100181284176E-004 -8.150881969879E-005  6.517723511700E-005
  1.133375864507E+001  1.000070284546E-004 -7.353698173501E-005  5.830352906052E-005
  1.146514558681E+001  9.083008259620E-005 -6.629221139144E-005  5.210185515238E-005
  1.159870556913E+001  8.242368082203E-005 -5.971418322822E-005  4.651414033318E-005
  1.173448673928E+001  7.472847325868E-005 -5.374676567261E-005  4.148629655798E-005
  1.187253858566E+001  6.768916352782E-005 -4.833783239340E-005  3.696806452047E-005
  1.201291198287E+001  6.125430268516E-005 -4.343907158333E-005  3.291285266967E-005
  1.215565923859E+001  5.537608471627E-005 -3.900579416818E-005  2.927757247694E-005
  1.230083414231E+001  5.001014451265E-005 -3.499674194381E-005  2.602247092530E-005
  1.244849201595E+001  4.511535920229E-005 -3.137389661517E-005  2.311096119643E-005
  1.259868976657E+001  4.065365365163E-005 -2.810229067500E-005  2.050945252295E-005
  1.275148594119E+001  3.658981089296E-005 -2.514982101582E-005  1.818718015588E-005
  1.290694078384E+001  3.289128816236E-005 -2.248706611592E-005  1.611603636908E-005
  1.306511629490E+001  2.952803915962E-005 -2.008710758100E-005  1.427040338535E-005
  1.322607629292E+001  2.647234306433E-005 -1.792535675684E-005  1.262698906255E-005
  1.338988647898E+001  2.369864076158E-005 -1.597938705755E-005  1.116466612436E-005
  1.355661450375E+001  2.118337864895E-005 -1.422877257786E-005  9.864315659129E-006
  1.372633003727E+001  1.890486031278E-005 -1.265493347913E-005  8.708675543004E-006
  1.389910484176E+001  1.684310627932E-005 -1.124098855688E-005  7.682194371673E-006
  1.407501284743E+001  1.497972196417E-005 -9.971615315178E-006  6.770891408532E-006
  1.425413023161E+001  1.329777386449E-005 -8.832917790038E-006  5.962222978412E-006
  1.443653550117E+001  1.178167396183E-005 -7.812302281944E-006  5.244955655209E-006
  1.462230957852E+001  1.041707223181E-005 -6.898361077558E-006  4.609046510687E-006
  1.481153589140E+001  9.190757089667E-006 -6.080764163539E-006  4.045530611156E-006
  1.500430046649E+001  8.090563539834E-006 -5.350158862236E-006  3.546415869984E-006
  1.520069202718E+001  7.105288742939E-006 -4.698077250760E-006  3.104585287864E-006
  1.540080209569E+001  6.224614666050E-006 -4.116851162246E-006  2.713706540566E-006
  1.560472509963E+001  5.439037442042E-006 -3.599534511806E-006  2.368148806345E-006
  1.581255848342E+001  4.739803031544E-006 -3.139832640222E-006  2.062906663114E-006
  1.602440282470E+001  4.118848756655E-006 -2.732038326305E-006  1.793530829572E-006
  1.624036195599E+001  3.568750259119E-006 -2.370974084378E-006  1.556065475302E-006
  1.646054309190E+001  3.082673427127E-006 -2.051940336612E-006  1.346991782787E-006
  1.668505696224E+001  2.654330833748E-006 -1.770669031018E-006  1.163177409664E-006
  1.691401795117E+001  2.277942236113E-006 -1.523282264646E-006  1.001831472466E-006
  1.714754424293E+001  1.948198697021E-006 -1.306255467649E-006  8.604646535500E-007
  1.738575797433E+001  1.660229909251E-006 -1.116384706950E-006  7.368540208194E-007
  1.762878539445E+001  1.409574326562E-006 -9.507576778149E-007  6.290121447581E-007
  1.787675703191E+001  1.192151733463E-006 -8.067279669581E-007  5.351600990152E-007
  1.812980787015E+001  1.004237917414E-006 -6.818921913097E-007  4.537039385759E-007
  1.838807753110E+001  8.424411412300E-007 -5.740696412911E-007  3.832142629404E-007
  1.865171046781E+001  7.036801492275E-007 -4.812840856927E-007  3.224084899288E-007
  1.892085616642E+001  5.851634770758E-007 -4.017474260478E-007  2.701354880051E-007
  1.919566935809E+001  4.843698716122E-007 -3.338449209130E-007  2.253622405316E-007
  1.947631024137E+001  3.990296621143E-007 -2.761217338377E-007  1.871622433191E-007
  1.976294471571E+001  3.271069580144E-007 -2.272705921917E-007  1.547053663933E-007
  2.005574462663E+001  2.667825790939E-007 -1.861203766750E-007  1.272489412507E-007
  2.035488802332E+001  2.164376522710E-007 -1.516254925541E-007  1.041298652792E-007
  2.066055942930E+001  1.746378337571E-007 -1.228559028637E-007  8.475754476415E-008
  2.097295012706E+001  1.401181363115E-007 -9.898773049177E-008  6.860752638400E-008
  2.129225845729E+001  1.117683583806E-007 -7.929435983687E-008  5.521569377748E-008
  2.161869013374E+001  8.861912504509E-008 -6.313798933948E-008  4.417293022833E-008
  2.195245857462E+001  6.982855997448E-008 -4.996160348797E-008  3.512017042319E-008
  2.229378525140E+001  5.466961321060E-008 -3.928134685441E-008  2.774378339106E-008
  2.264290005632E+001  4.251807185600E-008 -3.067929340231E-008  2.177124501295E-008
  2.300004168951E+001  3.284128000745E-008 -2.379661189599E-008  1.696707189030E-008
  2.336545806705E+001  2.518759099258E-008 -1.832713298343E-008  1.312899896341E-008
  2.373940675129E+001  1.917656962231E-008 -1.401132574209E-008  1.008439123753E-008
  2.412215540475E+001  1.448995527547E-008 -1.063069153874E-008  7.686885534893E-009
  2.451398226921E+001  1.086338869589E-008 -8.002581360984E-009  5.813261625658E-009
  2.491517667142E+001  8.078896902481E-009 -5.975439743861E-009  4.360543716356E-009
  2.532603955735E+001  5.958122050312E-009 -4.424474447555E-009  3.243333425952E-009
  2.574688405660E+001  4.356271846753E-009 -3.247746532376E-009  2.391374397391E-009
  2.617803607920E+001  3.156761569859E-009 -2.362670778031E-009  1.747346905326E-009
  2.661983494664E+001  2.266511136403E-009 -1.702911816658E-009  1.264888535630E-009
  2.707263405971E+001  1.611855227566E-009 -1.215657149584E-009  9.068345030862E-010
  2.753680160532E+001  1.135020330175E-009 -8.592445954536E-010  6.436686742088E-010
  2.801272130518E+001  7.911197458442E-010 -6.011188120048E-010  4.521740609225E-010
  2.850079320900E+001  5.456161477204E-010 -4.160894271771E-010  3.142695896776E-010
  2.900143453541E+001  3.722010545203E-010 -2.848620353174E-010  2.160184243888E-010
  2.951508056378E+001  2.510415257989E-010 -1.928128415391E-010  1.467920818838E-010
  3.004218558064E+001  1.673463061847E-010 -1.289780126556E-010  9.857403768438E-011
  3.058322388437E+001  1.102063808260E-010 -8.522972701730E-011  6.538645750026E-011
  3.113869085248E+001  7.166825861056E-011 -5.561239740927E-011  4.282405949383E-011
  3.170910407585E+001  4.600208197210E-011 -3.581444855371E-011  2.767984942222E-011
  3.229500456485E+001  2.913068918233E-011 -2.275323819977E-011  1.764849919776E-011
  3.289695803249E+001  1.818986053290E-011 -1.425309707953E-011  1.109437875957E-011
  3.351555626047E+001  1.119401984063E-011 -8.798917348924E-012  6.872622245616E-012
  3.415141855403E+001  6.785519606281E-012 -5.350145530406E-012  4.193039137761E-012
  3.480519329257E+001  4.049222137557E-012 -3.202356070110E-012  2.518105613019E-012
  3.547755958299E+001  2.377337864457E-012 -1.885735921939E-012  1.487638683769E-012
  3.616922902393E+001  1.372359615834E-012 -1.091758275370E-012  8.640263571980E-013
  3.688094758921E+001  7.784243071657E-013 -6.210412402463E-013  4.930340208006E-013
  3.761349763993E+001  4.335468517965E-013 -3.468667982341E-013  2.762152052956E-013
  3.836770007534E+001  2.369255087992E-013 -1.900809475717E-013  1.518185100690E-013
  3.914441663347E+001  1.269442381288E-013 -1.021215848105E-013  8.180470651446E-014
  3.994455235367E+001  6.663342645801E-014 -5.374678538680E-014  4.317791005625E-014
  4.076905821405E+001  3.423609293023E-014 -2.768717532088E-014  2.230541849863E-014
  4.161893395835E+001  1.720304335269E-014 -1.394801686128E-014  1.126786076758E-014
  4.249523112779E+001  8.446010072261E-015 -6.865156346613E-015  5.560986796179E-015
  4.339905631520E+001  4.047604796137E-015 -3.298130560560E-015  2.678658188075E-015
  4.433157466006E+001  1.891460189418E-015 -1.544960628225E-015  1.258029870676E-015
  4.529401360538E+001  8.609487040507E-016 -7.049005369358E-016  5.754425535696E-016
  4.628766693861E+001  3.812774271580E-016 -3.128975878250E-016  2.560671759200E-016
  4.731389914191E+001  1.640832137436E-016 -1.349635059049E-016  1.107192224057E-016
  4.837415007871E+001  6.853191228660E-017 -5.649590411218E-017  4.645756856873E-017
  4.946994004686E+001  2.774230377534E-017 -2.292026865653E-017  1.889167000694E-017
  5.060287523143E+001  1.086914386295E-017 -8.999265235027E-018  7.434427990688E-018
  5.177465359367E+001  4.115266866445E-018 -3.414491435543E-018  2.827063385970E-018
  5.298707123650E+001  1.503347258694E-018 -1.249930095686E-018  1.037155372819E-018
  5.424202929116E+001  5.289899866854E-019 -4.407117619470E-019  3.664724166451E-019
  5.554154137419E+001  1.789728436299E-019 -1.494024729000E-019  1.244954181468E-019
  5.688774166961E+001  5.811074795485E-020 -4.860417174071E-020  4.058437205202E-020
  5.828289369667E+001  1.807105505878E-020 -1.514364047126E-020  1.267028636714E-020
  5.972939983075E+001  5.370845244319E-021 -4.509232937267E-021  3.780168843378E-021
  6.122981165190E+001  1.522125643663E-021 -1.280287824732E-021  1.075351460491E-021
  6.278684120462E+001  4.103568262454E-022 -3.457800725317E-022  2.909774402777E-022
  6.440337326150E+001  1.049696710687E-022 -8.860693124409E-023  7.470096407853E-023
  6.608247869451E+001  2.540813074315E-023 -2.148457536556E-023  1.814543523623E-023
  6.782742906960E+001  5.802649014395E-024 -4.914908741116E-024  4.158354045197E-024
  6.964171259434E+001  1.246461085897E-024 -1.057518879604E-024  8.962788193454E-025
  7.152905156377E+001  2.510114139578E-025 -2.133086776262E-025  1.810908280299E-025
  7.349342146763E+001  4.722108628426E-026 -4.019224985325E-026  3.417806036246E-026
  7.553907194217E+001  8.267334090467E-027 -7.047725863739E-027  6.002826611071E-027
  7.767054977292E+001  1.341609616997E-027 -1.145441622144E-027  9.771613658891E-028
  7.989272418113E+001  2.009265045853E-028 -1.718041490860E-028  1.467907274092E-028
  8.221081465675E+001  2.764281092773E-029 -2.367090179217E-029  2.025521315764E-029
  8.463042163523E+001  3.476137772019E-030 -2.980935225383E-030  2.554566750768E-030
  8.715756035520E+001  3.974263860564E-031 -3.412889294867E-031  2.928974184071E-031
  8.979869827958E+001  4.107345216018E-032 -3.532025645525E-032  3.035512300170E-032
  9.256079651532E+001  3.813458281769E-033 -3.283720424381E-033  2.826022116907E-033
  9.545135572765E+001  3.159580241688E-034 -2.724260829605E-034  2.347718216196E-034
  9.847846711487E+001  2.319330913579E-035 -2.002358869616E-035  1.727881692785E-035
  1.016508690915E+002  1.496712369880E-036 -1.293794844426E-036  1.117890940461E-036
  1.049780104220E+002  8.419768748873E-038 -7.287242942455E-038  6.304440520765E-038
  1.084701206579E+002  4.091562680603E-039 -3.545493011186E-039  3.071119987387E-039
  1.121382888606E+002  1.700642881873E-040 -1.475412254869E-040  1.279552639623E-040
  1.159945517414E+002  5.981525068825E-042 -5.195336556115E-042  4.510981555904E-042
  1.200519925308E+002  1.759622882846E-043 -1.530071354464E-043  1.330055654353E-043
  1.243248520934E+002  4.274850738911E-045 -3.721279981290E-045  3.238467932305E-045
  1.288286540551E+002  8.458688267225E-047 -7.371279122942E-047  6.421962732633E-047
  1.335803459987E+002  1.342765585945E-048 -1.171379910985E-048  1.021619302788E-048
  1.385984591287E+002  1.682024300267E-050 -1.468848490418E-050  1.282400300732E-050
  1.439032892205E+002  1.632803933347E-052 -1.427300815011E-052  1.247402129558E-052
  1.495171021587E+002  1.204136047504E-054 -1.053618738887E-054  9.217391621853E-055
  1.554643679592E+002  6.600413679966E-057 -5.780899002768E-057  5.062242077530E-057
  1.617720278763E+002  2.625280247858E-059 -2.301474516636E-059  2.017280135506E-059
  1.684698000514E+002  7.378459341694E-062 -6.474296168793E-062  5.680084636242E-062
  1.755905301928E+002  1.422994659496E-064 -1.249731573975E-064  1.097415329799E-064
  1.831705950299E+002  1.822968527206E-067 -1.602395007482E-067  1.408334672160E-067
  1.912503678195E+002  1.496345665548E-070 -1.316405657186E-070  1.157972226602E-070
  1.998747570544E+002  7.560290873269E-074 -6.656627908507E-074  5.860370009735E-074
  2.090938318328E+002  2.248387746949E-077 -1.981233352929E-077  1.745657757279E-077
  2.189635501945E+002  3.743817093133E-081 -3.301554491016E-081  2.911287826673E-081
  2.295466102647E+002  3.300158054781E-085 -2.912519868962E-085  2.570214555587E-085
  2.409134484547E+002  1.446075446158E-089 -1.277163213491E-089  1.127902109202E-089
  2.531434144886E+002  2.934129377782E-094 -2.593266074148E-094  2.291856604726E-094
  2.663261599835E+002  2.544441379974E-099 -2.250421188914E-099  1.990262968437E-099
  2.805632861191E+002  8.611514087539E-105 -7.621591600136E-105  6.745119650995E-105
  2.959703071532E+002  1.025846202623E-110 -9.085201342397E-111  8.045758815091E-111
  3.126790009236E+002  3.823150199883E-117 -3.388061105180E-117  3.002364327479E-117
  3.308402360200E+002  3.894907434114E-124 -3.453791343099E-124  3.062522474791E-124
  3.506273893903E+002  9.288821190371E-132 -8.241765005176E-132  7.312499728340E-132
  3.722404996260E+002  4.336091192034E-140 -3.849553525283E-140  3.417511213916E-140
  3.959113426415E+002  3.220023689123E-149 -2.860323056147E-149  2.540739902731E-149
  4.219096715122E+002  2.988314770953E-159 -2.655939819040E-159  2.360481236349E-159
  4.505509359373E+002  2.613467577499E-170 -2.324003322320E-170  2.066559956007E-170
  4.822058963204E+002  1.545760924421E-182 -1.375249915608E-182  1.223527261622E-182
  5.173126831536E+002  4.177502206631E-196 -3.718498941484E-196  3.309880619675E-196
  5.563920392209E+002  3.236908134714E-211 -2.882604609116E-211  2.567050088832E-211
  6.000667421536E+002  4.118077241382E-228 -3.668977370126E-228  3.268819321641E-228
  6.490865708786E+002  4.396731485146E-247 -3.918938956904E-247  3.493036150412E-247
  7.043607010442E+002  1.745686790457E-268 -1.556628982445E-268  1.388035368297E-268
  7.670001674974E+002  9.532886402297E-293 -8.503852256200E-293  7.585848455690E-293
  8.383741345464E+002  0.000000000000E+000  0.000000000000E+000  0.000000000000E+000
  9.201853543213E+002  0.000000000000E+000  0.000000000000E+000  0.000000000000E+000
  1.014572672318E+003  0.000000000000E+000  0.000000000000E+000  0.000000000000E+000
  1.124252254996E+003  0.000000000000E+000  0.000000000000E+000  0.000000000000E+000
  1.252715205428E+003  0.000000000000E+000  0.000000000000E+000  0.000000000000E+000
  1.404508845568E+003  0.000000000000E+000  0.000000000000E+000  0.000000000000E+000
  1.585644739908E+003  0.000000000000E+000  0.000000000000E+000  0.000000000000E+000
  1.804203189488E+003  0.000000000000E+000  0.000000000000E+000  0.000000000000E+000
  2.071250249814E+003  0.000000000000E+000  0.000000000000E+000  0.000000000000E+000
  2.402266552340E+003  0.000000000000E+000  0.000000000000E+000  0.000000000000E+000
  2.819442449497E+003  0.000000000000E+000  0.000000000000E+000  0.000000000000E+000
  3.355496240167E+003  0.000000000000E+000  0.000000000000E+000  0.000000000000E+000
  4.060290442982E+003  0.000000000000E+000  0.000000000000E+000  0.000000000000E+000
  5.012860622227E+003  0.000000000000E+000  0.000000000000E+000  0.000000000000E+000
  6.344578802016E+003  0.000000000000E+000  0.000000000000E+000  0.000000000000E+000
  8.287000878586E+003  0.000000000000E+000  0.000000000000E+000  0.000000000000E+000
  1.127976970933E+004  0.000000000000E+000  0.000000000000E+000  0.000000000000E+000
  1.624316171036E+004  0.000000000000E+000  0.000000000000E+000  0.000000000000E+000
  2.538031516868E+004  0.000000000000E+000  0.000000000000E+000  0.000000000000E+000
  4.512107881524E+004  0.000000000000E+000  0.000000000000E+000  0.000000000000E+000
  1.015232606647E+005  0.000000000000E+000  0.000000000000E+000  0.000000000000E+000
  4.060950426526E+005  0.000000000000E+000  0.000000000000E+000  0.000000000000E+000
